chr	start	end	num_snp	k	local_h2g	var
1	10583	1892606	158	24	0.0001786340	0.000000011374
1	1892607	3582735	814	40	0.0004164805	0.000000039661
1	3582736	4380810	558	40	0.0001844619	0.000000027595
1	4380811	5913892	1879	40	0.0000738749	0.000000032164
1	5913893	7247334	741	40	0.0002569174	0.000000034600
1	7247335	9365198	1266	40	0.0003645496	0.000000038524
1	9365199	10806983	540	40	0.0002850842	0.000000027257
1	10806984	11777840	400	40	0.0002123341	0.000000023393
1	11777841	12779465	450	40	0.0001218517	0.000000023694
1	12779466	14891510	1207	40	0.0000908351	0.000000032535
1	14891511	16897729	1127	40	0.0001245235	0.000000033273
1	16897730	18662898	1167	40	0.0002163222	0.000000035281
1	18662899	20469148	1222	40	0.0001565008	0.000000033972
1	20469149	21736587	808	40	0.0002499916	0.000000034512
1	21736588	23086882	945	40	0.0001725404	0.000000034323
1	23086883	23920589	349	33	0.0000427400	0.000000014446
1	23920590	25516844	898	40	0.0000671175	0.000000032017
1	25516845	27401866	660	40	0.0000145807	0.000000021783
1	27401867	30161880	956	40	0.0000122398	0.000000030816
1	30161881	32438684	1893	40	0.0000994611	0.000000032724
1	32438685	34799757	1167	40	0.0001274296	0.000000033336
1	34799758	37549182	976	40	0.0000148118	0.000000030872
1	37549183	38731846	609	40	0.0001987720	0.000000028094
1	38731847	40200566	749	40	0.0003310437	0.000000036849
1	40200567	41975326	1020	40	0.0001555643	0.000000033952
1	41975327	43758456	1088	40	0.0001865426	0.000000034630
1	43758457	44969182	620	40	0.0004486271	0.000000029964
1	44969183	46899500	806	40	0.0001210350	0.000000022568
1	46899501	48002575	520	40	0.0001358231	0.000000018726
1	48002576	48978187	560	40	0.0000509794	0.000000022887
1	48978188	49894176	460	37	0.0000312040	0.000000015836
1	49894177	51713725	486	30	0.0000851168	0.000000014218
1	51713726	54226261	979	40	0.0001894677	0.000000034694
1	54226262	56413116	1444	40	0.0001371053	0.000000033548
1	56413117	57021727	521	36	0.0001071127	0.000000017551
1	57021728	58865398	1548	40	0.0001811208	0.000000034511
1	58865399	59890408	771	40	0.0003925934	0.000000031521
1	59890409	61922364	1210	40	0.0002152440	0.000000035258
1	61922365	63455088	961	40	0.0001706081	0.000000034281
1	63455089	65041703	1330	40	-0.0000609366	0.000000029215
1	65041704	66939403	1341	40	0.0003772855	0.000000038803
1	66939404	68477894	1346	40	0.0002469431	0.000000035951
1	68477895	69687615	760	40	0.0000689424	0.000000025010
1	69687616	71372469	1107	40	0.0000705799	0.000000032092
1	71372470	71684404	176	13	0.0000920364	0.000000006264
1	71684405	74326906	1585	40	0.0003034274	0.000000035430
1	74326907	76728134	1664	40	0.0003713450	0.000000038673
1	76728135	79661197	1969	40	0.0000738752	0.000000032164
1	79661198	81354190	1201	40	0.0001057841	0.000000032298
1	81354191	83991747	2181	40	0.0002110703	0.000000035166
1	83991748	84844494	569	40	0.0002118681	0.000000020567
1	84844495	86454750	1285	40	0.0000719900	0.000000032123
1	86454751	88128630	1134	40	0.0001620317	0.000000034093
1	88128631	90066302	1009	40	0.0000964430	0.000000032658
1	90066303	91886316	1052	40	0.0002341402	0.000000035671
1	91886317	93536458	1049	40	0.0000545986	0.000000028114
1	93536459	94506190	528	31	0.0000485467	0.000000013543
1	94506191	96150892	1110	40	0.0000733861	0.000000032091
1	96150893	97885248	1133	40	0.0004213492	0.000000038385
1	97885249	99800603	1278	40	0.0004338092	0.000000040040
1	99800604	100826404	657	40	0.0001529040	0.000000020197
1	100826405	102041015	884	40	-0.0000158798	0.000000025017
1	102041016	102898744	683	40	0.0003819699	0.000000024703
1	102898745	103914210	603	31	-0.0000190952	0.000000011041
1	103914211	106087841	1242	40	0.0001800438	0.000000034487
1	106087842	108409664	1653	40	0.0002273647	0.000000035523
1	108409665	110303930	1047	40	0.0000458644	0.000000031551
1	110303931	111741736	971	40	0.0000767812	0.000000032228
1	111741737	113273305	1316	40	0.0001412683	0.000000033639
1	113273306	114873844	889	40	0.0000650728	0.000000031972
1	114873845	115880592	590	40	0.0000342477	0.000000019384
1	115880593	118839066	1630	40	0.0000041367	0.000000030638
1	118839067	144977493	1175	40	0.0000702606	0.000000032085
1	144977494	148361252	783	40	0.0004595529	0.000000035220
1	148361253	151538880	552	37	0.0004867952	0.000000027479
1	151538881	153180828	973	40	0.0000884884	0.000000025127
1	153180829	154770402	768	40	0.0002764961	0.000000032965
1	154770403	156336132	466	40	0.0001390626	0.000000022224
1	156336133	158027411	1170	40	0.0000680548	0.000000032037
1	158027412	159913047	1309	40	0.0000852628	0.000000032414
1	159913048	162346720	1565	40	0.0002244228	0.000000035458
1	162346721	165191701	2410	40	0.0002157787	0.000000035269
1	165191702	166460516	1001	40	0.0008973427	0.000000050182
1	166460517	169086323	1991	40	0.0002076637	0.000000035092
1	169086324	170557775	1366	40	0.0001319059	0.000000031866
1	170557776	173097906	1674	40	0.0000690682	0.000000032059
1	173097907	175089767	728	40	0.0001773829	0.000000019815
1	175089768	177433380	1534	40	0.0002048875	0.000000035031
1	177433381	178944308	906	40	0.0004284565	0.000000035226
1	178944309	178954469	3	1	-0.0000022485	0.000000000128
1	178954470	181144120	1489	40	0.0002969834	0.000000037046
1	181144121	182755355	1075	40	0.0000964346	0.000000032658
1	182755356	184595512	1284	40	0.0002011331	0.000000034949
1	184595513	186810022	877	40	0.0001093921	0.000000027941
1	186810023	188759944	1491	40	0.0003540260	0.000000038294
1	188759945	189904129	614	26	-0.0000472200	0.000000010248
1	189904130	191868929	1505	40	0.0003350230	0.000000035307
1	191868930	194107441	1327	40	0.0001601680	0.000000034052
1	194107442	196176200	1594	40	0.0001572878	0.000000033989
1	196176201	197311513	496	23	-0.0000002936	0.000000010907
1	197311514	199239883	1023	40	0.0001142912	0.000000031669
1	199239884	200137648	629	40	0.0003146632	0.000000025073
1	200137649	201589974	1241	40	0.0001224963	0.000000033228
1	201589975	203334733	1041	40	0.0001590670	0.000000034028
1	203334734	204681067	823	40	0.0001613748	0.000000034079
1	204681068	206073264	1049	40	0.0002682186	0.000000036417
1	206073265	208410363	1156	40	0.0000927241	0.000000032577
1	208410364	210787749	1718	40	0.0000331316	0.000000031273
1	210787750	212842329	1275	40	-0.0000382137	0.000000029712
1	212842330	214578265	1095	40	0.0001270102	0.000000033327
1	214578266	216243633	1266	40	0.0000920453	0.000000032562
1	216243634	218705512	2297	40	0.0000945847	0.000000032617
1	218705513	219590570	644	40	0.0002254688	0.000000023004
1	219590571	221858230	1502	40	0.0000807752	0.000000032315
1	221858231	222230219	335	26	0.0000602614	0.000000013435
1	222230220	224938519	919	40	0.0000861848	0.000000031242
1	224938520	226810859	909	40	0.0001555347	0.000000033951
1	226810860	229156247	1403	40	0.0002357288	0.000000035706
1	229156248	230685254	874	40	0.0000675851	0.000000032027
1	230685255	232090251	1043	40	0.0001512777	0.000000033858
1	232090252	233429283	1121	40	0.0000708920	0.000000032099
1	233429284	234599433	1019	40	0.0000691451	0.000000032061
1	234599434	235819435	720	40	0.0001174866	0.000000032303
1	235819436	237555627	1356	40	0.0000354927	0.000000031325
1	237555628	238567806	868	40	0.0001693293	0.000000034253
1	238567807	239925313	1098	40	0.0002012540	0.000000034951
1	239925314	240564090	652	40	0.0000776570	0.000000025076
1	240564091	241582219	936	40	0.0001501811	0.000000033834
1	241582220	242071601	381	40	0.0001688595	0.000000018410
1	242071602	244109498	1142	40	0.0002802172	0.000000036679
1	244109499	245506745	920	40	0.0001017109	0.000000032773
1	245506746	247344517	1374	40	0.0001014651	0.000000032768
1	247344518	249239465	837	40	0.0001682787	0.000000032662
2	10133	1781021	1335	40	0.0004770292	0.000000040985
2	1781022	3973778	1819	40	0.0001769607	0.000000034420
2	3973779	5708336	1409	40	0.0001182678	0.000000033136
2	5708337	6836253	1268	40	0.0001265976	0.000000033318
2	6836254	8422146	1340	40	0.0003000236	0.000000037113
2	8422147	10298468	1327	40	-0.0000045212	0.000000030449
2	10298469	12419149	1848	40	0.0000674399	0.000000032024
2	12419150	14335307	1568	40	0.0002100038	0.000000035143
2	14335308	16329734	1752	40	0.0003924233	0.000000039134
2	16329735	18647422	1843	40	0.0003192271	0.000000037533
2	18647423	19692403	798	40	-0.0000226502	0.000000024621
2	19692404	21050489	1281	40	0.0000536644	0.000000031722
2	21050490	23341382	1379	40	0.0000705331	0.000000032091
2	23341383	24686917	853	40	0.0002666117	0.000000032250
2	24686918	26894984	1039	40	0.0003720002	0.000000038687
2	26894985	28598776	715	40	0.0002647257	0.000000027862
2	28598777	29217558	464	39	0.0002593452	0.000000023069
2	29217559	30463710	1185	40	0.0001790399	0.000000034465
2	30463711	31550449	1142	40	0.0001580858	0.000000034007
2	31550450	33363776	801	40	0.0001178510	0.000000033127
2	33363777	35345027	1759	40	0.0001048246	0.000000032842
2	35345028	36122005	846	40	0.0001606683	0.000000025714
2	36122006	38132711	1867	40	0.0000698265	0.000000032076
2	38132712	39031336	612	40	0.0001313032	0.000000029541
2	39031337	40281482	619	40	0.0001067900	0.000000025527
2	40281483	43309589	2780	40	0.0001598909	0.000000034046
2	43309590	44313802	838	40	0.0001849655	0.000000034595
2	44313803	46482633	1945	40	0.0001757918	0.000000034394
2	46482634	47318771	775	40	0.0001039046	0.000000032759
2	47318772	48213000	518	40	0.0001404604	0.000000029554
2	48213001	50022256	1510	40	0.0003067601	0.000000037260
2	50022257	50818927	813	40	0.0001695458	0.000000026650
2	50818928	52491132	1648	40	0.0002460127	0.000000035931
2	52491133	53508451	1101	40	0.0001260435	0.000000033117
2	53508452	54685225	870	40	0.0001156450	0.000000033078
2	54685226	56203344	1211	40	0.0000640853	0.000000031950
2	56203345	57429099	958	40	0.0007797385	0.000000045031
2	57429100	58297314	651	38	-0.0000039034	0.000000018920
2	58297315	60291999	1320	40	0.0003178808	0.000000037503
2	60292000	62429043	1029	40	0.0003444340	0.000000038084
2	62429044	64625912	1113	40	0.0002040930	0.000000035014
2	64625913	65933443	880	40	0.0003502243	0.000000038211
2	65933444	67226165	1151	40	0.0001552017	0.000000033944
2	67226166	68010175	929	40	0.0003020972	0.000000033462
2	68010176	69139563	1020	40	0.0001344638	0.000000032988
2	69139564	70755197	963	40	0.0002217924	0.000000035401
2	70755198	73174847	1778	40	0.0000346985	0.000000031307
2	73174848	75630085	1442	40	0.0001174402	0.000000033118
2	75630086	76913660	1070	40	0.0000927986	0.000000032578
2	76913661	78079263	916	40	0.0002359418	0.000000035710
2	78079264	80050402	2002	40	0.0001074528	0.000000032899
2	80050403	81620840	1127	40	0.0002938944	0.000000036978
2	81620841	85140679	2388	40	0.0003833452	0.000000038936
2	85140680	88038506	1207	40	0.0002165790	0.000000035287
2	88038507	89154525	439	39	0.0000883137	0.000000016290
2	89154526	95326451	46	5	-0.0000042385	0.000000001976
2	95326452	98995200	848	40	0.0002000989	0.000000032044
2	98995201	101822328	1896	40	0.0003240794	0.000000037639
2	101822329	102688764	599	39	0.0002481472	0.000000022091
2	102688765	103588214	952	40	0.0001148714	0.000000022126
2	103588215	105125033	781	40	0.0001190490	0.000000023941
2	105125034	106210057	844	40	0.0002166308	0.000000031157
2	106210058	107408266	937	40	0.0002468878	0.000000034632
2	107408267	108429176	923	40	0.0002589008	0.000000025638
2	108429177	110572431	1129	40	0.0001804170	0.000000034496
2	110572432	113921855	1404	40	0.0001044419	0.000000032833
2	113921856	116772469	1664	40	0.0000033341	0.000000030621
2	116772470	118367465	1017	40	0.0001664613	0.000000025840
2	118367466	121303782	2023	40	0.0002310962	0.000000035604
2	121303783	123302905	1221	40	0.0003933663	0.000000039155
2	123302906	124732249	1172	40	0.0002573854	0.000000029312
2	124732250	125840920	877	40	0.0002095049	0.000000029135
2	125840921	127373763	1064	40	0.0002548977	0.000000026968
2	127373764	128034346	600	40	0.0001375154	0.000000023297
2	128034347	129474440	838	40	0.0000233414	0.000000026932
2	129474441	130067169	459	35	0.0000626074	0.000000014152
2	130067170	130658084	456	33	0.0000929219	0.000000015176
2	130658085	133042783	506	40	0.0000623739	0.000000020428
2	133042784	135158577	1734	40	0.0000237372	0.000000031067
2	135158578	137042793	842	40	0.0001817969	0.000000026794
2	137042794	138698116	1217	40	0.0002668712	0.000000036387
2	138698117	140100270	1013	40	0.0000497679	0.000000023972
2	140100271	141805350	1383	40	0.0000469356	0.000000031575
2	141805351	142518601	710	40	0.0003629844	0.000000027910
2	142518602	144519483	1480	40	0.0001814675	0.000000034519
2	144519484	146445569	860	40	0.0002596644	0.000000032722
2	146445570	147277161	376	24	0.0001919326	0.000000014791
2	147277162	150210291	1477	40	0.0002747588	0.000000036560
2	150210292	151731461	1038	40	0.0002760928	0.000000036526
2	151731462	152486781	575	38	0.0001640191	0.000000019646
2	152486782	154005055	1014	40	0.0000865956	0.000000031000
2	154005056	155391134	1134	40	0.0001499036	0.000000033828
2	155391135	157560634	1213	40	0.0007014364	0.000000045896
2	157560635	158533217	348	33	0.0002461094	0.000000018695
2	158533218	159577081	706	40	0.0001840949	0.000000025670
2	159577082	161769732	1361	40	0.0002128221	0.000000035205
2	161769733	163503550	705	40	0.0001817762	0.000000022910
2	163503551	164466637	522	38	0.0002436175	0.000000020344
2	164466638	165178839	412	30	0.0001152368	0.000000015844
2	165178840	167160269	1347	40	0.0001078117	0.000000032907
2	167160270	167355969	170	13	-0.0000132251	0.000000004571
2	167355970	169968235	1616	40	0.0002945632	0.000000036993
2	169968236	171226244	969	40	0.0001219744	0.000000033217
2	171226245	173138904	1009	40	0.0002482429	0.000000035980
2	173138905	175588928	1617	40	0.0002097237	0.000000035137
2	175588929	177363635	979	40	0.0002802581	0.000000036680
2	177363636	178553182	1034	40	0.0001143174	0.000000029357
2	178553183	181312738	2187	40	0.0000050435	0.000000030658
2	181312739	182266030	690	40	0.0001642347	0.000000021423
2	182266031	184357607	1294	40	0.0001904445	0.000000034715
2	184357608	185280172	611	37	0.0001142724	0.000000017586
2	185280173	189882064	2470	40	0.0001606674	0.000000034063
2	189882065	191973356	1054	40	0.0001839114	0.000000031565
2	191973357	195861163	1689	40	0.0000583180	0.000000031824
2	195861164	196447455	336	27	0.0001719663	0.000000013512
2	196447456	198078109	881	40	0.0002135600	0.000000026436
2	198078110	199311124	598	32	0.0000703506	0.000000016202
2	199311125	201576283	1234	40	0.0010924716	0.000000054451
2	201576284	202818636	513	40	0.0000229401	0.000000019628
2	202818637	205799240	1344	40	0.0002638211	0.000000036320
2	205799241	206735703	663	40	0.0000901198	0.000000031829
2	206735704	208645398	1169	40	0.0001071857	0.000000032893
2	208645399	209941528	719	40	0.0004066867	0.000000031457
2	209941529	212379517	1671	40	0.0001511426	0.000000033855
2	212379518	214014281	1440	40	0.0001973125	0.000000034865
2	214014282	215573794	1040	40	0.0001385665	0.000000031323
2	215573795	217715660	1489	40	-0.0000017485	0.000000030510
2	217715661	218395479	512	40	0.0001288907	0.000000022432
2	218395480	220454550	913	40	0.0001889981	0.000000034683
2	220454551	222521175	1811	40	0.0001328499	0.000000033455
2	222521176	224859418	1663	40	0.0000175829	0.000000030933
2	224859419	225840003	731	40	0.0001233902	0.000000022619
2	225840004	228119841	1578	40	0.0002541596	0.000000036109
2	228119842	229370786	926	40	0.0002209889	0.000000031626
2	229370787	231843388	1835	40	0.0000845511	0.000000032398
2	231843389	233550002	777	40	0.0000903593	0.000000032337
2	233550003	235150986	1442	40	0.0000502515	0.000000031647
2	235150987	236043549	758	40	-0.0000827566	0.000000028737
2	236043550	237449031	883	40	0.0001660560	0.000000034181
2	237449032	238760980	1060	40	-0.0000004503	0.000000030538
2	238760981	239952642	813	40	0.0001204352	0.000000031928
2	239952643	241560083	1189	40	0.0000979788	0.000000032692
2	241560084	242149920	369	38	0.0001607796	0.000000017747
2	242149921	243188919	250	22	0.0000476050	0.000000010264
3	60157	1441778	1216	40	0.0002104917	0.000000035154
3	1441779	2992119	1667	40	0.0002053911	0.000000035042
3	2992120	4431646	1501	40	0.0001436753	0.000000033692
3	4431647	6083182	1444	40	0.0002033318	0.000000034997
3	6083183	7083386	907	40	0.0002756640	0.000000036580
3	7083387	8648560	1725	40	0.0001030393	0.000000032802
3	8648561	9543182	811	40	0.0001796089	0.000000034478
3	9543183	11019664	946	40	0.0002681537	0.000000036415
3	11019665	13070798	1301	40	0.0001389659	0.000000033589
3	13070799	14816899	1416	40	0.0000937626	0.000000032600
3	14816900	16282441	987	40	-0.0000014138	0.000000030517
3	16282442	17891117	1026	40	0.0001216834	0.000000033210
3	17891118	19125143	756	40	0.0001927712	0.000000026539
3	19125144	20091347	332	30	0.0001001908	0.000000015092
3	20091348	21643706	1310	40	0.0002474195	0.000000035962
3	21643707	22204243	880	40	0.0001534129	0.000000033842
3	22204244	23804864	1138	40	0.0000320604	0.000000031249
3	23804865	25461557	1408	40	0.0004830077	0.000000041116
3	25461558	26877768	970	40	0.0001704899	0.000000034278
3	26877769	27840909	649	40	0.0001139306	0.000000022474
3	27840910	29142259	920	40	0.0001803418	0.000000034494
3	29142260	30717954	1343	40	0.0000211430	0.000000031011
3	30717955	32351714	1255	40	0.0001251054	0.000000033285
3	32351715	33255591	461	40	0.0000849478	0.000000023073
3	33255592	35283457	1222	40	0.0000580991	0.000000031756
3	35283458	36486841	873	40	0.0000963443	0.000000028403
3	36486842	38356115	1037	40	0.0000847646	0.000000032403
3	38356116	40221297	1279	40	0.0001924178	0.000000034758
3	40221298	41064527	305	23	0.0001000034	0.000000012368
3	41064528	42540001	978	40	0.0000613169	0.000000030573
3	42540002	45165152	1268	40	0.0001423674	0.000000033663
3	45165153	46657499	1007	40	0.0000754844	0.000000032200
3	46657500	47727211	305	21	0.0001157722	0.000000012048
3	47727212	49316971	359	17	0.0004742500	0.000000018406
3	49316972	51832014	660	27	0.0006106930	0.000000026214
3	51832015	54081389	1002	40	0.0001724460	0.000000034321
3	54081390	55348859	1121	40	0.0000902445	0.000000032523
3	55348860	56433906	716	40	0.0001370239	0.000000027737
3	56433907	58157518	957	40	0.0000282143	0.000000031165
3	58157519	60272905	1785	40	0.0001442793	0.000000033705
3	60272906	62355665	1775	40	0.0000535444	0.000000031720
3	62355666	63669285	1275	40	0.0000553524	0.000000031759
3	63669286	65273537	1327	40	0.0000729035	0.000000032143
3	65273538	66270446	590	40	0.0001218853	0.000000031397
3	66270447	68286913	1350	40	0.0000399369	0.000000031422
3	68286914	69276761	695	40	0.0001752258	0.000000030813
3	69276762	70449027	836	40	0.0000741461	0.000000030853
3	70449028	72529328	1406	40	0.0002163321	0.000000035281
3	72529329	74321816	1449	40	0.0000760678	0.000000032212
3	74321817	75704948	595	40	0.0002668073	0.000000025134
3	75704949	77508834	1115	40	0.0000614105	0.000000031892
3	77508835	79024540	902	40	0.0002095348	0.000000032125
3	79024541	81427309	1285	40	0.0001202613	0.000000029113
3	81427310	82643885	709	38	0.0000495157	0.000000016966
3	82643886	84367478	846	40	0.0001191142	0.000000022772
3	84367479	85582230	630	33	0.0002605905	0.000000021507
3	85582231	87409731	1256	40	0.0006625941	0.000000038972
3	87409732	88298372	505	26	0.0002023458	0.000000014355
3	88298373	94255315	1210	40	0.0003677227	0.000000035271
3	94255316	95311970	755	26	0.0001256399	0.000000016496
3	95311971	98215949	1537	40	0.0003049578	0.000000037220
3	98215950	99373761	795	40	0.0001340551	0.000000022114
3	99373762	100592216	602	36	0.0000621797	0.000000017974
3	100592217	103084959	1442	40	0.0000594364	0.000000031848
3	103084960	104581612	1160	40	0.0001355614	0.000000027395
3	104581613	106982810	1611	40	0.0001280802	0.000000033350
3	106982811	109522394	1711	40	0.0004080658	0.000000039477
3	109522395	110513769	699	36	0.0000403621	0.000000015184
3	110513770	112815698	1495	40	0.0000388830	0.000000031399
3	112815699	113947862	677	40	0.0000796266	0.000000022895
3	113947863	115447079	786	40	0.0003293701	0.000000036122
3	115447080	116800152	1047	40	0.0002941835	0.000000036985
3	116800153	118530250	1331	40	0.0008426271	0.000000048985
3	118530251	120523054	1166	40	0.0000775118	0.000000032244
3	120523055	121974096	776	40	0.0001155451	0.000000018833
3	121974097	123517767	969	40	0.0000436442	0.000000031503
3	123517768	124936641	1170	40	0.0002175003	0.000000035307
3	124936642	126214942	908	40	0.0000084280	0.000000025797
3	126214943	128194860	1248	40	0.0004390347	0.000000040154
3	128194861	130244734	778	40	0.0002139028	0.000000029044
3	130244735	131836515	1130	40	0.0002035878	0.000000032120
3	131836516	133252172	1063	40	0.0004630787	0.000000037794
3	133252173	135456905	1622	40	0.0000355545	0.000000031326
3	135456906	137371082	860	40	0.0002074909	0.000000026489
3	137371083	139954596	1609	40	0.0003405545	0.000000037999
3	139954597	141339096	841	40	0.0001988534	0.000000034585
3	141339097	143164627	1094	40	0.0000790635	0.000000032278
3	143164628	144410815	813	40	0.0001152372	0.000000026703
3	144410816	145664618	1042	40	0.0000665022	0.000000025018
3	145664619	146726628	864	40	0.0001458560	0.000000025082
3	146726629	149043236	1395	40	0.0001755233	0.000000034388
3	149043237	150252003	813	40	0.0001954160	0.000000034133
3	150252004	151348729	652	40	0.0002900982	0.000000031144
3	151348730	153256570	1262	40	0.0003311148	0.000000037793
3	153256571	154714217	970	40	0.0002614227	0.000000026741
3	154714218	156008699	688	40	0.0000464633	0.000000023282
3	156008700	157312027	918	40	0.0004259303	0.000000033801
3	157312028	159477889	1421	40	0.0002604638	0.000000036247
3	159477890	161524503	1245	40	0.0001657250	0.000000031167
3	161524504	163253204	1582	40	0.0000697483	0.000000026702
3	163253205	165055468	1174	40	0.0000620563	0.000000022142
3	165055469	167117428	1173	40	0.0000347724	0.000000026062
3	167117429	168580959	758	40	-0.0000163171	0.000000020801
3	168580960	170964908	1390	40	0.0003341218	0.000000037859
3	170964909	172295730	905	40	0.0002376093	0.000000035747
3	172295731	173477284	755	40	0.0001808763	0.000000033564
3	173477285	175116538	1313	40	0.0000487135	0.000000031614
3	175116539	176320286	819	40	0.0000882331	0.000000023947
3	176320287	178107164	1106	40	0.0001154056	0.000000033073
3	178107165	179374585	785	40	0.0001418548	0.000000027160
3	179374586	181511165	925	40	0.0003099874	0.000000035197
3	181511166	183769682	1207	40	0.0001914402	0.000000034737
3	183769683	185068254	737	40	0.0004114223	0.000000038733
3	185068255	186890343	1029	40	0.0003758184	0.000000038771
3	186890344	188856213	1488	40	0.0002355491	0.000000035702
3	188856214	190226606	1385	40	0.0002093312	0.000000035128
3	190226607	192343813	1571	40	0.0003212399	0.000000037577
3	192343814	194059670	727	40	0.0001740068	0.000000034355
3	194059671	194786673	388	40	0.0001573330	0.000000022745
3	194786674	195971407	330	40	0.0000870958	0.000000018029
3	195971408	197075986	389	40	0.0000942181	0.000000019651
3	197075987	197946621	338	37	0.0000671130	0.000000014917
4	10240	694714	198	18	0.0000288143	0.000000008474
4	694715	1478710	416	30	0.0001914744	0.000000018721
4	1478711	2842978	466	40	0.0001614520	0.000000023450
4	2842979	3846039	502	40	0.0003068826	0.000000030393
4	3846040	4684115	430	40	-0.0000138692	0.000000019439
4	4684116	5502387	693	40	0.0000647693	0.000000031965
4	5502388	6773042	1115	40	0.0001230023	0.000000033239
4	6773043	7539691	677	40	0.0001885731	0.000000034674
4	7539692	8152234	555	40	0.0001954872	0.000000032693
4	8152235	9326478	459	40	0.0000580645	0.000000022178
4	9326479	10699151	1155	40	0.0000053319	0.000000029912
4	10699152	12323033	1380	40	0.0000470030	0.000000031576
4	12323034	14272000	1630	40	0.0002241741	0.000000035453
4	14272001	15147445	728	40	0.0001564204	0.000000029031
4	15147446	15927008	494	40	0.0001578094	0.000000021651
4	15927009	17383321	1235	40	0.0000201534	0.000000030989
4	17383322	18841873	933	40	0.0000316596	0.000000028923
4	18841874	20544556	1122	40	0.0000865471	0.000000028500
4	20544557	22319346	1418	40	0.0000533946	0.000000031716
4	22319347	24135528	1264	40	0.0001401907	0.000000033615
4	24135529	25609321	1075	40	0.0001737469	0.000000034350
4	25609322	27343721	1026	40	0.0001053345	0.000000032853
4	27343722	27965867	473	40	0.0000759831	0.000000016995
4	27965868	29762207	1393	40	0.0003200724	0.000000037551
4	29762208	30454534	379	33	0.0002374472	0.000000016507
4	30454535	31782980	916	40	0.0001365540	0.000000032030
4	31782981	33172765	813	40	0.0001822134	0.000000026555
4	33172766	35151414	943	40	0.0001304781	0.000000020626
4	35151415	36020435	781	40	0.0001186067	0.000000020367
4	36020436	37255046	1054	40	0.0000263052	0.000000025629
4	37255047	38907021	1384	40	0.0000922074	0.000000032565
4	38907022	40202608	684	40	0.0001804140	0.000000027383
4	40202609	42213057	1277	40	0.0001188669	0.000000033149
4	42213058	43965044	1166	40	0.0001296089	0.000000033321
4	43965045	45189156	899	40	0.0003339177	0.000000027460
4	45189157	47411895	1121	40	0.0002713262	0.000000033289
4	47411896	48123599	469	32	0.0000489085	0.000000013490
4	48123600	53877432	901	40	0.0000830424	0.000000026868
4	53877433	55429555	1000	40	0.0000614881	0.000000031893
4	55429556	56547643	744	40	0.0000501964	0.000000025840
4	56547644	58935007	1596	40	0.0000755442	0.000000032201
4	58935008	60741086	1211	40	0.0002418890	0.000000035652
4	60741087	62371762	1062	40	0.0000788988	0.000000028957
4	62371763	64341000	1081	40	0.0000207789	0.000000030438
4	64341001	66600491	1268	40	0.0002795768	0.000000036414
4	66600492	68059496	897	40	0.0002319263	0.000000028694
4	68059497	68854764	518	40	-0.0000550166	0.000000012923
4	68854765	71049151	1185	40	0.0000699473	0.000000026893
4	71049152	72140557	505	35	0.0001462493	0.000000015489
4	72140558	74592389	1028	40	0.0000389100	0.000000027958
4	74592390	77130706	1492	40	0.0001160154	0.000000033086
4	77130707	79093978	1339	40	0.0003531590	0.000000038275
4	79093979	80990296	1187	40	0.0000008316	0.000000028874
4	80990297	82125314	500	38	0.0000557512	0.000000015641
4	82125315	83372592	737	40	0.0001722072	0.000000026646
4	83372593	84799655	899	40	0.0002422078	0.000000033715
4	84799656	86930608	1249	40	0.0001598380	0.000000034045
4	86930609	87534647	282	22	0.0000959961	0.000000009516
4	87534648	89238027	1080	40	0.0001832488	0.000000034557
4	89238028	90231563	612	40	0.0000414532	0.000000021877
4	90231564	91560676	781	40	0.0000463835	0.000000022971
4	91560677	94233298	1210	40	0.0000620839	0.000000031906
4	94233299	96182187	1285	40	0.0001768564	0.000000034418
4	96182188	97540702	1149	40	0.0001323694	0.000000033444
4	97540703	99424066	1019	40	0.0000683881	0.000000022588
4	99424067	100678359	792	40	0.0000910500	0.000000026050
4	100678360	103221355	1641	40	0.0003550259	0.000000038316
4	103221356	105305293	1080	40	0.0008404079	0.000000045167
4	105305294	107501304	1169	40	0.0004107131	0.000000039534
4	107501305	108815347	756	40	0.0000080922	0.000000020410
4	108815348	111256566	1484	40	0.0001065590	0.000000032879
4	111256567	113870101	1434	40	0.0001423168	0.000000033662
4	113870102	115666245	1145	40	0.0000646908	0.000000031963
4	115666246	117276928	890	40	0.0002923837	0.000000024035
4	117276929	118479917	1030	40	0.0000690318	0.000000024702
4	118479918	119933511	1092	40	0.0001858680	0.000000027998
4	119933512	120392683	305	19	0.0001304386	0.000000010265
4	120392684	122657986	1572	40	0.0001757489	0.000000034393
4	122657987	124286480	871	40	-0.0000186623	0.000000019826
4	124286481	125210861	510	40	0.0001009310	0.000000019431
4	125210862	126480885	847	40	0.0000599603	0.000000025867
4	126480886	127275476	566	40	0.0000874932	0.000000018038
4	127275477	127830292	420	33	0.0000300930	0.000000013262
4	127830293	128996664	447	21	0.0000918762	0.000000013639
4	128996665	130591884	919	40	0.0001284995	0.000000031228
4	130591885	131283820	452	31	0.0001220508	0.000000016174
4	131283821	132954032	931	40	0.0002564426	0.000000031217
4	132954033	134628433	1136	40	0.0000440464	0.000000025147
4	134628434	136566406	1157	40	0.0000744014	0.000000028110
4	136566407	138541970	1265	40	-0.0000070375	0.000000030394
4	138541971	139556510	721	40	0.0001572688	0.000000027187
4	139556511	141084630	827	40	0.0001945587	0.000000034805
4	141084631	143443264	1487	40	0.0000815306	0.000000032332
4	143443265	146178186	1175	40	0.0002465110	0.000000033684
4	146178187	148521872	1196	40	0.0000798949	0.000000032296
4	148521873	150683579	1135	40	0.0003030280	0.000000037178
4	150683580	152782183	920	40	0.0001886162	0.000000027004
4	152782184	154477640	847	40	0.0003260649	0.000000037682
4	154477641	155056125	396	37	0.0000822710	0.000000016340
4	155056126	157485096	1648	40	0.0000762604	0.000000032217
4	157485097	158743717	670	40	0.0000264231	0.000000021241
4	158743718	161058863	1103	40	0.0004210345	0.000000038253
4	161058864	161826434	600	40	0.0000805658	0.000000021131
4	161826435	163243678	1049	40	0.0001820844	0.000000032838
4	163243679	164478233	750	40	0.0000694960	0.000000023970
4	164478234	165823447	958	40	0.0001339400	0.000000033479
4	165823448	167018857	720	40	0.0001219820	0.000000030461
4	167018858	167852916	498	34	0.0000550634	0.000000014412
4	167852917	169676824	1211	40	0.0002749469	0.000000036564
4	169676825	170776509	535	40	0.0000735343	0.000000019813
4	170776510	172558634	1036	40	0.0001169567	0.000000030601
4	172558635	174264131	921	40	0.0000575726	0.000000027058
4	174264132	176570715	1349	40	0.0000896477	0.000000032509
4	176570716	178991909	1735	40	0.0001076873	0.000000032904
4	178991910	180122042	769	40	0.0000227105	0.000000026607
4	180122043	182066806	1669	40	0.0001305046	0.000000033403
4	182066807	183371274	1310	40	0.0001376197	0.000000033559
4	183371275	184929454	1018	40	0.0000344498	0.000000031302
4	184929455	186909089	1470	40	0.0000486207	0.000000031612
4	186909090	188472980	1103	40	0.0000648886	0.000000031968
4	188472981	189693510	802	40	0.0001136725	0.000000033035
4	189693511	191043593	638	40	0.0000872095	0.000000027768
5	11940	982251	434	36	0.0001187427	0.000000018964
5	982252	2132441	856	40	0.0001366703	0.000000033538
5	2132442	3361940	1614	40	-0.0000184696	0.000000030144
5	3361941	4632109	1107	40	-0.0000081542	0.000000030370
5	4632110	5973232	1460	40	0.0000299705	0.000000031204
5	5973233	7143217	1146	40	0.0001797169	0.000000034480
5	7143218	8446335	1230	40	0.0001819922	0.000000034530
5	8446336	9718831	1292	40	0.0001246244	0.000000033275
5	9718832	11173270	1384	40	0.0001839674	0.000000034573
5	11173271	13464831	1173	40	0.0002475598	0.000000035965
5	13464832	14757803	1111	40	0.0000750529	0.000000032190
5	14757804	16963612	1394	40	0.0001512580	0.000000033858
5	16963613	18051591	559	40	0.0000233278	0.000000022653
5	18051592	19917715	1317	40	0.0000435466	0.000000031501
5	19917716	22152072	1071	40	0.0001440803	0.000000029945
5	22152073	23494323	931	40	0.0001912768	0.000000029047
5	23494324	26184850	1815	40	0.0002272431	0.000000035520
5	26184851	26857603	421	33	0.0000199273	0.000000012556
5	26857604	27984512	584	40	0.0001730008	0.000000021308
5	27984513	29714819	1199	40	0.0001732755	0.000000031707
5	29714820	31390248	1399	40	0.0000571606	0.000000031799
5	31390249	33500179	1379	40	0.0000625225	0.000000031916
5	33500180	35048969	1017	40	0.0001681701	0.000000034228
5	35048970	36433953	1008	40	0.0001657437	0.000000031730
5	36433954	38802409	1519	40	0.0001939590	0.000000034792
5	38802410	40287728	1140	40	0.0001230263	0.000000030733
5	40287729	41888709	1255	40	0.0001625883	0.000000028731
5	41888710	43983498	916	40	0.0005023064	0.000000031814
5	43983499	50163397	973	40	0.0000800254	0.000000022350
5	50163398	52134621	1351	40	0.0001255833	0.000000033233
5	52134622	53703043	1311	40	0.0003825339	0.000000038918
5	53703044	55417348	1144	40	0.0000175146	0.000000030931
5	55417349	56621101	985	40	0.0001384549	0.000000033577
5	56621102	57340072	589	40	0.0000939806	0.000000018424
5	57340073	58524621	1161	40	0.0001396233	0.000000033603
5	58524622	60935906	1441	40	0.0002881270	0.000000036852
5	60935907	61672994	532	35	0.0003613389	0.000000022910
5	61672995	63218986	1050	40	0.0002375314	0.000000030120
5	63218987	63968303	357	26	0.0000378389	0.000000011135
5	63968304	65911285	1237	40	0.0000669874	0.000000032014
5	65911286	67850859	1499	40	0.0002768058	0.000000036605
5	67850860	71240455	873	40	0.0001044588	0.000000029828
5	71240456	73759325	1816	40	0.0000455350	0.000000031544
5	73759326	75798865	1298	40	0.0002016561	0.000000034960
5	75798866	77623331	1320	40	0.0002319980	0.000000035624
5	77623332	79393143	1166	40	0.0001180111	0.000000033130
5	79393144	80481470	860	40	0.0001249199	0.000000033030
5	80481471	82025647	893	40	0.0002401733	0.000000035740
5	82025648	83972688	1043	40	0.0002737472	0.000000036475
5	83972689	85767289	1398	40	0.0001710477	0.000000034228
5	85767290	87389990	641	40	0.0002173334	0.000000024300
5	87389991	88891529	588	40	0.0002069882	0.000000021438
5	88891530	90422653	863	40	0.0002443889	0.000000030767
5	90422654	91840541	650	40	0.0001902832	0.000000022789
5	91840542	93809983	789	40	0.0002243210	0.000000029272
5	93809984	95963518	1317	40	0.0003614710	0.000000038457
5	95963519	97315600	935	40	-0.0000066218	0.000000022370
5	97315601	99260991	1144	40	0.0002228385	0.000000034419
5	99260992	101578768	1317	40	0.0000695364	0.000000032069
5	101578769	103320004	1070	40	0.0000912032	0.000000031540
5	103320005	104851482	1042	40	0.0000999294	0.000000028419
5	104851483	105893054	401	28	0.0001126488	0.000000017977
5	105893055	107264195	1168	40	0.0002727377	0.000000036516
5	107264196	108633933	901	40	0.0001625664	0.000000030038
5	108633934	110821143	1489	40	0.0002491419	0.000000035999
5	110821144	111981561	868	40	0.0003444101	0.000000037392
5	111981562	113396284	1177	40	0.0001769789	0.000000034420
5	113396285	114830369	1103	40	0.0000305337	0.000000031216
5	114830370	115831046	893	40	0.0000388453	0.000000029205
5	115831047	117346212	1338	40	0.0000502281	0.000000031647
5	117346213	118608819	809	40	0.0002266058	0.000000034502
5	118608820	119669041	713	40	0.0000215101	0.000000024531
5	119669042	120452165	570	37	0.0001361829	0.000000020689
5	120452166	122556904	1418	40	0.0001381692	0.000000033571
5	122556905	123798099	998	40	0.0002448729	0.000000035906
5	123798100	125785648	1850	40	-0.0000326688	0.000000029833
5	125785649	127344603	824	40	0.0001533927	0.000000030710
5	127344604	129519024	1552	40	0.0001176669	0.000000033123
5	129519025	132139648	1135	40	0.0002383698	0.000000030760
5	132139649	134777400	1536	40	0.0006812242	0.000000045453
5	134777401	136376049	1214	40	0.0001328986	0.000000033456
5	136376050	139265071	1229	40	0.0004947222	0.000000041373
5	139265072	140645970	590	38	0.0002798280	0.000000022537
5	140645971	142981247	1545	40	0.0002965223	0.000000037036
5	142981248	144943353	1434	40	0.0001232021	0.000000033244
5	144943354	147181997	1510	40	0.0002196088	0.000000035353
5	147181998	148662623	1173	40	0.0001185318	0.000000033141
5	148662624	150561297	1457	40	0.0001243030	0.000000033268
5	150561298	152867773	1817	40	0.0001791861	0.000000034406
5	152867774	153773087	950	40	0.0002503426	0.000000027610
5	153773088	155373504	1188	40	0.0000638450	0.000000031945
5	155373505	156628699	781	40	0.0001849937	0.000000027235
5	156628700	158825697	1764	40	0.0003268909	0.000000037700
5	158825698	159973943	722	40	0.0001129312	0.000000031326
5	159973944	161482132	1099	40	0.0000608419	0.000000029874
5	161482133	162743907	876	40	0.0001042859	0.000000027954
5	162743908	163771581	851	40	0.0000279245	0.000000027780
5	163771582	165642394	1208	40	0.0003196997	0.000000037543
5	165642395	166847739	879	40	0.0002768596	0.000000036606
5	166847740	168525317	1309	40	0.0005207287	0.000000041942
5	168525318	169505663	879	40	0.0003021436	0.000000037159
5	169505664	171074291	1224	40	0.0000694593	0.000000032068
5	171074292	172678326	1141	40	0.0000646030	0.000000031961
5	172678327	173642870	944	40	0.0001386128	0.000000033581
5	173642871	175450594	1517	40	0.0000775416	0.000000032245
5	175450595	177251506	534	40	0.0001071771	0.000000023558
5	177251507	178413463	792	40	0.0000759001	0.000000032209
5	178413464	179401243	627	40	0.0001802901	0.000000032674
5	179401244	180559932	595	40	0.0001819933	0.000000029279
5	180559933	180885155	83	12	0.0001214088	0.000000006963
6	73924	1452361	1299	40	0.0000228410	0.000000031048
6	1452362	2458935	823	40	0.0001729433	0.000000034332
6	2458936	3573592	1032	40	0.0000767155	0.000000032227
6	3573593	4617816	1096	40	0.0000600091	0.000000031861
6	4617817	5791471	1119	40	0.0002229709	0.000000035427
6	5791472	6785206	1077	40	0.0002256393	0.000000035485
6	6785207	7808935	934	40	0.0001546930	0.000000033933
6	7808936	9020025	1216	40	0.0001148192	0.000000033060
6	9020026	10540316	1321	40	0.0000187750	0.000000030959
6	10540317	11790815	1028	40	0.0000820430	0.000000032343
6	11790816	13209387	1221	40	0.0002981404	0.000000037071
6	13209388	14802923	1312	40	0.0000657237	0.000000031986
6	14802924	17386404	1907	40	0.0001116896	0.000000032992
6	17386405	19207486	1441	40	0.0002722162	0.000000036504
6	19207487	21684064	2133	40	0.0001759452	0.000000034398
6	21684065	22748306	1084	40	-0.0000263867	0.000000029971
6	22748307	23936618	1158	40	0.0000958994	0.000000032646
6	23936619	24852274	747	40	0.0001571984	0.000000033862
6	24852275	25684586	927	40	0.0000777524	0.000000029931
6	25684587	26791232	879	40	0.0002154726	0.000000024383
6	26791233	28017818	546	28	0.0003408045	0.000000020880
6	28017819	28917607	579	26	0.0002584022	0.000000016178
6	28917608	29737970	889	39	0.0002406027	0.000000022661
6	29737971	30798167	1789	40	0.0005138838	0.000000038279
6	30798168	31571217	1602	40	0.0002039036	0.000000032815
6	31571218	32682663	1157	40	0.0003537788	0.000000035279
6	32682664	33236496	1179	40	0.0001136045	0.000000029154
6	33236497	35455755	1314	40	0.0000474705	0.000000031587
6	35455756	37572595	1423	40	0.0001183048	0.000000033136
6	37572596	39295676	1528	40	0.0002210713	0.000000035385
6	39295677	40345114	812	40	0.0002866466	0.000000031504
6	40345115	42038720	1330	40	0.0003950461	0.000000039192
6	42038721	43756168	738	40	0.0003614542	0.000000037138
6	43756169	45406562	1177	40	0.0002021498	0.000000034971
6	45406563	47311897	1511	40	0.0000694323	0.000000032067
6	47311898	48391124	897	40	0.0002529690	0.000000025016
6	48391125	50386144	1447	40	0.0001422063	0.000000027851
6	50386145	52210475	1377	40	0.0001935017	0.000000034782
6	52210476	53279101	822	40	0.0000987241	0.000000028767
6	53279102	55468269	2040	40	0.0004575245	0.000000040559
6	55468270	56105312	645	29	0.0000395690	0.000000012258
6	56105313	57599464	784	40	0.0004028046	0.000000031496
6	57599465	61880511	379	14	-0.0000306471	0.000000006761
6	61880512	63552887	1065	32	0.0000829270	0.000000018855
6	63552888	65765741	1231	40	0.0003091386	0.000000033054
6	65765742	67329214	1618	40	0.0000424779	0.000000031477
6	67329215	68849482	1356	40	0.0001402048	0.000000031860
6	68849483	69523447	585	37	0.0000056878	0.000000013882
6	69523448	71609509	1715	40	0.0000996341	0.000000032728
6	71609510	73450096	1512	40	0.0002747697	0.000000036560
6	73450097	75462002	1244	40	0.0001172935	0.000000033114
6	75462003	77414880	1035	40	0.0005423529	0.000000036594
6	77414881	78957727	1360	40	0.0003490598	0.000000030385
6	78957728	80691169	1330	40	0.0001773918	0.000000034429
6	80691170	81929221	1064	38	0.0000985241	0.000000018401
6	81929222	83127148	849	40	0.0001679679	0.000000026739
6	83127149	85209988	1195	40	0.0001807955	0.000000034315
6	85209989	87069499	1397	40	0.0001652373	0.000000031157
6	87069500	88822139	1207	40	0.0001580491	0.000000033316
6	88822140	89973051	891	40	0.0001293920	0.000000031811
6	89973052	91843195	1488	40	0.0001342358	0.000000033485
6	91843196	93428643	1279	40	0.0000076536	0.000000030715
6	93428644	94118141	703	40	0.0001097194	0.000000021276
6	94118142	94441174	208	11	0.0000451720	0.000000005424
6	94441175	97093510	1938	40	0.0001503501	0.000000033838
6	97093511	97842283	555	36	0.0001650551	0.000000016444
6	97842284	100630145	1832	40	0.0007326625	0.000000046579
6	100630146	102636771	1310	40	0.0006965121	0.000000045788
6	102636772	103983394	929	40	0.0000761874	0.000000021712
6	103983395	106056732	1375	40	0.0006686639	0.000000045178
6	106056733	107450305	1200	40	0.0001321819	0.000000033440
6	107450306	108464379	616	40	0.0000416141	0.000000022127
6	108464380	110304246	1072	40	0.0003730023	0.000000037077
6	110304247	112345013	1198	40	0.0000840500	0.000000032387
6	112345014	114220832	1397	40	0.0000368613	0.000000031354
6	114220833	116131395	1149	40	0.0000429857	0.000000027175
6	116131396	117672971	1046	40	0.0001030137	0.000000028051
6	117672972	118963114	850	40	0.0001593008	0.000000023834
6	118963115	119963277	754	40	0.0002629774	0.000000024129
6	119963278	120512127	503	26	0.0003934966	0.000000019120
6	120512128	121905675	1071	40	0.0002234678	0.000000025296
6	121905676	123856180	1454	40	0.0001995851	0.000000034915
6	123856181	125424382	1271	40	0.0002755472	0.000000036577
6	125424383	127540460	1026	40	0.0004149039	0.000000038181
6	127540461	129861030	1517	40	0.0002494582	0.000000036006
6	129861031	130935453	1040	40	0.0001538851	0.000000033915
6	130935454	132765668	1373	40	-0.0000164963	0.000000030187
6	132765669	134244242	1254	40	0.0002035459	0.000000035002
6	134244243	136224176	1234	40	0.0000224482	0.000000031039
6	136224177	137614217	654	40	0.0002050750	0.000000028231
6	137614218	138822628	938	40	0.0001239243	0.000000033259
6	138822629	139845435	699	40	0.0001885375	0.000000031416
6	139845436	142288478	1373	40	0.0004471480	0.000000040332
6	142288479	145319809	2152	40	0.0000766070	0.000000032224
6	145319810	146665423	903	37	0.0001946208	0.000000019276
6	146665424	148920351	1851	40	0.0001311533	0.000000033418
6	148920352	150253403	1067	40	0.0001429099	0.000000033675
6	150253404	151912702	1661	40	0.0002433206	0.000000035872
6	151912703	153094495	1045	40	0.0002949577	0.000000037002
6	153094496	154974119	1783	40	0.0000631963	0.000000031931
6	154974120	156763325	1384	40	0.0000493350	0.000000031627
6	156763326	158218718	637	40	0.0003064586	0.000000033120
6	158218719	160580496	2064	40	0.0000761834	0.000000032215
6	160580497	162169563	1400	40	0.0000155746	0.000000030889
6	162169564	162931202	713	40	0.0001670925	0.000000031260
6	162931203	164383520	1405	40	0.0001158214	0.000000033082
6	164383521	165586863	1297	40	0.0001326767	0.000000033451
6	165586864	167024732	1559	40	-0.0000162431	0.000000030193
6	167024733	168042834	877	40	0.0000351454	0.000000030690
6	168042835	169382049	1243	40	0.0000919378	0.000000032560
6	169382050	170330172	836	40	-0.0000514439	0.000000021885
6	170330173	171051269	490	40	0.0001479456	0.000000020701
7	16161	972751	163	23	-0.0000000863	0.000000008265
7	972752	1353066	147	20	0.0001041210	0.000000009932
7	1353067	2062397	255	29	0.0001963378	0.000000017368
7	2062398	2772226	362	40	0.0001916092	0.000000022879
7	2772227	4573427	1740	40	0.0000660996	0.000000031994
7	4573428	5416231	325	40	-0.0000097500	0.000000018179
7	5416232	5854525	160	21	0.0000775184	0.000000009713
7	5854526	6573856	238	30	0.0000587541	0.000000013281
7	6573857	7808751	865	40	0.0002065873	0.000000035068
7	7808752	9123422	1560	40	0.0001637350	0.000000034131
7	9123423	9987498	857	40	0.0000932952	0.000000032589
7	9987499	11299197	1172	40	0.0004144722	0.000000039617
7	11299198	12635460	1633	40	0.0001090541	0.000000032934
7	12635461	13884201	1347	40	0.0000534612	0.000000031718
7	13884202	15143656	1261	40	0.0001943549	0.000000034800
7	15143657	16902068	1597	40	0.0001191291	0.000000033155
7	16902069	19481546	2037	40	0.0000745966	0.000000032180
7	19481547	20124907	577	39	0.0000624448	0.000000021289
7	20124908	22507628	2344	40	0.0000646966	0.000000031964
7	22507629	23471441	577	40	0.0000619023	0.000000024856
7	23471442	25077258	1327	40	0.0000830925	0.000000032366
7	25077259	25909554	927	40	0.0000624254	0.000000031914
7	25909555	28360308	1944	40	0.0002790537	0.000000036654
7	28360309	31137288	2120	40	0.0001107294	0.000000032971
7	31137289	33555767	2081	40	0.0001960796	0.000000034838
7	33555768	36213537	2055	40	0.0001718243	0.000000034308
7	36213538	37555183	1159	40	0.0001470782	0.000000033766
7	37555184	38966702	1307	40	0.0002441685	0.000000035890
7	38966703	39862669	624	40	0.0001733345	0.000000022849
7	39862670	42001810	1306	40	0.0005562796	0.000000042719
7	42001811	43159073	873	40	0.0001201012	0.000000030357
7	43159074	44763827	958	40	0.0000918158	0.000000030989
7	44763828	45952921	698	40	0.0000341050	0.000000025923
7	45952922	46986719	1028	40	0.0002153199	0.000000030941
7	46986720	49212277	1831	40	0.0000205214	0.000000030997
7	49212278	51675321	1933	40	0.0002195738	0.000000035352
7	51675322	53176311	1588	40	0.0001834735	0.000000034562
7	53176312	54222975	907	40	0.0000079906	0.000000022689
7	54222976	55691583	1142	40	0.0000594899	0.000000031850
7	55691584	57382637	610	38	0.0000378405	0.000000018177
7	57382638	63307358	427	26	0.0000412921	0.000000014840
7	63307359	63641124	152	10	-0.0000059923	0.000000003955
7	63641125	65689808	745	35	0.0000296985	0.000000018611
7	65689809	68234073	1567	40	0.0001688016	0.000000034241
7	68234074	69085363	515	40	0.0000723064	0.000000019418
7	69085364	71874884	1591	40	0.0002089407	0.000000035120
7	71874885	73334601	241	28	0.0001323900	0.000000012410
7	73334602	76458563	587	40	0.0003120053	0.000000032307
7	76458564	78093858	1179	40	0.0001181994	0.000000033134
7	78093859	79888068	1451	40	0.0000940269	0.000000032605
7	79888069	82022685	1548	40	0.0000408984	0.000000031443
7	82022686	83801202	1445	40	0.0001175911	0.000000033121
7	83801203	85572181	1060	40	-0.0000148725	0.000000022375
7	85572182	87825003	1215	40	0.0000765725	0.000000029780
7	87825004	90661783	2576	40	0.0002619768	0.000000036280
7	90661784	92493751	734	40	0.0001787665	0.000000027223
7	92493752	93966600	780	40	0.0002788217	0.000000033265
7	93966601	96073507	1327	40	-0.0000102481	0.000000030324
7	96073508	97099569	620	40	0.0000675868	0.000000021893
7	97099570	98715473	818	40	-0.0000059968	0.000000027225
7	98715474	100196650	385	32	0.0002144637	0.000000016430
7	100196651	101199252	406	40	0.0001407969	0.000000021035
7	101199253	103197509	709	40	0.0002172076	0.000000030920
7	103197510	104159524	957	40	0.0003124494	0.000000036693
7	104159525	105682904	850	40	0.0000522740	0.000000031692
7	105682905	107780177	1416	40	0.0001012179	0.000000032763
7	107780178	109647593	1255	40	0.0002104542	0.000000035090
7	109647594	112618683	1633	40	0.0001970249	0.000000034859
7	112618684	113712386	549	38	0.0000933945	0.000000017496
7	113712387	116780177	1538	40	0.0000713307	0.000000032109
7	116780178	118351580	902	40	0.0002752239	0.000000024826
7	118351581	121045272	1117	40	0.0001538939	0.000000027733
7	121045273	121933629	451	34	0.0002422071	0.000000018975
7	121933630	124156804	1616	40	0.0004709847	0.000000040853
7	124156805	124167551	9	2	-0.0000025404	0.000000000299
7	124167552	126519169	1825	40	0.0002682252	0.000000036417
7	126519170	126869220	377	22	0.0002144838	0.000000013415
7	126869221	128778385	1088	40	0.0001968214	0.000000034478
7	128778386	130422413	744	40	0.0003320625	0.000000034304
7	130422414	132805847	1718	40	0.0002862315	0.000000036811
7	132805848	134307595	1035	40	0.0001259669	0.000000028366
7	134307596	135591082	976	40	0.0000612672	0.000000031637
7	135591083	136876561	952	40	0.0001275579	0.000000029771
7	136876562	138744678	1119	40	0.0000284567	0.000000031171
7	138744679	139933176	507	40	0.0004152312	0.000000028373
7	139933177	140235209	174	29	0.0001902557	0.000000012167
7	140235210	141226556	525	40	0.0001636627	0.000000020371
7	141226557	142656309	920	40	0.0001914664	0.000000027748
7	142656310	144968288	1153	40	0.0000369482	0.000000031356
7	144968289	146427959	1053	40	0.0000727996	0.000000027266
7	146427960	147815317	1433	40	0.0001374201	0.000000033555
7	147815318	149840657	1066	40	0.0000948624	0.000000032624
7	149840658	150711504	554	40	0.0000238746	0.000000018668
7	150711505	152249805	739	40	0.0000723078	0.000000032130
7	152249806	153674018	973	40	0.0000121878	0.000000030815
7	153674019	154964729	984	40	0.0002564698	0.000000036160
7	154964730	156065249	910	40	0.0000306831	0.000000031219
7	156065250	157634596	941	40	0.0002322039	0.000000035566
7	157634597	159128574	848	40	0.0002165219	0.000000035285
8	10422	1044216	704	40	0.0001884325	0.000000034671
8	1044217	1163244	128	16	0.0000509413	0.000000007399
8	1163245	2042941	742	40	0.0001457659	0.000000033737
8	2042942	2573278	598	40	0.0000603655	0.000000030239
8	2573279	3392925	1115	40	0.0001492054	0.000000033813
8	3392926	3783016	873	40	0.0002675689	0.000000036402
8	3783017	4480475	1292	40	0.0001399587	0.000000033610
8	4480476	5146926	969	40	0.0005050175	0.000000041598
8	5146927	6142796	1752	40	0.0001832782	0.000000034558
8	6142797	7153078	935	40	0.0000173509	0.000000030928
8	7153079	9154693	1143	40	0.0001793176	0.000000034471
8	9154694	9640786	462	33	0.0001725431	0.000000023200
8	9640787	10463196	930	40	0.0001361955	0.000000033528
8	10463197	11278997	739	40	0.0001710184	0.000000034290
8	11278998	13491774	1497	40	0.0000641679	0.000000031952
8	13491775	13944991	694	40	0.0000628685	0.000000025187
8	13944992	15991659	2250	40	0.0001323899	0.000000033445
8	15991660	17387875	1164	40	0.0001745579	0.000000034367
8	17387876	17836398	536	40	0.0001053758	0.000000024877
8	17836399	19492839	1768	40	0.0001405484	0.000000033623
8	19492840	20060855	607	40	0.0000584499	0.000000026766
8	20060856	21661736	1555	40	0.0002720199	0.000000036500
8	21661737	22897056	726	40	0.0003018125	0.000000037152
8	22897057	24674717	1284	40	0.0002282031	0.000000035541
8	24674718	25483453	536	40	0.0004351353	0.000000026230
8	25483454	26682524	1155	40	0.0001174633	0.000000033118
8	26682525	28162391	1519	40	0.0000748522	0.000000032186
8	28162392	29327895	670	40	0.0001667823	0.000000026466
8	29327896	31133728	1078	40	0.0001534663	0.000000033906
8	31133729	31548359	275	27	0.0001042893	0.000000011678
8	31548360	32977217	1044	40	0.0001949084	0.000000032055
8	32977218	35317231	1451	40	0.0003054118	0.000000033597
8	35317232	37379388	808	40	0.0000552287	0.000000025082
8	37379389	38938805	557	40	0.0001396904	0.000000024022
8	38938806	40703336	1182	40	-0.0000455536	0.000000029551
8	40703337	41721453	743	40	0.0002258835	0.000000033045
8	41721454	42773822	307	27	0.0000359788	0.000000012059
8	42773823	46841314	105	10	0.0000003017	0.000000003735
8	46841315	50082469	837	40	0.0002018610	0.000000028657
8	50082470	53302929	2262	40	0.0001807307	0.000000034502
8	53302930	54418043	817	40	0.0005614661	0.000000033105
8	54418044	55945580	1033	40	-0.0000234937	0.000000027030
8	55945581	56956382	734	40	0.0000373343	0.000000022219
8	56956383	59068650	1622	40	0.0003311614	0.000000037794
8	59068651	59728099	621	40	0.0001908526	0.000000021882
8	59728100	62329098	1780	40	0.0002485218	0.000000035986
8	62329099	63349305	758	40	0.0001107260	0.000000020195
8	63349306	65232871	1289	40	0.0001273050	0.000000032329
8	65232872	66489089	740	40	0.0000680839	0.000000023692
8	66489090	69863056	1777	40	0.0000716863	0.000000032116
8	69863057	70867978	904	40	0.0001433559	0.000000033120
8	70867979	72289453	990	40	0.0001939038	0.000000030660
8	72289454	73817198	1503	40	0.0000526539	0.000000031700
8	73817199	75445063	1170	40	0.0002082116	0.000000035104
8	75445064	76456541	701	40	0.0002106679	0.000000022069
8	76456542	79132860	1846	40	0.0009410772	0.000000051139
8	79132861	81956394	1570	40	0.0002077300	0.000000035093
8	81956395	82693738	516	40	0.0001630367	0.000000018344
8	82693739	84225588	1181	40	0.0001172110	0.000000025754
8	84225589	85955618	969	40	0.0000214938	0.000000021996
8	85955619	87411708	518	33	0.0002650268	0.000000019472
8	87411709	89085480	1109	40	0.0002291455	0.000000033617
8	89085481	90638161	960	40	0.0001527739	0.000000027523
8	90638162	93554385	1534	40	0.0002461473	0.000000035934
8	93554386	95005526	785	40	0.0001096289	0.000000028382
8	95005527	96534805	1160	40	0.0000714797	0.000000032112
8	96534806	99401580	2090	40	0.0002623704	0.000000036289
8	99401581	101620957	821	40	0.0002066966	0.000000026348
8	101620958	104123305	1916	40	0.0000786686	0.000000032269
8	104123306	104988751	706	34	0.0000567791	0.000000015056
8	104988752	107410753	1837	40	0.0002116528	0.000000035179
8	107410754	108648176	1107	40	0.0000259136	0.000000026615
8	108648177	109248172	510	30	-0.0000018620	0.000000010692
8	109248173	110484313	959	40	0.0000045886	0.000000017880
8	110484314	111850846	741	40	0.0001029028	0.000000018435
8	111850847	113064319	749	29	0.0000627797	0.000000013974
8	113064320	116096494	2154	40	0.0001240738	0.000000033263
8	116096495	119685456	2570	40	0.0002033719	0.000000034998
8	119685457	121201699	1233	40	0.0002484690	0.000000035733
8	121201700	124861458	2704	40	0.0002035106	0.000000035001
8	124861459	125683718	589	40	0.0000811682	0.000000022128
8	125683719	126410916	473	40	0.0001829572	0.000000021709
8	126410917	128659110	1844	40	0.0000121474	0.000000030814
8	128659111	130381138	1476	40	0.0002797304	0.000000036669
8	130381139	131639624	945	40	0.0001910477	0.000000034414
8	131639625	133351143	1619	40	0.0003677533	0.000000038594
8	133351144	134570000	1393	40	0.0000699986	0.000000032080
8	134570001	136035604	1583	40	0.0001322540	0.000000033442
8	136035605	137524150	1278	40	0.0002079329	0.000000035098
8	137524151	139254829	1766	40	0.0001771774	0.000000034425
8	139254830	140725642	1434	40	0.0001424198	0.000000033664
8	140725643	143044913	1528	40	0.0001857987	0.000000034613
8	143044914	144236880	724	40	0.0001943102	0.000000030420
8	144236881	146303866	604	40	0.0002868424	0.000000032505
9	10023	1079706	1036	40	0.0001315784	0.000000033427
9	1079707	1916876	1212	40	0.0002066319	0.000000035069
9	1916877	3190063	1457	40	0.0000393793	0.000000031410
9	3190064	4495327	1377	40	-0.0000227833	0.000000030049
9	4495328	4884925	433	40	0.0000762051	0.000000022143
9	4884926	6557588	1064	40	0.0002956497	0.000000037017
9	6557589	7154922	588	40	0.0005778777	0.000000038117
9	7154923	8456298	1834	40	0.0003305350	0.000000037780
9	8456299	9166402	777	40	0.0001645646	0.000000034149
9	9166403	10879252	2059	40	0.0002858357	0.000000036802
9	10879253	12276488	1428	40	0.0001833494	0.000000034560
9	12276489	14836362	2571	40	0.0003420865	0.000000038033
9	14836363	16659654	1648	40	0.0001500156	0.000000033830
9	16659655	18661050	2049	40	0.0000453342	0.000000031540
9	18661051	20463533	1605	40	0.0002263991	0.000000035502
9	20463534	22206558	1449	40	0.0001457755	0.000000033738
9	22206559	24158517	1370	40	0.0002324679	0.000000035572
9	24158518	25330809	711	40	0.0002920497	0.000000036121
9	25330810	26111756	597	40	0.0000469237	0.000000030320
9	26111757	28224282	1949	40	0.0001480026	0.000000033786
9	28224283	28811583	572	40	0.0001329737	0.000000021845
9	28811584	30387391	1523	40	0.0000817249	0.000000032336
9	30387392	31310382	822	36	0.0000790115	0.000000020238
9	31310383	32019367	644	34	0.0000597786	0.000000014757
9	32019368	33578333	1288	40	0.0001748919	0.000000034375
9	33578334	34642242	576	34	0.0000948483	0.000000015521
9	34642243	36743282	1034	40	0.0002200153	0.000000035362
9	36743283	38641598	1378	40	0.0000563453	0.000000031781
9	38641599	65472189	195	27	0.0000933022	0.000000011078
9	65472190	72512710	1103	40	0.0003733121	0.000000038653
9	72512711	72753754	215	15	0.0001109769	0.000000007570
9	72753755	74253039	1221	40	0.0003048618	0.000000037156
9	74253040	76203945	1229	40	0.0000646088	0.000000031962
9	76203946	76973080	520	29	0.0003330174	0.000000019376
9	76973081	78900182	1693	40	0.0000656163	0.000000031984
9	78900183	79471207	498	40	0.0001110399	0.000000024260
9	79471208	81079054	1146	40	0.0000384602	0.000000031389
9	81079055	82590927	1282	40	0.0002580774	0.000000036195
9	82590928	84211232	1653	40	0.0002845962	0.000000036775
9	84211233	85440800	655	40	0.0002657576	0.000000030737
9	85440801	86938195	1297	40	0.0006335116	0.000000044409
9	86938196	88109332	972	40	0.0002851630	0.000000035594
9	88109333	88590416	205	18	0.0000975908	0.000000008892
9	88590417	90136245	1197	40	0.0001056717	0.000000032860
9	90136246	92528697	1686	40	0.0002080360	0.000000035100
9	92528698	94167202	1237	40	0.0002263952	0.000000035502
9	94167203	96671697	1612	40	0.0002749082	0.000000036563
9	96671698	98922039	1251	40	0.0001955239	0.000000034826
9	98922040	101592858	1584	40	0.0000130716	0.000000030834
9	101592859	104624436	2155	40	0.0002346953	0.000000035683
9	104624437	105967975	1517	40	0.0001165495	0.000000033098
9	105967976	107581748	1667	40	0.0001091639	0.000000032936
9	107581749	109298753	1228	40	0.0015145076	0.000000063686
9	109298754	110695061	1086	40	0.0002733071	0.000000036528
9	110695062	112778023	2300	40	0.0002125894	0.000000035199
9	112778024	114831081	1806	40	0.0002414445	0.000000035831
9	114831082	115693144	692	40	0.0001079335	0.000000020747
9	115693145	117019800	1205	40	0.0001204469	0.000000033183
9	117019801	117921959	900	40	-0.0000017572	0.000000030447
9	117921960	121321536	3061	40	0.0001294931	0.000000033381
9	121321537	122260296	803	40	0.0001358261	0.000000026905
9	122260297	124871321	1604	40	0.0002139127	0.000000035228
9	124871322	126971886	1229	40	0.0002026303	0.000000034982
9	126971887	129059664	966	40	0.0003397972	0.000000037983
9	129059665	130055509	622	40	0.0003780496	0.000000030584
9	130055510	132165469	950	40	0.0003809636	0.000000038884
9	132165470	133223216	614	40	0.0000293362	0.000000026752
9	133223217	134127887	561	40	0.0001665681	0.000000029191
9	134127888	135298841	752	40	0.0002901080	0.000000035013
9	135298842	137041121	1186	40	0.0003177509	0.000000037500
9	137041122	137589363	382	40	0.0001603051	0.000000022810
9	137589364	138938977	1152	40	0.0001580166	0.000000034005
9	138938978	139500341	229	29	0.0001304200	0.000000014358
9	139500342	141144795	425	40	0.0001238208	0.000000022752
10	60523	751338	235	18	0.0000411949	0.000000012113
10	751339	1523543	637	40	0.0000719124	0.000000027682
10	1523544	2254499	945	40	0.0002614169	0.000000036268
10	2254500	3352698	1300	40	0.0002773520	0.000000036616
10	3352699	4572273	1263	40	0.0000546127	0.000000031743
10	4572274	5983761	1412	40	0.0001619038	0.000000034090
10	5983762	7171483	1251	40	0.0000296723	0.000000031197
10	7171484	8774664	1620	40	0.0001010614	0.000000032759
10	8774665	10249395	1240	40	0.0001462809	0.000000033749
10	10249396	12586796	2000	40	0.0001929768	0.000000034770
10	12586797	13321599	767	40	0.0001771079	0.000000034423
10	13321600	15026067	1664	40	0.0000706829	0.000000032095
10	15026068	16551766	1124	40	0.0001007996	0.000000032753
10	16551767	18537266	1540	40	0.0001769504	0.000000034420
10	18537267	19716877	1285	40	0.0002091646	0.000000035125
10	19716878	22772282	2059	40	0.0000891181	0.000000032498
10	22772283	23175131	278	20	0.0000940471	0.000000012178
10	23175132	25578595	1567	40	0.0001017461	0.000000032774
10	25578596	26888683	1289	40	0.0000010358	0.000000029943
10	26888684	29323235	1955	40	0.0000043556	0.000000030643
10	29323236	29783691	531	40	0.0000060476	0.000000019260
10	29783692	30458837	720	40	0.0002434571	0.000000033117
10	30458838	31907518	1045	40	0.0001980510	0.000000034819
10	31907519	33707967	1336	40	0.0000365333	0.000000031347
10	33707968	35109354	1049	40	0.0001912051	0.000000034732
10	35109355	36572507	922	40	0.0001309661	0.000000029658
10	36572508	37790028	759	40	0.0000142395	0.000000022455
10	37790029	42372578	583	18	0.0000389847	0.000000008815
10	42372579	43894770	688	40	0.0000751686	0.000000022983
10	43894771	44730074	697	40	0.0000442446	0.000000020339
10	44730075	48760449	1466	40	0.0001110030	0.000000032977
10	48760450	50840914	1313	40	0.0000960193	0.000000032649
10	50840915	53616628	1495	40	0.0003245690	0.000000037650
10	53616629	55103571	1508	40	0.0001657634	0.000000034175
10	55103572	57031139	1986	40	0.0001448899	0.000000033718
10	57031140	57662145	515	25	0.0000877638	0.000000011198
10	57662146	58959527	1251	40	0.0001529745	0.000000021423
10	58959528	60289986	1129	40	0.0000647719	0.000000023373
10	60289987	61891408	1158	40	0.0000362974	0.000000031342
10	61891409	62659678	666	40	0.0000662583	0.000000020206
10	62659679	63341694	330	26	0.0000672754	0.000000011836
10	63341695	65794113	1796	40	0.0001752141	0.000000034382
10	65794114	67549614	1260	40	-0.0000183760	0.000000027829
10	67549615	69900147	2033	40	0.0001827705	0.000000034547
10	69900148	70195990	202	15	0.0000877171	0.000000008019
10	70195991	72220849	1553	40	0.0002202593	0.000000035367
10	72220850	73508511	1374	40	0.0000167741	0.000000030915
10	73508512	75422549	724	40	0.0001571389	0.000000022066
10	75422550	78706813	1625	40	0.0001708213	0.000000034286
10	78706814	80876748	1924	40	0.0000755798	0.000000032202
10	80876749	82414678	1005	40	0.0002048848	0.000000035031
10	82414679	84383744	1590	40	0.0000674814	0.000000032024
10	84383745	85458702	1156	40	0.0001226844	0.000000026431
10	85458703	87937576	2215	40	0.0000635941	0.000000031939
10	87937577	89127063	492	40	0.0002107112	0.000000022070
10	89127064	91013380	1420	40	0.0001642767	0.000000034142
10	91013381	92006580	846	40	0.0000866741	0.000000026948
10	92006581	93335046	1011	40	0.0002669978	0.000000033507
10	93335047	95396367	1194	40	0.0002324838	0.000000035635
10	95396368	96221242	535	40	0.0000553943	0.000000018132
10	96221243	97822356	1055	40	0.0002884478	0.000000032852
10	97822357	100241301	1549	40	0.0003323572	0.000000037820
10	100241302	100668399	344	19	0.0000519751	0.000000009698
10	100668400	102949238	1316	40	0.0002754913	0.000000036576
10	102949239	104380409	510	35	0.0002447860	0.000000019335
10	104380410	106695047	1396	40	0.0003652043	0.000000038539
10	106695048	108726685	1620	40	0.0000667722	0.000000032009
10	108726686	110317704	1473	40	0.0001874789	0.000000034650
10	110317705	112561492	1632	40	0.0003399938	0.000000037987
10	112561493	115328431	1991	40	0.0000739498	0.000000032166
10	115328432	116421405	928	40	0.0000861841	0.000000032434
10	116421406	119523933	2050	40	0.0002081101	0.000000035101
10	119523934	120591352	774	40	0.0002770006	0.000000035667
10	120591353	122407322	1273	40	0.0005459481	0.000000042493
10	122407323	123231464	750	40	0.0001264537	0.000000030371
10	123231465	123900544	504	40	0.0005934230	0.000000033247
10	123900545	125869345	1489	40	0.0000873410	0.000000032459
10	125869346	128001097	1843	40	0.0000872098	0.000000032456
10	128001098	129154361	966	40	0.0003466512	0.000000038133
10	129154362	130844283	1737	40	0.0000755368	0.000000032201
10	130844284	131741326	841	40	0.0000947901	0.000000031054
10	131741327	132580244	904	40	0.0001288114	0.000000031485
10	132580245	134336328	1758	40	-0.0000020894	0.000000030502
10	134336329	134494672	60	6	0.0000225926	0.000000002796
10	134494673	135523864	479	40	0.0001263592	0.000000022868
11	70855	1213589	406	40	0.0001785170	0.000000022593
11	1213590	3665480	1524	40	0.0000546923	0.000000031745
11	3665481	4746708	867	40	0.0001696836	0.000000034261
11	4746709	6322868	2170	40	0.0001197251	0.000000033168
11	6322869	7436700	1028	40	0.0002958724	0.000000037022
11	7436701	8333273	848	40	0.0000579565	0.000000031816
11	8333274	9087316	501	39	0.0003393030	0.000000025856
11	9087317	10952026	1198	40	0.0001201075	0.000000033176
11	10952027	12564228	2005	40	0.0001734046	0.000000034342
11	12564229	13373123	796	40	0.0006742913	0.000000041223
11	13373124	15742551	1657	40	0.0000188308	0.000000030960
11	15742552	17578401	1134	40	0.0002404760	0.000000035810
11	17578402	19569534	1505	40	0.0000640712	0.000000031950
11	19569535	21017137	1397	40	0.0001447214	0.000000033714
11	21017138	22374141	1203	40	0.0000148503	0.000000030873
11	22374142	24088516	1513	40	0.0002191477	0.000000035343
11	24088517	26045752	1767	40	0.0001330958	0.000000033460
11	26045753	27020460	825	40	0.0001160629	0.000000025173
11	27020461	28481592	774	40	0.0005907934	0.000000034178
11	28481593	30141356	982	40	0.0003570155	0.000000033291
11	30141357	32276900	1314	40	0.0002747382	0.000000036559
11	32276901	33958738	1041	40	0.0000793202	0.000000032284
11	33958739	35502604	1584	40	0.0001024459	0.000000032789
11	35502605	37116814	1378	40	0.0000248646	0.000000031092
11	37116815	39382002	1492	40	0.0000491899	0.000000028557
11	39382003	42310002	2250	40	0.0002023627	0.000000034976
11	42310003	44693798	1938	40	0.0001659496	0.000000034179
11	44693799	47006136	1329	40	0.0007376968	0.000000046689
11	47006137	49866049	1081	35	0.0003694930	0.000000027867
11	49866050	54695472	436	10	0.0000400890	0.000000007103
11	54695473	55082656	34	5	0.0000176535	0.000000001505
11	55082657	58457494	2742	40	0.0003251359	0.000000037662
11	58457495	58780548	181	9	0.0000091180	0.000000004105
11	58780549	62223770	1744	40	0.0000768368	0.000000032229
11	62223771	63804568	474	40	0.0001712554	0.000000019925
11	63804569	65898630	777	40	0.0000418638	0.000000030523
11	65898631	68005824	498	40	0.0002081630	0.000000023179
11	68005825	69516129	870	40	0.0002612436	0.000000036264
11	69516130	70926291	872	40	0.0001135907	0.000000033033
11	70926292	72286016	629	40	0.0001361559	0.000000022406
11	72286017	74412350	1015	40	0.0002247241	0.000000035465
11	74412351	76797208	1313	40	0.0000097063	0.000000030760
11	76797209	78355057	797	40	0.0006366963	0.000000036852
11	78355058	80722372	2096	40	0.0002336470	0.000000035660
11	80722373	81266711	643	40	0.0001296950	0.000000022757
11	81266712	84381271	2596	40	0.0002008093	0.000000034942
11	84381272	86619300	1531	40	0.0002087953	0.000000035116
11	86619301	87430234	737	40	0.0001295419	0.000000021893
11	87430235	89208935	1180	40	0.0001647898	0.000000034154
11	89208936	90966489	999	40	0.0000029158	0.000000021899
11	90966490	92077143	839	40	0.0001247808	0.000000024621
11	92077144	93276156	811	40	0.0002097262	0.000000028643
11	93276157	94242259	551	36	0.0002934896	0.000000020944
11	94242260	95726040	1153	40	0.0002272625	0.000000035521
11	95726041	97057057	964	40	0.0000569141	0.000000031793
11	97057058	98705064	1370	40	0.0001503252	0.000000033774
11	98705065	100417168	1789	40	0.0001431354	0.000000033680
11	100417169	101331120	960	40	0.0002008754	0.000000029132
11	101331121	103959635	2466	40	0.0004442768	0.000000040269
11	103959636	104873283	665	32	0.0001080111	0.000000015080
11	104873284	106520893	1146	40	0.0000517557	0.000000026495
11	106520894	107844199	1002	40	0.0001129204	0.000000032956
11	107844200	108437036	223	13	0.0000464646	0.000000007003
11	108437037	109866115	731	40	0.0001533636	0.000000027288
11	109866116	111114396	1010	40	0.0001367645	0.000000031409
11	111114397	112459487	705	40	0.0002222686	0.000000025948
11	112459488	114257727	1518	40	0.0000659219	0.000000031990
11	114257728	114830665	506	33	0.0000484790	0.000000014268
11	114830666	116383347	1181	40	0.0004003985	0.000000039309
11	116383348	117747109	1034	40	0.0001873180	0.000000034647
11	117747110	119215475	850	40	0.0003172294	0.000000037489
11	119215476	120766805	1093	40	0.0001044487	0.000000032833
11	120766806	121175942	401	29	-0.0000594756	0.000000011674
11	121175943	122591909	934	40	0.0001624042	0.000000034101
11	122591910	123500116	671	40	0.0006216186	0.000000043708
11	123500117	124495527	1014	40	0.0000433510	0.000000023585
11	124495528	126311319	1402	40	0.0001960653	0.000000034838
11	126311320	127316678	1050	40	0.0000483344	0.000000031606
11	127316679	128188536	642	40	0.0000439688	0.000000021870
11	128188537	130342574	1472	40	0.0001155943	0.000000033077
11	130342575	131074611	724	40	0.0002097396	0.000000032755
11	131074612	133000045	2004	40	0.0001772886	0.000000034427
11	133000046	134205992	922	40	0.0000202984	0.000000030992
11	134205993	134946451	841	40	0.0000735608	0.000000032157
12	61107	1080330	528	40	0.0000337245	0.000000024612
12	1080331	2544785	853	40	0.0001919935	0.000000034749
12	2544786	3677036	887	40	-0.0000071125	0.000000030392
12	3677037	4417678	640	40	-0.0000337326	0.000000026681
12	4417679	5321471	877	40	0.0001734592	0.000000034343
12	5321472	6419752	1007	40	0.0001263616	0.000000033313
12	6419753	8377535	855	40	0.0001685843	0.000000034237
12	8377536	9031394	247	31	0.0000126164	0.000000011188
12	9031395	10481533	1064	40	0.0001071655	0.000000032893
12	10481534	11754845	763	40	0.0001322736	0.000000025898
12	11754846	12733527	741	40	0.0000830980	0.000000032366
12	12733528	15241483	1926	40	0.0001569779	0.000000033983
12	15241484	16310459	478	40	0.0002209417	0.000000022477
12	16310460	18087872	1292	40	0.0002068476	0.000000035074
12	18087873	20863942	2235	40	-0.0000028087	0.000000030487
12	20863943	23820633	2158	40	0.0000899468	0.000000032516
12	23820634	25371082	1444	40	0.0001656930	0.000000034173
12	25371083	27799772	2120	40	0.0001449430	0.000000033719
12	27799773	29651254	1533	40	0.0000691779	0.000000031999
12	29651255	30512405	1179	40	0.0000807656	0.000000031813
12	30512406	32165591	1346	40	0.0003177012	0.000000037499
12	32165592	33076988	838	40	0.0000421447	0.000000027281
12	33076989	37856716	1043	36	0.0000349114	0.000000019644
12	37856717	39227168	463	17	0.0000757804	0.000000010697
12	39227169	40816184	1312	40	0.0003703068	0.000000036141
12	40816185	41658585	822	40	0.0001806084	0.000000022639
12	41658586	43984473	2129	40	0.0000382728	0.000000031385
12	43984474	46024228	1101	40	0.0000293323	0.000000025943
12	46024229	47714792	920	40	0.0001621825	0.000000032654
12	47714793	49001865	1025	40	0.0003952090	0.000000039195
12	49001866	51776493	1025	40	0.0003423601	0.000000038039
12	51776494	53039003	1096	40	0.0001478354	0.000000033783
12	53039004	54778822	1002	40	0.0001347604	0.000000033434
12	54778823	55665836	590	40	0.0001869501	0.000000022532
12	55665837	57548859	669	40	0.0004218169	0.000000031602
12	57548860	59308665	862	40	0.0001311589	0.000000027547
12	59308666	61123728	1088	40	0.0002659687	0.000000032360
12	61123729	64032460	2327	40	0.0002172939	0.000000035302
12	64032461	65559694	732	40	0.0000591412	0.000000026843
12	65559695	67181143	1005	40	0.0001783938	0.000000033698
12	67181144	67909728	711	40	0.0001790730	0.000000021502
12	67909729	69826541	1486	40	0.0001642954	0.000000034143
12	69826542	70957986	1114	40	0.0002250696	0.000000032902
12	70957987	72645074	1184	40	0.0000157501	0.000000030893
12	72645075	73818453	744	40	0.0001294183	0.000000022689
12	73818454	76511313	1768	40	0.0001633845	0.000000034123
12	76511314	78570569	1630	40	0.0001497850	0.000000033825
12	78570570	80448149	926	40	0.0001019198	0.000000029211
12	80448150	81467766	745	40	0.0001126803	0.000000019932
12	81467767	83502665	1303	40	0.0001005963	0.000000032749
12	83502666	84303843	622	38	0.0001102724	0.000000015493
12	84303844	85990425	1048	40	0.0000952583	0.000000021698
12	85990426	89682121	1976	40	0.0002098318	0.000000035139
12	89682122	92066154	1525	40	0.0002169028	0.000000035294
12	92066155	94514566	1788	40	0.0001221734	0.000000033221
12	94514567	96020784	1165	40	0.0001739641	0.000000034354
12	96020785	97108838	859	40	0.0001429601	0.000000032860
12	97108839	99305986	1768	40	0.0004333462	0.000000040030
12	99305987	101447640	1380	40	0.0002167699	0.000000035291
12	101447641	101862689	271	22	0.0000411059	0.000000009822
12	101862690	102964985	619	40	-0.0000351523	0.000000021191
12	102964986	104848695	1463	40	0.0000750226	0.000000032189
12	104848696	106436212	1470	40	0.0000377550	0.000000031374
12	106436213	106958747	412	40	0.0000622418	0.000000017122
12	106958748	109025900	1378	40	0.0003559616	0.000000038336
12	109025901	110336718	719	40	0.0002139048	0.000000029914
12	110336719	113263517	697	40	0.0001503401	0.000000025797
12	113263518	113986708	386	36	0.0000375015	0.000000014818
12	113986709	115036601	1059	40	0.0002704599	0.000000036466
12	115036602	115503215	379	40	0.0002046988	0.000000019009
12	115503216	117087470	1278	40	0.0001331629	0.000000033462
12	117087471	118135374	806	40	0.0001972762	0.000000034864
12	118135375	119754109	1245	40	0.0001116450	0.000000032991
12	119754110	122007650	1141	40	0.0001463712	0.000000033751
12	122007651	124977979	1128	40	0.0002644304	0.000000036334
12	124977980	126445504	1138	40	0.0002212340	0.000000035389
12	126445505	127875097	1346	40	0.0000363618	0.000000031344
12	127875098	129237296	1370	40	0.0001735107	0.000000034344
12	129237297	130377920	1241	40	0.0001393801	0.000000033598
12	130377921	131786750	1395	40	0.0000080928	0.000000030725
12	131786751	132807033	637	40	0.0001479247	0.000000027045
12	132807034	133841510	324	33	0.0001287532	0.000000015411
13	19020013	20686719	723	40	0.0000789926	0.000000024487
13	20686720	22242173	1099	40	0.0000815473	0.000000032332
13	22242174	23594701	1257	40	-0.0000487712	0.000000029481
13	23594702	24531936	985	40	0.0001020348	0.000000032781
13	24531937	25784361	1178	40	0.0000712318	0.000000032107
13	25784362	27284361	1117	40	0.0001450102	0.000000033658
13	27284362	29257550	1574	40	0.0004032486	0.000000039371
13	29257551	30483266	1023	40	0.0001794678	0.000000034475
13	30483267	32301814	1477	40	0.0001090936	0.000000032935
13	32301815	33776902	1178	40	0.0001977938	0.000000034876
13	33776903	35026463	987	40	0.0001847820	0.000000032146
13	35026464	36046366	471	40	0.0001404290	0.000000019498
13	36046367	37498184	1260	40	0.0001957580	0.000000034831
13	37498185	38878162	1384	40	0.0000789896	0.000000032151
13	38878163	41069262	1801	40	0.0003263705	0.000000037689
13	41069263	43101026	1273	40	0.0002388946	0.000000035775
13	43101027	44901408	1602	40	0.0001128426	0.000000033017
13	44901409	46495213	968	40	0.0000911580	0.000000032543
13	46495214	47431078	697	40	0.0001349947	0.000000025092
13	47431079	49383961	1375	40	0.0001435045	0.000000033688
13	49383962	51591090	1407	40	0.0002761886	0.000000036591
13	51591091	53339621	691	40	0.0003184313	0.000000034944
13	53339622	54682863	1153	40	0.0001093057	0.000000032940
13	54682864	55817130	851	40	0.0001289074	0.000000022371
13	55817131	57554216	932	34	0.0000784994	0.000000017293
13	57554217	58410625	549	29	0.0001251538	0.000000013639
13	58410626	59302270	674	31	0.0000989569	0.000000015186
13	59302271	60854777	1291	40	0.0003097421	0.000000037325
13	60854778	61591948	674	40	-0.0000152670	0.000000017998
13	61591949	63971558	1873	40	0.0002212620	0.000000035389
13	63971559	65200601	1070	40	0.0001718999	0.000000021101
13	65200602	67844452	1676	40	0.0002871182	0.000000036830
13	67844453	70724515	2581	40	0.0000704139	0.000000032089
13	70724516	71526790	715	40	0.0001029136	0.000000027738
13	71526791	73934088	1749	40	0.0001838656	0.000000034571
13	73934089	75670142	1455	40	0.0007018895	0.000000045905
13	75670143	77410554	1637	40	0.0000230378	0.000000031052
13	77410555	78808812	981	40	-0.0000099628	0.000000024774
13	78808813	80585675	1224	40	0.0000329309	0.000000031268
13	80585676	82581813	1538	40	0.0001020642	0.000000032781
13	82581814	84133143	1108	40	0.0001284894	0.000000024209
13	84133144	85610915	1070	40	0.0001888441	0.000000029864
13	85610916	88559881	2129	40	0.0002151283	0.000000035255
13	88559882	90521310	1317	40	0.0000650574	0.000000028529
13	90521311	93129690	2056	40	0.0002646089	0.000000036338
13	93129691	93586454	286	23	0.0000258696	0.000000010272
13	93586455	96087557	2130	40	0.0000830638	0.000000032365
13	96087558	97519209	753	40	0.0002137113	0.000000026563
13	97519210	98938918	825	40	0.0002594335	0.000000036224
13	98938919	100574094	1486	40	0.0000881111	0.000000032476
13	100574095	102300522	1494	40	0.0001080050	0.000000032911
13	102300523	104066709	1823	40	0.0000622825	0.000000031911
13	104066710	104844113	738	40	0.0001426616	0.000000026868
13	104844114	106247553	1428	40	0.0000154188	0.000000030885
13	106247554	106749999	598	40	0.0000586201	0.000000021329
13	106750000	108189876	1241	40	0.0001278861	0.000000033346
13	108189877	109121209	931	40	-0.0000460848	0.000000029540
13	109121210	109815111	740	40	0.0001818709	0.000000027291
13	109815112	111232072	1317	40	0.0003516139	0.000000038241
13	111232073	112247591	822	40	0.0004036084	0.000000039316
13	112247592	113572487	933	40	0.0001785069	0.000000034454
13	113572488	115109852	684	40	0.0000734394	0.000000029649
14	19002084	21589401	1021	40	0.0000148614	0.000000030873
14	21589402	23018664	1439	40	0.0001271046	0.000000033329
14	23018665	24905122	1195	40	0.0002382792	0.000000035762
14	24905123	26135685	1245	40	0.0000413039	0.000000031452
14	26135686	28466532	1616	40	0.0001864387	0.000000034627
14	28466533	29972144	886	40	0.0002552768	0.000000031690
14	29972145	32383264	1199	40	0.0000815268	0.000000032332
14	32383265	34846250	2173	40	0.0000229234	0.000000031050
14	34846251	35859592	468	39	0.0000944587	0.000000018862
14	35859593	38667724	1623	40	0.0000420702	0.000000031468
14	38667725	40341989	1143	40	0.0001100037	0.000000032955
14	40341990	41615501	1080	40	0.0002090879	0.000000023936
14	41615502	43137388	954	40	0.0001939280	0.000000027121
14	43137389	44543226	939	40	0.0001990065	0.000000031271
14	44543227	46081895	781	40	0.0001679917	0.000000025133
14	46081896	46749129	515	23	0.0001385633	0.000000012063
14	46749130	48573585	1527	40	0.0002535022	0.000000036095
14	48573586	49005470	289	18	-0.0000337454	0.000000006633
14	49005471	50507759	971	40	0.0002337693	0.000000035663
14	50507760	51493571	691	40	0.0000848798	0.000000027157
14	51493572	53474382	1598	40	0.0002279768	0.000000035536
14	53474383	53997830	398	26	0.0000486070	0.000000011671
14	53997831	55233680	784	40	0.0001466756	0.000000033757
14	55233681	56216879	565	34	0.0000695998	0.000000017770
14	56216880	57481261	1291	40	0.0001953910	0.000000034823
14	57481262	59448335	1446	40	0.0001556197	0.000000033953
14	59448336	61680423	1390	40	0.0005012288	0.000000041515
14	61680424	63790014	1620	40	0.0000873637	0.000000032459
14	63790015	65220297	651	40	0.0000177965	0.000000021915
14	65220298	66399554	757	40	0.0001886061	0.000000030171
14	66399555	67992316	698	40	0.0001172029	0.000000019847
14	67992317	71131956	2216	40	0.0000100150	0.000000030767
14	71131957	72889614	1425	40	0.0000740179	0.000000032167
14	72889615	76444766	2054	40	0.0001596417	0.000000034041
14	76444767	77229471	620	40	0.0000357414	0.000000026083
14	77229472	78561944	1095	40	0.0001651144	0.000000034161
14	78561945	80186578	1212	40	0.0000704165	0.000000032026
14	80186579	81579713	1150	40	0.0001061404	0.000000032870
14	81579714	83138096	1036	40	0.0001743392	0.000000032982
14	83138097	84241632	933	40	0.0001920486	0.000000030557
14	84241633	85746318	1140	40	0.0001346602	0.000000033494
14	85746319	86647001	633	40	0.0000778135	0.000000022301
14	86647002	87635340	716	40	0.0000766695	0.000000024065
14	87635341	89497642	1310	40	0.0000682395	0.000000032041
14	89497643	91296859	1296	40	0.0001380885	0.000000033569
14	91296860	93132298	1271	40	0.0001204783	0.000000033184
14	93132299	94325284	753	40	0.0002106022	0.000000031399
14	94325285	95750866	1536	40	0.0001008516	0.000000032755
14	95750867	96262414	678	40	0.0000195212	0.000000025915
14	96262415	98341161	1569	40	0.0000972045	0.000000032675
14	98341162	99138531	853	40	0.0002695123	0.000000029143
14	99138532	101534306	1582	40	0.0008309166	0.000000048729
14	101534307	103012101	739	40	0.0001618063	0.000000034088
14	103012102	105001722	906	40	0.0003131661	0.000000037400
14	105001723	106340357	275	36	0.0001749166	0.000000016841
14	106340358	107289453	263	17	-0.0000050508	0.000000011951
15	20001200	21131603	24	3	-0.0000024307	0.000000001305
15	21131604	24195126	557	40	0.0003913179	0.000000033107
15	24195127	25108589	634	40	0.0004398127	0.000000029402
15	25108590	27298111	1662	40	0.0000491044	0.000000031622
15	27298112	29338501	1025	40	0.0001190973	0.000000033154
15	29338502	30165567	584	40	0.0001682832	0.000000025448
15	30165568	31591820	517	40	0.0001283669	0.000000025379
15	31591821	32441810	487	40	0.0002380823	0.000000022667
15	32441811	34015424	1304	40	0.0001883372	0.000000034669
15	34015425	35083250	727	40	0.0001621691	0.000000031214
15	35083251	37456501	1864	40	0.0001765975	0.000000034412
15	37456502	38530776	727	40	-0.0000035781	0.000000026032
15	38530777	40384131	1588	40	0.0002513651	0.000000036048
15	40384132	41177513	401	35	0.0000486562	0.000000015790
15	41177514	42776398	762	40	0.0001874847	0.000000031643
15	42776399	44198048	410	21	0.0002976820	0.000000017819
15	44198049	46618786	954	40	0.0004745991	0.000000039111
15	46618787	48136047	1310	40	0.0002687037	0.000000036427
15	48136048	50008042	931	40	0.0001169491	0.000000027858
15	50008043	51677559	1106	40	0.0002830126	0.000000036740
15	51677560	53069095	771	40	0.0000339358	0.000000023936
15	53069096	54508527	1342	40	0.0001241460	0.000000033201
15	54508528	55136268	573	40	0.0000744133	0.000000023028
15	55136269	56901772	1072	40	0.0001421816	0.000000033659
15	56901773	58441365	1219	40	0.0000291956	0.000000031187
15	58441366	59694115	906	40	0.0001475146	0.000000033776
15	59694116	61265835	1185	40	0.0003507221	0.000000038222
15	61265836	63215221	1639	40	0.0000698120	0.000000032075
15	63215222	65104667	898	40	0.0001662502	0.000000033495
15	65104668	67094766	1010	40	0.0003182680	0.000000037512
15	67094767	69017998	1276	40	0.0004517847	0.000000040433
15	69017999	70133340	550	40	0.0001696378	0.000000025169
15	70133341	71922648	1216	40	0.0002146544	0.000000035245
15	71922649	73628713	725	40	0.0001370473	0.000000022118
15	73628714	76398623	978	40	0.0001910251	0.000000034728
15	76398624	78516052	1057	40	0.0002804395	0.000000036621
15	78516053	80860977	1857	40	0.0002793471	0.000000036660
15	80860978	84260467	1494	40	0.0002882999	0.000000036856
15	84260468	86652904	1593	40	0.0000941247	0.000000032607
15	86652905	88369942	1460	40	0.0000640242	0.000000031949
15	88369943	90475550	1261	40	0.0004090537	0.000000039498
15	90475551	92164391	1142	40	0.0002320105	0.000000035624
15	92164392	93780901	1367	40	0.0001524225	0.000000033883
15	93780902	94924329	1147	40	-0.0000233493	0.000000030037
15	94924330	96141595	1081	40	0.0000308946	0.000000031224
15	96141596	98030909	1353	40	0.0001023910	0.000000032788
15	98030910	99244058	1084	40	0.0001021620	0.000000032783
15	99244059	100636846	1026	40	-0.0000110001	0.000000030245
15	100636847	101552693	679	40	-0.0000004775	0.000000030538
15	101552694	102520965	726	40	0.0001014205	0.000000032767
16	60054	1207205	461	40	0.0000709826	0.000000026046
16	1207206	2764828	597	40	0.0002115353	0.000000031170
16	2764829	4001195	449	40	0.0004223639	0.000000032543
16	4001196	5118344	578	40	0.0001186932	0.000000033019
16	5118345	5891579	693	40	0.0001690466	0.000000034247
16	5891580	6893550	1222	40	0.0001509726	0.000000033851
16	6893551	7529120	898	40	0.0001374999	0.000000033556
16	7529121	8338518	1025	40	0.0002068766	0.000000035074
16	8338519	9799418	1332	40	0.0002413489	0.000000035829
16	9799419	10426031	742	40	0.0000093790	0.000000025259
16	10426032	11520160	775	40	0.0002080447	0.000000035100
16	11520161	12613097	698	40	0.0001691271	0.000000034248
16	12613098	13154436	631	40	0.0000948532	0.000000026071
16	13154437	14464001	1065	40	0.0004485797	0.000000040363
16	14464002	16154059	432	40	0.0000790688	0.000000021959
16	16154060	17644748	678	40	0.0000441002	0.000000030572
16	17644749	18643606	346	35	0.0000077690	0.000000013866
16	18643607	20150570	779	40	0.0004375735	0.000000038865
16	20150571	22448903	744	40	0.0003395505	0.000000032722
16	22448904	24136874	920	40	0.0001693496	0.000000034253
16	24136875	25986861	1323	40	0.0003906115	0.000000039095
16	25986862	27445754	1181	40	0.0000489564	0.000000031619
16	27445755	29036612	504	40	0.0001379745	0.000000020851
16	29036613	31382942	430	40	0.0003650145	0.000000026785
16	31382943	46399472	231	23	-0.0000033928	0.000000008793
16	46399473	49007925	597	40	0.0001696218	0.000000021174
16	49007926	52035822	1953	40	0.0001870959	0.000000034642
16	52035823	53382571	873	40	0.0006534605	0.000000039395
16	53382572	55903773	2142	40	0.0004125983	0.000000039576
16	55903774	57664329	1131	40	0.0001309788	0.000000033414
16	57664330	59045404	857	40	0.0001019433	0.000000032779
16	59045405	60745693	1099	40	0.0001304631	0.000000033403
16	60745694	62229848	800	40	0.0001029522	0.000000023158
16	62229849	63691588	986	40	0.0000981344	0.000000032695
16	63691589	65938565	1706	40	0.0004036512	0.000000039380
16	65938566	68841362	1152	40	0.0001637599	0.000000034131
16	68841363	71054027	606	40	0.0006528714	0.000000038075
16	71054028	72935149	744	40	0.0000457796	0.000000027859
16	72935150	74971502	1254	40	0.0001645200	0.000000034148
16	74971503	75977953	438	37	0.0000748677	0.000000018434
16	75977954	77523677	1392	40	0.0001717475	0.000000034306
16	77523678	78456291	1136	40	0.0000739789	0.000000032167
16	78456292	79134814	953	40	0.0002108346	0.000000035161
16	79134815	80297373	1325	40	0.0001752534	0.000000034383
16	80297374	81772535	1389	40	0.0002607203	0.000000036253
16	81772536	82747727	1001	40	0.0000198241	0.000000030982
16	82747728	83477207	1054	40	0.0001587410	0.000000034021
16	83477208	84445882	1280	40	0.0001309670	0.000000033414
16	84445883	85148684	810	40	0.0000696587	0.000000032072
16	85148685	86156598	847	40	0.0000551252	0.000000031754
16	86156599	86815410	883	40	0.0001070610	0.000000032890
16	86815411	87647348	635	40	0.0000988942	0.000000032712
16	87647349	89041164	626	40	0.0001818795	0.000000034528
16	89041165	90292811	524	40	0.0001474995	0.000000028899
17	56	1172398	488	40	0.0000404270	0.000000026124
17	1172399	1928730	405	40	0.0001090712	0.000000021446
17	1928731	3702311	1097	40	0.0001768709	0.000000034418
17	3702312	4696260	583	40	0.0000070691	0.000000026203
17	4696261	5741333	753	40	0.0001664788	0.000000029874
17	5741334	7317397	1058	40	0.0001872654	0.000000034645
17	7317398	8306424	434	40	0.0002536522	0.000000027188
17	8306425	9965920	1184	40	0.0000479686	0.000000031598
17	9965921	11102814	893	40	-0.0000071598	0.000000030391
17	11102815	12534768	991	40	0.0000229556	0.000000031050
17	12534769	13180371	575	40	0.0002648081	0.000000030157
17	13180372	13894636	712	40	0.0000372270	0.000000030672
17	13894637	15019096	1262	40	0.0001794687	0.000000034475
17	15019097	16412341	573	40	0.0001530543	0.000000026166
17	16412342	18856319	984	40	0.0001441943	0.000000033703
17	18856320	21290356	709	40	0.0000327777	0.000000026019
17	21290357	27334243	1012	40	0.0000241789	0.000000031077
17	27334244	29786490	743	40	0.0000786480	0.000000022997
17	29786491	31538424	960	40	0.0003434180	0.000000038062
17	31538425	32912797	1563	40	0.0001826124	0.000000034544
17	32912798	34469035	940	40	0.0000353769	0.000000031322
17	34469036	36809343	811	40	0.0002659821	0.000000036368
17	36809344	38877403	692	40	0.0001445273	0.000000030329
17	38877404	39899809	602	40	0.0001909451	0.000000020660
17	39899810	41772086	530	40	0.0005195765	0.000000028684
17	41772087	43056904	536	40	0.0002831340	0.000000025122
17	43056905	45876021	1222	40	0.0001399422	0.000000033610
17	45876022	47517399	884	40	0.0002935076	0.000000034774
17	47517400	49898956	1298	40	0.0002688589	0.000000036431
17	49898957	50719054	590	35	0.0000818562	0.000000017427
17	50719055	51826117	825	40	0.0000954997	0.000000020598
17	51826118	53599431	1205	40	0.0002990380	0.000000037091
17	53599432	55357540	1162	40	0.0001695610	0.000000034258
17	55357541	57487511	1117	40	0.0002803025	0.000000036681
17	57487512	59312754	411	29	0.0001718466	0.000000015381
17	59312755	61545588	790	40	0.0001472453	0.000000033644
17	61545589	63148127	510	40	0.0001292624	0.000000020722
17	63148128	64800429	1328	40	0.0000412651	0.000000031451
17	64800430	67858769	1711	40	-0.0000002268	0.000000030543
17	67858770	69387816	1354	40	0.0001426880	0.000000033670
17	69387817	72672202	2512	40	0.0000807167	0.000000032314
17	72672203	74375559	663	40	0.0002171960	0.000000032918
17	74375560	76263412	1236	40	0.0001784901	0.000000034453
17	76263413	77298635	744	40	0.0000919231	0.000000032559
17	77298636	78837587	1004	40	0.0003455110	0.000000038108
17	78837588	80034407	435	40	0.0001863110	0.000000024300
17	80034408	81194907	527	40	0.0001144345	0.000000022793
18	10644	912485	690	40	0.0000997187	0.000000032730
18	912486	1942910	802	40	0.0001720270	0.000000028005
18	1942911	3891657	1498	40	0.0001642945	0.000000034143
18	3891658	5834179	1527	40	0.0001081158	0.000000032914
18	5834180	7090484	1056	40	0.0001039164	0.000000032822
18	7090485	8498930	1071	40	0.0000199636	0.000000030985
18	8498931	11075912	2276	40	0.0000634917	0.000000031937
18	11075913	11905439	534	40	0.0001056820	0.000000024884
18	11905440	14440798	1349	40	0.0000250985	0.000000031097
18	14440799	19485843	335	23	-0.0000324922	0.000000010206
18	19485844	20649471	644	40	0.0001267973	0.000000022817
18	20649472	22996650	1489	40	0.0001456828	0.000000033736
18	22996651	24026190	627	40	0.0001451454	0.000000024511
18	24026191	25927681	1502	40	0.0001047970	0.000000032841
18	25927682	26875586	634	36	0.0001032487	0.000000017224
18	26875587	27866477	694	39	0.0000395327	0.000000017603
18	27866478	30264065	1814	40	0.0000651842	0.000000031974
18	30264066	31780066	854	40	0.0001880827	0.000000023785
18	31780067	33861963	1321	40	0.0000809437	0.000000032256
18	33861964	35075249	899	40	0.0000983187	0.000000032448
18	35075250	36365489	1072	40	0.0001527060	0.000000030695
18	36365490	37684366	813	40	0.0001475516	0.000000022900
18	37684367	39892647	1787	40	0.0001740848	0.000000034357
18	39892648	42922105	2117	40	0.0001856111	0.000000034609
18	42922106	44299245	1197	40	0.0004427551	0.000000040236
18	44299246	45939731	1086	40	0.0006931705	0.000000045715
18	45939732	47730583	1335	40	0.0001211575	0.000000033199
18	47730584	51062184	2471	40	0.0002104215	0.000000035152
18	51062185	51554174	467	21	0.0000718396	0.000000011032
18	51554175	55213837	2165	40	0.0002621836	0.000000036285
18	55213838	56530219	1075	40	0.0001157265	0.000000033080
18	56530220	57630482	1044	40	0.0001099190	0.000000032953
18	57630483	59020750	979	40	0.0002438529	0.000000034001
18	59020751	60277714	1175	40	0.0001090004	0.000000032933
18	60277715	61820251	1190	40	0.0001278810	0.000000033346
18	61820252	63463401	1274	40	0.0001112642	0.000000032982
18	63463402	64252800	727	35	0.0000223693	0.000000015948
18	64252801	66125816	1685	40	0.0001744094	0.000000034364
18	66125817	67175819	735	40	0.0002813105	0.000000030455
18	67175820	68621178	944	40	0.0001061174	0.000000032870
18	68621179	69621617	925	40	0.0000887555	0.000000031549
18	69621618	71038473	1262	40	0.0000721034	0.000000032126
18	71038474	71971461	992	40	0.0000761050	0.000000032213
18	71971462	73526986	1333	40	0.0002068382	0.000000035074
18	73526987	74813814	1113	40	0.0000997193	0.000000032730
18	74813815	75976316	1185	40	0.0001528725	0.000000033893
18	75976317	77149990	944	40	0.0001126036	0.000000033012
18	77149991	78017157	508	40	0.0000935963	0.000000022892
19	80840	610728	146	27	0.0002069281	0.000000012349
19	610729	2098395	505	40	0.0003416826	0.000000036078
19	2098396	3019659	394	40	0.0001968581	0.000000024161
19	3019660	4348966	526	40	0.0002980173	0.000000034310
19	4348967	5811851	643	40	0.0001688044	0.000000034241
19	5811852	6684884	340	40	0.0000221542	0.000000017468
19	6684885	8347512	896	40	0.0002081503	0.000000035102
19	8347513	9238392	416	40	0.0000354302	0.000000015624
19	9238393	11284027	768	40	0.0004822770	0.000000038589
19	11284028	13471126	718	40	0.0003136160	0.000000036530
19	13471127	14486346	358	40	0.0001821310	0.000000020590
19	14486347	15648609	558	40	0.0000802831	0.000000025629
19	15648610	16374415	659	40	-0.0000038447	0.000000020334
19	16374416	18409861	871	40	0.0001445551	0.000000033711
19	18409862	19877470	507	40	0.0005011512	0.000000031974
19	19877471	20905756	336	35	0.0001594739	0.000000016383
19	20905757	22732895	846	40	0.0002981636	0.000000027481
19	22732896	23467745	320	18	-0.0000036279	0.000000008488
19	23467746	28557892	742	40	0.0000616797	0.000000019248
19	28557893	29790946	1179	40	0.0000658295	0.000000031988
19	29790947	30727953	689	40	0.0001702870	0.000000029459
19	30727954	32746519	1214	40	0.0002924081	0.000000036946
19	32746520	34262951	928	40	0.0001903157	0.000000034712
19	34262952	36469294	1106	40	0.0001335441	0.000000033470
19	36469295	37527032	451	27	0.0000856667	0.000000013746
19	37527033	40170618	1065	40	0.0002551164	0.000000036130
19	40170619	40984600	316	31	0.0000945393	0.000000013395
19	40984601	42131572	482	40	0.0001796544	0.000000025511
19	42131573	43862454	487	39	0.0000953387	0.000000018759
19	43862455	44744107	514	40	0.0000402836	0.000000017986
19	44744108	46102696	627	40	0.0001057901	0.000000030232
19	46102697	47150081	470	40	0.0001375869	0.000000023914
19	47150082	49282226	959	40	0.0002846213	0.000000036776
19	49282227	51532566	1005	40	0.0001699856	0.000000034267
19	51532567	52985289	1161	40	0.0000906554	0.000000032532
19	52985290	54602361	1006	40	-0.0000046728	0.000000030446
19	54602362	55728079	613	40	0.0001350632	0.000000033503
19	55728080	57521334	1107	40	0.0001354110	0.000000033511
19	57521335	59118838	837	40	0.0004412979	0.000000040204
20	60479	697599	418	40	0.0000712082	0.000000022157
20	697600	2469500	1789	40	-0.0000069827	0.000000030395
20	2469501	3828412	890	40	0.0003169667	0.000000037483
20	3828413	5477849	1414	40	0.0000671183	0.000000032017
20	5477850	7084072	1505	40	0.0000773187	0.000000032240
20	7084073	8117010	1021	40	0.0001838086	0.000000029692
20	8117011	9730920	1541	40	0.0001236785	0.000000033254
20	9730921	11249535	1472	40	0.0001627335	0.000000034109
20	11249536	12447498	1067	40	0.0001220839	0.000000033156
20	12447499	13689863	1125	40	0.0002849819	0.000000036783
20	13689864	15958358	2017	40	0.0002540474	0.000000036107
20	15958359	17487231	1812	40	0.0004174840	0.000000039683
20	17487232	18972202	1176	40	0.0003724256	0.000000038697
20	18972203	20959709	1754	40	0.0002463158	0.000000035937
20	20959710	22491455	870	40	0.0003367192	0.000000029991
20	22491456	23293789	823	40	0.0000253050	0.000000024490
20	23293790	24717723	1114	40	0.0001953920	0.000000034823
20	24717724	25344230	577	28	0.0001467901	0.000000016228
20	25344231	31614822	1147	40	0.0001790424	0.000000034465
20	31614823	32813440	462	35	0.0002842181	0.000000022083
20	32813441	34960445	772	39	0.0002580716	0.000000024390
20	34960446	36909529	900	40	0.0001302811	0.000000031705
20	36909530	38436760	1076	40	0.0002281091	0.000000034848
20	38436761	39610855	944	40	-0.0000140138	0.000000030116
20	39610856	40585688	558	40	0.0000797616	0.000000020194
20	40585689	41615459	1044	40	0.0000846897	0.000000032401
20	41615460	42680175	702	40	0.0001184102	0.000000031571
20	42680176	44839055	1392	40	0.0001340774	0.000000033482
20	44839056	47199979	1926	40	0.0001330987	0.000000033460
20	47199980	49239657	1428	40	0.0001721626	0.000000034315
20	49239658	52472548	2552	40	0.0001399989	0.000000033611
20	52472549	54055265	1307	40	0.0000398125	0.000000031419
20	54055266	56447958	2185	40	0.0001589597	0.000000034026
20	56447959	58406571	1539	40	0.0000984090	0.000000032701
20	58406572	59561723	1060	40	0.0000571891	0.000000031799
20	59561724	61301854	1403	40	0.0000923708	0.000000032569
20	61301855	62190179	529	40	0.0000518147	0.000000026932
20	62190180	62965162	385	40	0.0002694072	0.000000022432
21	9411243	15950981	586	40	0.0000187986	0.000000023976
21	15950982	18053164	1327	40	0.0001346725	0.000000033495
21	18053165	19480374	902	40	0.0000565908	0.000000031786
21	19480375	20962338	1282	40	0.0001187345	0.000000033146
21	20962339	22072763	862	40	0.0001468213	0.000000033760
21	22072764	23362874	1153	40	0.0000918941	0.000000032559
21	23362875	24696230	864	40	-0.0000402247	0.000000025231
21	24696231	26469121	1460	40	0.0000541680	0.000000031733
21	26469122	27271018	459	31	-0.0000135044	0.000000014922
21	27271019	29125225	1708	40	0.0000671254	0.000000032017
21	29125226	31197024	1486	40	-0.0000080760	0.000000030371
21	31197025	32668641	1066	40	0.0002174160	0.000000028191
21	32668642	34376998	1087	40	0.0000898483	0.000000032514
21	34376999	35225464	480	40	0.0002069319	0.000000024196
21	35225465	36524372	1022	40	0.0001208392	0.000000033192
21	36524373	37870778	948	40	0.0003053131	0.000000037228
21	37870779	38711703	597	40	0.0001728221	0.000000023022
21	38711704	40482901	1553	40	0.0001537182	0.000000033911
21	40482902	41389526	902	40	0.0002658807	0.000000034922
21	41389527	43321527	1709	40	0.0000878389	0.000000032470
21	43321528	44506267	1195	40	0.0002391806	0.000000035781
21	44506268	46177104	1028	40	0.0001030802	0.000000032803
21	46177105	47492225	896	40	0.0001208308	0.000000033192
21	47492226	48119751	409	33	0.0001234787	0.000000018945
22	16050408	17674294	372	40	0.0000457249	0.000000017494
22	17674295	18296087	419	40	0.0000507095	0.000000019498
22	18296088	19912357	947	40	0.0001632608	0.000000034120
22	19912358	22357324	983	40	0.0002660342	0.000000036369
22	22357325	23712646	755	40	0.0002478092	0.000000033712
22	23712647	24984203	648	40	0.0000807801	0.000000024588
22	24984204	26791627	1340	40	0.0000360742	0.000000031337
22	26791628	27834751	1327	40	0.0000601362	0.000000031864
22	27834752	29651798	999	40	0.0002115614	0.000000035177
22	29651799	31439917	957	40	0.0001989501	0.000000034901
22	31439918	32664985	580	38	0.0001180857	0.000000022196
22	32664986	34494913	1736	40	-0.0000038208	0.000000030464
22	34494914	35530984	1122	40	0.0001249474	0.000000030338
22	35530985	37570268	1577	40	0.0000958717	0.000000032646
22	37570269	39307893	898	40	0.0003721252	0.000000038690
22	39307894	40545796	595	40	0.0001536336	0.000000029780
22	40545797	42690817	834	40	0.0003862977	0.000000031756
22	42690818	43714199	749	40	0.0000511674	0.000000031668
22	43714200	44995307	1280	40	0.0001543389	0.000000033925
22	44995308	46470494	1137	40	0.0002059023	0.000000035053
22	46470495	47596317	881	40	0.0001475182	0.000000033776
22	47596318	48903702	1532	40	0.0000449393	0.000000031531
22	48903703	49824533	1316	40	0.0003716123	0.000000038679
22	49824534	51243297	719	40	0.0000430075	0.000000030799
