chr	start	end	num_snp	k	local_h2g	var
1	10583	1892606	165	25	0.0000901805	0.000000006539
1	1892607	3582735	824	50	0.0001058259	0.000000016736
1	3582736	4380810	566	50	-0.0000025335	0.000000011414
1	4380811	5913892	1900	50	0.0000999929	0.000000015022
1	5913893	7247334	755	50	0.0001425632	0.000000015146
1	7247335	9365198	1281	50	0.0001703094	0.000000015896
1	9365199	10806983	545	50	0.0000226326	0.000000009627
1	10806984	11777840	409	50	0.0000785595	0.000000010215
1	11777841	12779465	473	50	0.0001440853	0.000000010832
1	12779466	14891510	1220	50	0.0000923484	0.000000014985
1	14891511	16897729	1140	50	0.0001134909	0.000000015261
1	16897730	18662898	1183	50	-0.0000159084	0.000000013727
1	18662899	20469148	1249	50	0.0000544896	0.000000014889
1	20469149	21736587	810	50	0.0000770537	0.000000013701
1	21736588	23086882	956	50	0.0000697578	0.000000014797
1	23086883	23920589	355	33	0.0002144260	0.000000008846
1	23920590	25516844	910	50	-0.0000200192	0.000000013268
1	25516845	27401866	676	50	0.0000727484	0.000000010667
1	27401867	30161880	971	50	0.0001423247	0.000000015811
1	30161881	32438684	1925	50	0.0001380166	0.000000015608
1	32438685	34799757	1181	50	0.0001544359	0.000000015861
1	34799758	37549182	997	50	0.0000460552	0.000000014632
1	37549183	38731846	617	50	0.0000675076	0.000000011402
1	38731847	40200566	758	50	0.0000185165	0.000000013280
1	40200567	41975326	1030	50	0.0000270657	0.000000013712
1	41975327	43758456	1113	50	0.0001994784	0.000000016145
1	43758457	44969182	631	45	0.0000561529	0.000000009816
1	44969183	46899500	818	46	0.0001234109	0.000000010517
1	46899501	48002575	529	40	0.0001484388	0.000000009219
1	48002576	48978187	566	50	0.0000788297	0.000000010733
1	48978188	49894176	466	37	0.0001573924	0.000000008878
1	49894177	51713725	491	30	0.0002424740	0.000000008789
1	51713726	54226261	986	50	0.0000210606	0.000000013439
1	54226262	56413116	1461	50	0.0001564635	0.000000015446
1	56413117	57021727	532	37	0.0000423191	0.000000006698
1	57021728	58865398	1572	50	0.0002609774	0.000000017421
1	58865399	59890408	778	50	0.0001030733	0.000000011499
1	59890409	61922364	1227	50	0.0000067776	0.000000013484
1	61922365	63455088	987	50	0.0000832474	0.000000013115
1	63455089	65041703	1345	50	-0.0000102001	0.000000013249
1	65041704	66939403	1360	50	0.0001552828	0.000000015597
1	66939404	68477894	1368	50	0.0001055254	0.000000014965
1	68477895	69687615	778	50	0.0000978053	0.000000012121
1	69687616	71372469	1128	50	0.0001070132	0.000000015203
1	71372470	71684404	179	13	0.0000556949	0.000000002695
1	71684405	74326906	1623	50	0.0006704978	0.000000021333
1	74326907	76728134	1700	50	0.0002499827	0.000000016858
1	76728135	79661197	2020	50	0.0003610738	0.000000018894
1	79661198	81354190	1215	50	0.0000756850	0.000000014471
1	81354191	83991747	2216	50	0.0001069943	0.000000015100
1	83991748	84844494	580	44	0.0000743716	0.000000008337
1	84844495	86454750	1306	50	0.0000515970	0.000000014205
1	86454751	88128630	1156	50	0.0000042083	0.000000013739
1	88128631	90066302	1027	50	0.0000832357	0.000000014479
1	90066303	91886316	1079	50	0.0000340380	0.000000014370
1	91886317	93536458	1078	50	0.0000621815	0.000000012881
1	93536459	94506190	540	31	0.0000199313	0.000000006145
1	94506191	96150892	1128	50	0.0001339372	0.000000015335
1	96150893	97885248	1158	50	0.0005590259	0.000000020881
1	97885249	99800603	1297	50	0.0001610193	0.000000015894
1	99800604	100826404	666	46	-0.0000059218	0.000000007431
1	100826405	102041015	905	50	0.0000318524	0.000000012013
1	102041016	102898744	693	48	0.0000743354	0.000000008757
1	102898745	103914210	612	31	0.0000905641	0.000000006484
1	103914211	106087841	1282	50	0.0001530460	0.000000016129
1	106087842	108409664	1672	50	0.0001613891	0.000000015879
1	108409665	110303930	1071	50	0.0002832998	0.000000016162
1	110303931	111741736	992	50	0.0001042848	0.000000015024
1	111741737	113273305	1338	50	0.0001282507	0.000000015243
1	113273306	114873844	907	50	0.0000013753	0.000000013620
1	114873845	115880592	598	46	-0.0000512257	0.000000007395
1	115880593	118839066	1658	50	0.0001004595	0.000000015133
1	118839067	144977493	1215	50	0.0001058264	0.000000013211
1	144977494	148361252	805	50	0.0001287966	0.000000013214
1	148361253	151538880	562	37	0.0001994594	0.000000010245
1	151538881	153180828	996	50	-0.0000232251	0.000000010045
1	153180829	154770402	778	50	0.0000476971	0.000000012596
1	154770403	156336132	468	46	0.0001395285	0.000000010466
1	156336133	158027411	1186	50	0.0000831921	0.000000015052
1	158027412	159913047	1347	50	-0.0000090536	0.000000013576
1	159913048	162346720	1613	50	0.0000823329	0.000000013346
1	162346721	165191701	2450	50	0.0000763258	0.000000014518
1	165191702	166460516	1012	50	0.0000095122	0.000000013597
1	166460517	169086323	2038	50	0.0000867853	0.000000015121
1	169086324	170557775	1406	50	-0.0000399698	0.000000011826
1	170557776	173097906	1708	50	0.0000625351	0.000000013644
1	173097907	175089767	736	41	0.0000239696	0.000000007364
1	175089768	177433380	1557	50	0.0002361798	0.000000016960
1	177433381	178944308	941	50	0.0006867262	0.000000020120
1	178944309	178954469	3	1	-0.0000044504	0.000000000040
1	178954470	181144120	1510	50	0.0000226604	0.000000013769
1	181144121	182755355	1097	50	0.0000681066	0.000000014496
1	182755356	184595512	1295	50	0.0001345881	0.000000015300
1	184595513	186810022	895	50	0.0000223682	0.000000011823
1	186810023	188759944	1513	50	0.0000276475	0.000000013905
1	188759945	189904129	643	26	0.0000605620	0.000000006237
1	189904130	191868929	1536	50	0.0002982049	0.000000016700
1	191868930	194107441	1355	50	0.0000677722	0.000000014498
1	194107442	196176200	1645	50	0.0000802296	0.000000014836
1	196176201	197311513	505	23	0.0001056193	0.000000006420
1	197311514	199239883	1049	50	0.0001342286	0.000000014865
1	199239884	200137648	647	46	0.0000718923	0.000000009370
1	200137649	201589974	1252	50	0.0000761022	0.000000014572
1	201589975	203334733	1055	50	0.0003009463	0.000000018201
1	203334734	204681067	834	50	0.0000227400	0.000000013920
1	204681068	206073264	1058	50	0.0001684886	0.000000015753
1	206073265	208410363	1178	50	0.0000311077	0.000000013759
1	208410364	210787749	1746	50	0.0003250065	0.000000018202
1	210787750	212842329	1304	50	0.0001322031	0.000000015309
1	212842330	214578265	1111	50	0.0000477272	0.000000013958
1	214578266	216243633	1286	50	0.0001188410	0.000000015300
1	216243634	218705512	2327	50	0.0000479504	0.000000013896
1	218705513	219590570	661	50	0.0000984441	0.000000009372
1	219590571	221858230	1530	50	0.0000722511	0.000000013621
1	221858231	222230219	342	26	0.0000527525	0.000000006095
1	222230220	224938519	999	50	0.0000777676	0.000000015601
1	224938520	226810859	931	50	0.0000313678	0.000000014066
1	226810860	229156247	1438	50	0.0000154633	0.000000013954
1	229156248	230685254	901	50	0.0000567524	0.000000013474
1	230685255	232090251	1062	50	0.0000534716	0.000000014222
1	232090252	233429283	1135	50	0.0000738729	0.000000014773
1	233429284	234599433	1046	50	-0.0000034676	0.000000013667
1	234599434	235819435	730	50	0.0000843092	0.000000014938
1	235819436	237555627	1395	50	0.0000645522	0.000000015186
1	237555628	238567806	901	50	0.0000227310	0.000000014200
1	238567807	239925313	1122	50	0.0000267186	0.000000013971
1	239925314	240564090	669	50	0.0000379369	0.000000011219
1	240564091	241582219	953	50	0.0000053816	0.000000014371
1	241582220	242071601	384	45	-0.0000008381	0.000000006738
1	242071602	244109498	1168	50	0.0001908918	0.000000016843
1	244109499	245506745	943	50	0.0000847720	0.000000015782
1	245506746	247344517	1407	50	-0.0000111556	0.000000013756
1	247344518	249239465	869	50	0.0000099417	0.000000015403
2	10133	1781021	1376	50	0.0011887851	0.000000028623
2	1781022	3973778	1842	50	0.0001152924	0.000000015227
2	3973779	5708336	1431	50	0.0000358203	0.000000014040
2	5708337	6836253	1289	50	0.0002175473	0.000000016617
2	6836254	8422146	1356	50	0.0000523863	0.000000014298
2	8422147	10298468	1348	50	0.0000960659	0.000000015102
2	10298469	12419149	1871	50	0.0000619456	0.000000014486
2	12419150	14335307	1605	50	0.0000073741	0.000000013574
2	14335308	16329734	1779	50	0.0000804562	0.000000014596
2	16329735	18647422	1871	50	0.0000925562	0.000000014785
2	18647423	19692403	804	50	0.0000381525	0.000000011493
2	19692404	21050489	1301	50	-0.0000046866	0.000000013161
2	21050490	23341382	1413	50	0.0000545074	0.000000012702
2	23341383	24686917	861	50	0.0000809513	0.000000012681
2	24686918	26894984	1054	50	0.0005093915	0.000000020406
2	26894985	28598776	744	43	0.0003388483	0.000000011307
2	28598777	29217558	473	42	0.0000695791	0.000000008277
2	29217559	30463710	1203	50	0.0001304134	0.000000015339
2	30463711	31550449	1165	50	0.0001344440	0.000000015459
2	31550450	33363776	816	50	0.0000658684	0.000000014213
2	33363777	35345027	1795	50	0.0001409274	0.000000015655
2	35345028	36122005	878	45	0.0001242401	0.000000012026
2	36122006	38132711	1886	50	0.0001487600	0.000000015430
2	38132712	39031336	623	50	-0.0000063339	0.000000011624
2	39031337	40281482	627	43	-0.0000106439	0.000000009929
2	40281483	43309589	2817	50	0.0002699925	0.000000016565
2	43309590	44313802	855	50	0.0001019345	0.000000011735
2	44313803	46482633	1973	50	0.0001343077	0.000000015141
2	46482634	47318771	781	50	-0.0000311502	0.000000012730
2	47318772	48213000	526	50	0.0000365253	0.000000012912
2	48213001	50022256	1534	50	0.0001420444	0.000000015368
2	50022257	50818927	822	43	0.0000972132	0.000000011350
2	50818928	52491132	1681	50	0.0000769735	0.000000014398
2	52491133	53508451	1122	50	0.0000211230	0.000000013686
2	53508452	54685225	874	50	0.0001256542	0.000000014899
2	54685226	56203344	1226	50	0.0001359407	0.000000014679
2	56203345	57429099	978	50	0.0001365609	0.000000014187
2	57429100	58297314	665	38	0.0001675446	0.000000010801
2	58297315	60291999	1335	50	0.0006310740	0.000000021975
2	60292000	62429043	1038	50	0.0001500492	0.000000014788
2	62429044	64625912	1141	50	0.0001752088	0.000000015739
2	64625913	65933443	885	50	0.0001834998	0.000000015869
2	65933444	67226165	1157	50	0.0000340071	0.000000013624
2	67226166	68010175	942	50	0.0000352369	0.000000012113
2	68010176	69139563	1041	50	0.0000166605	0.000000013618
2	69139564	70755197	971	50	0.0000008183	0.000000013122
2	70755198	73174847	1812	50	0.0000076073	0.000000013709
2	73174848	75630085	1470	50	0.0000403182	0.000000014251
2	75630086	76913660	1082	50	0.0001430431	0.000000015236
2	76913661	78079263	936	50	0.0001756855	0.000000016371
2	78079264	80050402	2038	50	0.0000994780	0.000000014786
2	80050403	81620840	1137	50	0.0001390029	0.000000015190
2	81620841	85140679	2444	50	0.0000260467	0.000000013766
2	85140680	88038506	1241	50	0.0001798287	0.000000016178
2	88038507	89154525	447	40	0.0000464091	0.000000007020
2	89154526	95326451	51	5	0.0000093482	0.000000002414
2	95326452	98995200	871	50	0.0000053741	0.000000012487
2	98995201	101822328	1917	50	0.0001990685	0.000000016076
2	101822329	102688764	604	39	-0.0000181510	0.000000006946
2	102688765	103588214	969	48	0.0000103868	0.000000008818
2	103588215	105125033	811	50	0.0000710548	0.000000010998
2	105125034	106210057	868	50	0.0000914389	0.000000013709
2	106210058	107408266	962	50	0.0000018112	0.000000013241
2	107408267	108429176	942	50	0.0000502192	0.000000009713
2	108429177	110572431	1155	50	0.0000708839	0.000000014685
2	110572432	113921855	1436	50	0.0000678956	0.000000014513
2	113921856	116772469	1688	50	0.0000272996	0.000000013843
2	116772470	118367465	1049	50	0.0000522553	0.000000010966
2	118367466	121303782	2041	50	0.0000975216	0.000000014714
2	121303783	123302905	1229	50	0.0000522415	0.000000014436
2	123302906	124732249	1197	50	0.0000023544	0.000000010494
2	124732250	125840920	891	50	0.0001089911	0.000000012522
2	125840921	127373763	1083	50	0.0001161509	0.000000011104
2	127373764	128034346	615	50	0.0000085596	0.000000009339
2	128034347	129474440	857	50	0.0000187474	0.000000012255
2	129474441	130067169	477	36	-0.0000248336	0.000000005471
2	130067170	130658084	469	34	0.0000687158	0.000000007022
2	130658085	133042783	526	50	0.0000799115	0.000000011504
2	133042784	135158577	1759	50	0.0000704930	0.000000014480
2	135158578	137042793	854	50	0.0001411716	0.000000011961
2	137042794	138698116	1229	50	0.0000931343	0.000000014502
2	138698117	140100270	1033	50	0.0000279291	0.000000010585
2	140100271	141805350	1413	50	-0.0000377767	0.000000012987
2	141805351	142518601	721	47	0.0001172932	0.000000010630
2	142518602	144519483	1497	50	0.0002047393	0.000000016209
2	144519484	146445569	868	50	0.0001311460	0.000000013619
2	146445570	147277161	379	24	0.0000635235	0.000000005487
2	147277162	150210291	1503	50	0.0000789803	0.000000014503
2	150210292	151731461	1055	50	0.0001114493	0.000000015193
2	151731462	152486781	577	38	0.0000443877	0.000000007574
2	152486782	154005055	1024	50	0.0000968660	0.000000014175
2	154005056	155391134	1160	50	-0.0000172943	0.000000013205
2	155391135	157560634	1233	50	0.0001530894	0.000000015558
2	157560635	158533217	352	33	0.0000138791	0.000000006172
2	158533218	159577081	720	50	0.0001174028	0.000000011467
2	159577082	161769732	1388	50	0.0001697698	0.000000015736
2	161769733	163503550	720	46	0.0000455626	0.000000009116
2	163503551	164466637	535	38	0.0001134409	0.000000008484
2	164466638	165178839	417	30	0.0001621952	0.000000008075
2	165178840	167160269	1374	50	0.0001344590	0.000000014640
2	167160270	167355969	177	13	-0.0000044760	0.000000002252
2	167355970	169968235	1654	50	0.0000689545	0.000000013911
2	169968236	171226244	990	50	0.0000877948	0.000000014912
2	171226245	173138904	1029	50	0.0001250096	0.000000015117
2	173138905	175588928	1639	50	0.0001185061	0.000000015104
2	175588929	177363635	991	50	0.0001176858	0.000000014925
2	177363636	178553182	1041	50	0.0000078808	0.000000011738
2	178553183	181312738	2214	50	0.0001281131	0.000000015108
2	181312739	182266030	708	44	0.0001627370	0.000000010415
2	182266031	184357607	1316	50	0.0000307265	0.000000013920
2	184357608	185280172	632	38	-0.0000344534	0.000000006565
2	185280173	189882064	2521	50	0.0001330932	0.000000015231
2	189882065	191973356	1072	50	0.0000052674	0.000000012190
2	191973357	195861163	1728	50	0.0000194360	0.000000013922
2	195861164	196447455	344	27	0.0000224007	0.000000004873
2	196447456	198078109	899	50	0.0000362628	0.000000010328
2	198078110	199311124	607	33	0.0001080600	0.000000008062
2	199311125	201576283	1251	50	0.0000478272	0.000000013890
2	201576284	202818636	518	49	-0.0000045831	0.000000008310
2	202818637	205799240	1374	50	0.0001661344	0.000000014700
2	205799241	206735703	669	50	0.0000148414	0.000000013672
2	206735704	208645398	1180	50	0.0003619800	0.000000018641
2	208645399	209941528	729	50	0.0000130103	0.000000010348
2	209941529	212379517	1703	50	0.0002386169	0.000000016752
2	212379518	214014281	1451	50	0.0001023709	0.000000014755
2	214014282	215573794	1060	50	0.0000895008	0.000000013874
2	215573795	217715660	1513	50	0.0000616700	0.000000014578
2	217715661	218395479	517	45	0.0000220205	0.000000009060
2	218395480	220454550	928	50	0.0002181280	0.000000016927
2	220454551	222521175	1829	50	0.0000886867	0.000000014664
2	222521176	224859418	1687	50	0.0000396054	0.000000014270
2	224859419	225840003	740	48	0.0000581768	0.000000009624
2	225840004	228119841	1613	50	0.0003676215	0.000000018344
2	228119842	229370786	940	50	0.0000544531	0.000000013083
2	229370787	231843388	1866	50	0.0000128460	0.000000013768
2	231843389	233550002	788	50	0.0000636862	0.000000014139
2	233550003	235150986	1475	50	0.0000031314	0.000000013709
2	235150987	236043549	770	50	0.0000926208	0.000000015487
2	236043550	237449031	893	50	0.0000854794	0.000000014768
2	237449032	238760980	1072	50	0.0000977459	0.000000014891
2	238760981	239952642	830	50	0.0001387516	0.000000015576
2	239952643	241560083	1217	50	0.0000862962	0.000000015321
2	241560084	242149920	373	38	0.0000279627	0.000000006812
2	242149921	243188919	254	23	0.0000203070	0.000000005360
3	60157	1441778	1247	50	0.0000231150	0.000000013969
3	1441779	2992119	1699	50	0.0001421026	0.000000015794
3	2992120	4431646	1537	50	-0.0000174705	0.000000013617
3	4431647	6083182	1472	50	0.0001470827	0.000000016213
3	6083183	7083386	927	50	0.0000494450	0.000000014651
3	7083387	8648560	1750	50	0.0000659404	0.000000014222
3	8648561	9543182	838	50	0.0000580624	0.000000015467
3	9543183	11019664	959	50	0.0002060079	0.000000016899
3	11019665	13070798	1327	50	0.0002193405	0.000000016100
3	13070799	14816899	1449	50	0.0000550241	0.000000014725
3	14816900	16282441	1015	50	0.0001178606	0.000000013896
3	16282442	17891117	1045	50	0.0000644789	0.000000014318
3	17891118	19125143	778	50	0.0000414266	0.000000010947
3	19125144	20091347	340	30	-0.0000392859	0.000000005382
3	20091348	21643706	1355	50	0.0001362025	0.000000015600
3	21643707	22204243	898	50	0.0000910873	0.000000015071
3	22204244	23804864	1173	50	0.0000161791	0.000000013958
3	23804865	25461557	1422	50	0.0002499023	0.000000016815
3	25461558	26877768	995	50	0.0000438097	0.000000014242
3	26877769	27840909	663	43	-0.0000081443	0.000000008816
3	27840910	29142259	951	50	0.0001785918	0.000000016279
3	29142260	30717954	1366	50	0.0000360662	0.000000013823
3	30717955	32351714	1282	50	0.0000961886	0.000000015111
3	32351715	33255591	472	50	-0.0000068902	0.000000009699
3	33255592	35283457	1259	50	0.0001219201	0.000000015504
3	35283458	36486841	894	50	0.0001129764	0.000000013367
3	36486842	38356115	1057	50	0.0001208347	0.000000015259
3	38356116	40221297	1323	50	0.0000737047	0.000000013795
3	40221298	41064527	315	23	0.0000206550	0.000000005141
3	41064528	42540001	1034	50	0.0001758874	0.000000016388
3	42540002	45165152	1291	50	0.0001011021	0.000000014852
3	45165153	46657499	1028	50	0.0000774063	0.000000014713
3	46657500	47727211	312	21	0.0001026089	0.000000005654
3	47727212	49316971	363	17	0.0001131933	0.000000005083
3	49316972	51832014	688	27	0.0001796952	0.000000008487
3	51832015	54081389	1053	50	0.0003299335	0.000000016880
3	54081390	55348859	1139	50	0.0001492962	0.000000015711
3	55348860	56433906	721	50	0.0000468571	0.000000011558
3	56433907	58157518	970	50	0.0000373325	0.000000013621
3	58157519	60272905	1801	50	0.0001550608	0.000000015611
3	60272906	62355665	1804	50	0.0001931604	0.000000016368
3	62355666	63669285	1284	50	0.0000886071	0.000000014761
3	63669286	65273537	1349	50	0.0001021608	0.000000014595
3	65273538	66270446	590	50	0.0000612106	0.000000013543
3	66270447	68286913	1369	50	0.0001354130	0.000000015467
3	68286914	69276761	703	50	0.0001637903	0.000000014232
3	69276762	70449027	842	50	0.0000796302	0.000000013862
3	70449028	72529328	1422	50	0.0001609818	0.000000015648
3	72529329	74321816	1465	50	0.0000809999	0.000000014540
3	74321817	75704948	627	48	0.0000740648	0.000000011016
3	75704949	77508834	1129	50	0.0000666528	0.000000014599
3	77508835	79024540	918	50	0.0003008172	0.000000016505
3	79024541	81427309	1320	50	0.0001888257	0.000000014531
3	81427310	82643885	720	38	0.0002438389	0.000000010417
3	82643886	84367478	883	48	0.0001519460	0.000000011324
3	84367479	85582230	657	34	0.0001276031	0.000000008961
3	85582231	87409731	1295	50	0.0003293022	0.000000015062
3	87409732	88298372	526	27	0.0000727345	0.000000005676
3	88298373	94255315	1246	50	0.0001065944	0.000000013601
3	94255316	95311970	773	27	-0.0000326757	0.000000005735
3	95311971	98215949	1608	50	-0.0000445541	0.000000013202
3	98215950	99373761	848	50	0.0000388473	0.000000009710
3	99373762	100592216	613	36	0.0000234760	0.000000007552
3	100592217	103084959	1490	50	-0.0000265498	0.000000013331
3	103084960	104581612	1220	50	0.0001421131	0.000000013597
3	104581613	106982810	1662	50	0.0001724092	0.000000016527
3	106982811	109522394	1755	50	0.0001910997	0.000000016252
3	109522395	110513769	718	36	0.0000077894	0.000000006670
3	110513770	112815698	1554	50	0.0000348475	0.000000014372
3	112815699	113947862	686	50	0.0000710696	0.000000010510
3	113947863	115447079	800	50	0.0003724298	0.000000018600
3	115447080	116800152	1067	50	0.0001309125	0.000000015570
3	116800153	118530250	1367	50	0.0001119685	0.000000015304
3	118530251	120523054	1189	50	0.0000733152	0.000000014347
3	120523055	121974096	804	43	0.0000698600	0.000000008572
3	121974097	123517767	984	50	0.0002265788	0.000000015795
3	123517768	124936641	1183	50	0.0001768531	0.000000015854
3	124936642	126214942	950	50	0.0001211448	0.000000013809
3	126214943	128194860	1267	50	-0.0000318328	0.000000013063
3	128194861	130244734	788	50	0.0000665694	0.000000011912
3	130244735	131836515	1149	50	0.0001984127	0.000000015173
3	131836516	133252172	1080	50	0.0000876548	0.000000013442
3	133252173	135456905	1655	50	0.0000750262	0.000000014487
3	135456906	137371082	876	48	0.0000973760	0.000000010931
3	137371083	139954596	1644	50	0.0002375377	0.000000016429
3	139954597	141339096	856	50	0.0002620552	0.000000016975
3	141339097	143164627	1119	50	0.0001337223	0.000000015678
3	143164628	144410815	834	50	0.0000369856	0.000000011523
3	144410816	145664618	1076	50	0.0001364826	0.000000012741
3	145664619	146726628	886	50	0.0000006203	0.000000009825
3	146726629	149043236	1422	50	0.0001450283	0.000000015820
3	149043237	150252003	829	50	0.0001148321	0.000000014870
3	150252004	151348729	657	50	0.0000347806	0.000000011348
3	151348730	153256570	1292	50	0.0001335073	0.000000015425
3	153256571	154714217	986	50	0.0001264573	0.000000011287
3	154714218	156008699	698	50	-0.0000202011	0.000000009936
3	156008700	157312027	931	50	0.0001267846	0.000000012743
3	157312028	159477889	1454	50	0.0002478909	0.000000017005
3	159477890	161524503	1272	50	0.0001948158	0.000000015009
3	161524504	163253204	1654	50	-0.0000052375	0.000000011355
3	163253205	165055468	1218	50	0.0000373465	0.000000009985
3	165055469	167117428	1244	50	0.0000491094	0.000000012879
3	167117429	168580959	772	50	0.0000360454	0.000000010125
3	168580960	170964908	1416	50	0.0001102713	0.000000013759
3	170964909	172295730	918	50	0.0000648725	0.000000014678
3	172295731	173477284	775	50	0.0002386550	0.000000017786
3	173477285	175116538	1348	50	0.0000380648	0.000000014299
3	175116539	176320286	853	50	0.0000413427	0.000000011074
3	176320287	178107164	1126	50	0.0000326233	0.000000014165
3	178107165	179374585	799	50	0.0000218043	0.000000011039
3	179374586	181511165	948	50	0.0001258729	0.000000014423
3	181511166	183769682	1224	50	0.0001674215	0.000000016167
3	183769683	185068254	749	50	0.0000651868	0.000000014606
3	185068255	186890343	1045	50	0.0004143514	0.000000019021
3	186890344	188856213	1509	50	0.0000593871	0.000000014523
3	188856214	190226606	1417	50	0.0000784260	0.000000014822
3	190226607	192343813	1621	50	0.0000338599	0.000000014278
3	192343814	194059670	746	50	0.0001268941	0.000000016234
3	194059671	194786673	399	50	0.0000603688	0.000000010236
3	194786674	195971407	339	45	0.0001979802	0.000000010525
3	195971408	197075986	396	50	-0.0000077523	0.000000008044
3	197075987	197946621	343	37	0.0000287777	0.000000006712
4	10240	694714	204	18	0.0000400430	0.000000004441
4	694715	1478710	426	30	0.0000836227	0.000000007873
4	1478711	2842978	484	50	0.0000128312	0.000000009961
4	2842979	3846039	514	50	0.0000522883	0.000000012419
4	3846040	4684115	456	50	0.0001424889	0.000000012798
4	4684116	5502387	704	50	0.0001031402	0.000000015109
4	5502388	6773042	1132	50	0.0000699330	0.000000015058
4	6773043	7539691	683	50	-0.0000360840	0.000000013977
4	7539692	8152234	559	50	-0.0000497400	0.000000012255
4	8152235	9326478	468	50	-0.0000000676	0.000000009988
4	9326479	10699151	1183	50	0.0000449816	0.000000014009
4	10699152	12323033	1397	50	-0.0000277897	0.000000012940
4	12323034	14272000	1655	50	0.0001107847	0.000000015002
4	14272001	15147445	741	50	0.0000465770	0.000000012214
4	15147446	15927008	505	41	0.0000678737	0.000000009211
4	15927009	17383321	1247	50	0.0001428804	0.000000015481
4	17383322	18841873	953	50	0.0001465383	0.000000014671
4	18841874	20544556	1149	50	0.0000813631	0.000000013087
4	20544557	22319346	1427	50	0.0001735643	0.000000015637
4	22319347	24135528	1291	50	0.0001383110	0.000000015576
4	24135529	25609321	1087	50	0.0001031095	0.000000015042
4	25609322	27343721	1039	50	0.0000434292	0.000000014222
4	27343722	27965867	482	41	0.0000645727	0.000000007955
4	27965868	29762207	1431	50	0.0000250361	0.000000014001
4	29762208	30454534	394	33	0.0000067042	0.000000005531
4	30454535	31782980	933	50	0.0000471489	0.000000013630
4	31782981	33172765	836	50	0.0000746234	0.000000011224
4	33172766	35151414	977	47	0.0000641924	0.000000009249
4	35151415	36020435	796	46	-0.0000203494	0.000000007800
4	36020436	37255046	1084	50	0.0001534044	0.000000013448
4	37255047	38907021	1399	50	0.0002010149	0.000000016309
4	38907022	40202608	691	50	-0.0000018126	0.000000010331
4	40202609	42213057	1287	50	0.0001605679	0.000000016024
4	42213058	43965044	1211	50	0.0000499829	0.000000014279
4	43965045	45189156	929	50	0.0009327508	0.000000021954
4	45189157	47411895	1161	50	0.0002121698	0.000000015626
4	47411896	48123599	481	32	-0.0000181592	0.000000005368
4	48123600	53877432	926	50	0.0001398647	0.000000013148
4	53877433	55429555	1013	50	0.0000736382	0.000000014157
4	55429556	56547643	766	50	0.0000690595	0.000000012480
4	56547644	58935007	1631	50	0.0000535462	0.000000014387
4	58935008	60741086	1246	50	0.0001338740	0.000000015649
4	60741087	62371762	1083	50	0.0001183267	0.000000013961
4	62371763	64341000	1116	50	0.0001570263	0.000000016213
4	64341001	66600491	1301	50	0.0001514226	0.000000015951
4	66600492	68059496	919	50	0.0001349581	0.000000012701
4	68059497	68854764	537	41	0.0000696200	0.000000007617
4	68854765	71049151	1252	50	-0.0000069419	0.000000012068
4	71049152	72140557	517	36	0.0000765516	0.000000006791
4	72140558	74592389	1061	50	0.0001042199	0.000000013896
4	74592390	77130706	1524	50	0.0001513478	0.000000016034
4	77130707	79093978	1368	50	0.0000624066	0.000000014685
4	79093979	80990296	1214	50	0.0000307481	0.000000013615
4	80990297	82125314	512	41	0.0001782983	0.000000008893
4	82125315	83372592	747	50	0.0000003746	0.000000010103
4	83372593	84799655	912	50	-0.0000442821	0.000000012177
4	84799656	86930608	1278	50	0.0000114769	0.000000013911
4	86930609	87534647	284	22	-0.0000080899	0.000000003044
4	87534648	89238027	1105	50	0.0002196968	0.000000015500
4	89238028	90231563	630	50	0.0000755259	0.000000010817
4	90231564	91560676	792	50	0.0001679442	0.000000012291
4	91560677	94233298	1238	50	0.0000600814	0.000000014283
4	94233299	96182187	1300	50	0.0000831113	0.000000014567
4	96182188	97540702	1178	50	0.0000948750	0.000000014982
4	97540703	99424066	1061	50	0.0000844972	0.000000011133
4	99424067	100678359	810	50	0.0000623566	0.000000011546
4	100678360	103221355	1687	50	0.0001903428	0.000000015870
4	103221356	105305293	1123	50	0.0002640190	0.000000016198
4	105305294	107501304	1216	50	0.0000715389	0.000000014850
4	107501305	108815347	783	50	-0.0000075854	0.000000009157
4	108815348	111256566	1505	50	0.0000402906	0.000000014032
4	111256567	113870101	1466	50	0.0001850075	0.000000016098
4	113870102	115666245	1167	50	0.0000429475	0.000000014288
4	115666246	117276928	921	49	0.0000581602	0.000000008992
4	117276929	118479917	1052	50	-0.0000215402	0.000000010182
4	118479918	119933511	1131	50	0.0001123674	0.000000012540
4	119933512	120392683	313	19	0.0000723704	0.000000004319
4	120392684	122657986	1614	50	0.0001200838	0.000000015289
4	122657987	124286480	886	50	0.0001965308	0.000000011889
4	124286481	125210861	518	47	0.0000395922	0.000000008171
4	125210862	126480885	866	50	0.0000483126	0.000000011725
4	126480886	127275476	576	43	0.0000039856	0.000000007416
4	127275477	127830292	443	34	-0.0000286806	0.000000005613
4	127830293	128996664	456	21	0.0000010149	0.000000005209
4	128996665	130591884	944	50	0.0000426268	0.000000013511
4	130591885	131283820	469	31	0.0001113347	0.000000007830
4	131283821	132954032	957	50	-0.0000225960	0.000000011238
4	132954033	134628433	1158	50	0.0000663930	0.000000011914
4	134628434	136566406	1185	50	0.0000581884	0.000000012681
4	136566407	138541970	1301	50	0.0000854796	0.000000014909
4	138541971	139556510	738	50	-0.0000155202	0.000000010383
4	139556511	141084630	836	50	0.0001469165	0.000000015680
4	141084631	143443264	1517	50	0.0000315739	0.000000014053
4	143443265	146178186	1191	50	0.0002777685	0.000000015995
4	146178187	148521872	1231	50	0.0000439438	0.000000014045
4	148521873	150683579	1160	50	0.0000037360	0.000000013797
4	150683580	152782183	937	50	-0.0000041932	0.000000010316
4	152782184	154477640	859	50	0.0001746085	0.000000016032
4	154477641	155056125	402	38	0.0000021229	0.000000006670
4	155056126	157485096	1676	50	0.0000875653	0.000000014622
4	157485097	158743717	686	50	0.0000313873	0.000000009876
4	158743718	161058863	1135	50	0.0000826465	0.000000014446
4	161058864	161826434	612	45	-0.0000022278	0.000000008620
4	161826435	163243678	1076	50	0.0001934583	0.000000015603
4	163243679	164478233	762	50	0.0000171437	0.000000010391
4	164478234	165823447	972	50	0.0000715054	0.000000014704
4	165823448	167018857	729	50	0.0000834052	0.000000013561
4	167018858	167852916	508	34	0.0000411898	0.000000006714
4	167852917	169676824	1242	50	0.0000133903	0.000000013818
4	169676825	170776509	549	47	0.0000781589	0.000000009759
4	170776510	172558634	1062	50	0.0002114624	0.000000015428
4	172558635	174264131	937	50	0.0001101217	0.000000013223
4	174264132	176570715	1384	50	0.0001638151	0.000000016362
4	176570716	178991909	1761	50	0.0000569541	0.000000014448
4	178991910	180122042	797	50	0.0000328091	0.000000012866
4	180122043	182066806	1696	50	0.0000964024	0.000000014913
4	182066807	183371274	1316	50	0.0000780148	0.000000014570
4	183371275	184929454	1032	50	0.0000156009	0.000000014840
4	184929455	186909089	1485	50	0.0000503664	0.000000014914
4	186909090	188472980	1115	50	0.0000375593	0.000000014205
4	188472981	189693510	816	50	0.0000091100	0.000000014391
4	189693511	191043593	663	50	0.0000123741	0.000000013255
5	11940	982251	439	36	0.0000319556	0.000000008293
5	982252	2132441	871	50	0.0000490299	0.000000014818
5	2132442	3361940	1636	50	0.0001540724	0.000000016057
5	3361941	4632109	1133	50	0.0000665326	0.000000014857
5	4632110	5973232	1491	50	0.0000572959	0.000000014595
5	5973233	7143217	1170	50	0.0000324597	0.000000013935
5	7143218	8446335	1261	50	0.0000234637	0.000000013990
5	8446336	9718831	1320	50	0.0000394010	0.000000014307
5	9718832	11173270	1412	50	0.0000747979	0.000000014794
5	11173271	13464831	1205	50	0.0000407729	0.000000014224
5	13464832	14757803	1130	50	0.0001112112	0.000000015240
5	14757804	16963612	1413	50	0.0000911052	0.000000014691
5	16963613	18051591	567	50	0.0000880173	0.000000011357
5	18051592	19917715	1355	50	0.0000870223	0.000000014911
5	19917716	22152072	1107	50	0.0001205655	0.000000013932
5	22152073	23494323	946	50	-0.0000050341	0.000000010976
5	23494324	26184850	1856	50	0.0001566513	0.000000015700
5	26184851	26857603	431	33	0.0000330449	0.000000005957
5	26857604	27984512	597	48	0.0000751114	0.000000009013
5	27984513	29714819	1238	50	0.0000222534	0.000000012897
5	29714820	31390248	1425	50	0.0000870048	0.000000014637
5	31390249	33500179	1402	50	0.0000503739	0.000000013672
5	33500180	35048969	1032	50	-0.0000167605	0.000000013631
5	35048970	36433953	1026	50	0.0000247281	0.000000012746
5	36433954	38802409	1548	50	0.0001018559	0.000000015103
5	38802410	40287728	1159	50	0.0000185852	0.000000012562
5	40287729	41888709	1289	50	0.0000539797	0.000000012218
5	41888710	43983498	953	44	0.0001049388	0.000000011043
5	43983499	50163397	1050	43	-0.0000005476	0.000000010233
5	50163398	52134621	1381	50	0.0001042598	0.000000014715
5	52134622	53703043	1341	50	0.0000942977	0.000000014654
5	53703044	55417348	1167	50	0.0000211036	0.000000013748
5	55417349	56621101	996	50	0.0000713761	0.000000014233
5	56621102	57340072	596	48	0.0000801804	0.000000008233
5	57340073	58524621	1173	50	0.0000123520	0.000000013401
5	58524622	60935906	1471	50	0.0000646337	0.000000014225
5	60935907	61672994	542	36	0.0000278254	0.000000007045
5	61672995	63218986	1091	50	0.0002033097	0.000000014435
5	63218987	63968303	376	26	0.0000891305	0.000000006195
5	63968304	65911285	1259	50	0.0001493190	0.000000015529
5	65911286	67850859	1519	50	0.0000808713	0.000000014655
5	67850860	71240455	910	50	0.0000678888	0.000000014058
5	71240456	73759325	1848	50	0.0000476854	0.000000014135
5	73759326	75798865	1346	50	0.0003585648	0.000000017492
5	75798866	77623331	1335	50	0.0000823049	0.000000014316
5	77623332	79393143	1180	50	0.0000338247	0.000000013951
5	79393144	80481470	875	50	0.0000576430	0.000000014250
5	80481471	82025647	906	50	0.0000878556	0.000000014522
5	82025648	83972688	1068	50	-0.0000374704	0.000000013274
5	83972689	85767289	1440	50	-0.0000361096	0.000000013048
5	85767290	87389990	664	44	0.0002561102	0.000000012785
5	87389991	88891529	598	42	0.0003455745	0.000000012455
5	88891530	90422653	884	50	-0.0000741745	0.000000010286
5	90422654	91840541	675	47	0.0000534660	0.000000009407
5	91840542	93809983	803	50	0.0001502801	0.000000012877
5	93809984	95963518	1335	50	0.0003767850	0.000000018854
5	95963519	97315600	974	50	0.0001414242	0.000000012410
5	97315601	99260991	1167	50	0.0000596643	0.000000013894
5	99260992	101578768	1368	50	0.0001083103	0.000000015288
5	101578769	103320004	1105	50	0.0000003140	0.000000013339
5	103320005	104851482	1082	50	-0.0000157924	0.000000011852
5	104851483	105893054	420	29	0.0000451338	0.000000007887
5	105893055	107264195	1181	50	0.0001877546	0.000000015920
5	107264196	108633933	927	50	0.0002290792	0.000000015090
5	108633934	110821143	1533	50	0.0000501555	0.000000014553
5	110821144	111981561	899	50	0.0000304495	0.000000013986
5	111981562	113396284	1209	50	0.0001620886	0.000000015923
5	113396285	114830369	1130	50	0.0001193306	0.000000015104
5	114830370	115831046	908	50	0.0001283282	0.000000014553
5	115831047	117346212	1364	50	0.0001026502	0.000000015168
5	117346213	118608819	831	50	0.0000275245	0.000000013786
5	118608820	119669041	737	50	0.0000446221	0.000000011509
5	119669042	120452165	581	37	0.0000801517	0.000000009176
5	120452166	122556904	1447	50	0.0001653801	0.000000015835
5	122556905	123798099	1022	50	0.0001361372	0.000000015254
5	123798100	125785648	1893	50	0.0000393065	0.000000014065
5	125785649	127344603	838	50	0.0000502902	0.000000013154
5	127344604	129519024	1593	50	0.0000027949	0.000000013524
5	129519025	132139648	1160	50	0.0001174419	0.000000012725
5	132139649	134777400	1560	50	0.0000294762	0.000000013890
5	134777401	136376049	1241	50	0.0001495426	0.000000015680
5	136376050	139265071	1241	50	0.0002684688	0.000000017044
5	139265072	140645970	600	38	0.0000810233	0.000000008414
5	140645971	142981247	1558	50	0.0002103859	0.000000016592
5	142981248	144943353	1460	50	0.0002331536	0.000000016735
5	144943354	147181997	1526	50	0.0000098054	0.000000013700
5	147181998	148662623	1190	50	0.0001390040	0.000000015539
5	148662624	150561297	1474	50	0.0000152427	0.000000013732
5	150561298	152867773	1850	50	0.0000757700	0.000000014440
5	152867774	153773087	965	50	0.0002610660	0.000000013414
5	153773088	155373504	1212	50	0.0000262479	0.000000014001
5	155373505	156628699	805	50	0.0001403623	0.000000011748
5	156628700	158825697	1791	50	0.0000997023	0.000000013703
5	158825698	159973943	731	50	-0.0000228645	0.000000012578
5	159973944	161482132	1121	50	-0.0000064886	0.000000012585
5	161482133	162743907	904	50	0.0000659591	0.000000012807
5	162743908	163771581	870	50	0.0001917631	0.000000015272
5	163771582	165642394	1228	50	0.0002284481	0.000000017064
5	165642395	166847739	893	50	0.0001434566	0.000000015543
5	166847740	168525317	1318	50	0.0002436345	0.000000016819
5	168525318	169505663	887	50	0.0000058106	0.000000013461
5	169505664	171074291	1240	50	0.0000301802	0.000000013995
5	171074292	172678326	1158	50	0.0000252557	0.000000013866
5	172678327	173642870	962	50	0.0000653337	0.000000013880
5	173642871	175450594	1542	50	0.0000007312	0.000000014173
5	175450595	177251506	544	50	0.0001526440	0.000000012095
5	177251507	178413463	815	50	0.0001140958	0.000000015541
5	178413464	179401243	642	50	0.0000665453	0.000000014837
5	179401244	180559932	612	50	-0.0000246842	0.000000011854
5	180559933	180885155	83	12	-0.0000053563	0.000000001966
6	73924	1452361	1334	50	-0.0000133075	0.000000013818
6	1452362	2458935	842	50	0.0000442816	0.000000014270
6	2458936	3573592	1054	50	0.0000635733	0.000000014979
6	3573593	4617816	1111	50	-0.0000164080	0.000000013123
6	4617817	5791471	1138	50	0.0000696505	0.000000014689
6	5791472	6785206	1091	50	0.0000253714	0.000000013584
6	6785207	7808935	945	50	0.0000702916	0.000000014159
6	7808936	9020025	1235	50	0.0000543951	0.000000014048
6	9020026	10540316	1337	50	0.0000821729	0.000000014544
6	10540317	11790815	1047	50	0.0000902505	0.000000014788
6	11790816	13209387	1250	50	0.0001031924	0.000000013040
6	13209388	14802923	1328	50	0.0001038108	0.000000014422
6	14802924	17386404	1947	50	0.0001414125	0.000000015412
6	17386405	19207486	1468	50	0.0000628162	0.000000014312
6	19207487	21684064	2193	50	0.0000738949	0.000000012600
6	21684065	22748306	1099	50	0.0001632327	0.000000015850
6	22748307	23936618	1190	50	0.0000791278	0.000000014758
6	23936619	24852274	763	50	0.0000962849	0.000000014697
6	24852275	25684586	945	50	0.0000814030	0.000000011624
6	25684587	26791232	928	46	0.0000749999	0.000000007914
6	26791233	28017818	561	28	0.0000482114	0.000000005788
6	28017819	28917607	590	26	0.0000798820	0.000000005128
6	28917608	29737970	947	40	0.0000500656	0.000000007875
6	29737971	30798167	1881	50	0.0000887966	0.000000012514
6	30798168	31571217	1696	50	0.0001618498	0.000000013608
6	31571218	32682663	1220	50	0.0001883889	0.000000012964
6	32682664	33236496	1259	50	0.0000213217	0.000000011533
6	33236497	35455755	1340	50	0.0003818220	0.000000018237
6	35455756	37572595	1446	50	0.0000389095	0.000000013755
6	37572596	39295676	1555	50	0.0001681937	0.000000015597
6	39295677	40345114	831	50	0.0002143075	0.000000014535
6	40345115	42038720	1349	50	0.0001678051	0.000000015896
6	42038721	43756168	747	50	0.0001136849	0.000000014927
6	43756169	45406562	1201	50	0.0001750468	0.000000016263
6	45406563	47311897	1537	50	0.0002167324	0.000000016599
6	47311898	48391124	915	50	0.0000945029	0.000000010097
6	48391125	50386144	1510	50	0.0002226203	0.000000014550
6	50386145	52210475	1415	50	0.0009876454	0.000000024516
6	52210476	53279101	849	50	0.0000422251	0.000000012621
6	53279102	55468269	2084	50	0.0003072950	0.000000017716
6	55468270	56105312	653	29	-0.0000044006	0.000000004974
6	56105313	57599464	791	50	0.0000894887	0.000000011366
6	57599465	61880511	418	15	0.0000203577	0.000000004501
6	61880512	63552887	1115	32	0.0000128756	0.000000008351
6	63552888	65765741	1258	50	0.0000867915	0.000000013011
6	65765742	67329214	1668	50	0.0000553368	0.000000014398
6	67329215	68849482	1402	50	0.0000592724	0.000000014000
6	68849483	69523447	599	38	0.0000450064	0.000000007003
6	69523448	71609509	1765	50	0.0001444139	0.000000015685
6	71609510	73450096	1546	50	0.0001796535	0.000000014589
6	73450097	75462002	1296	50	0.0001256747	0.000000015732
6	75462003	77414880	1071	50	0.0000240616	0.000000011366
6	77414881	78957727	1401	50	0.0000862055	0.000000011428
6	78957728	80691169	1359	50	0.0001116906	0.000000014873
6	80691170	81929221	1102	39	0.0000682934	0.000000008453
6	81929222	83127148	863	50	-0.0000018386	0.000000010114
6	83127149	85209988	1215	50	0.0000520343	0.000000014106
6	85209989	87069499	1433	50	0.0001096622	0.000000013605
6	87069500	88822139	1240	50	0.0001235049	0.000000015480
6	88822140	89973051	910	50	0.0000282370	0.000000013329
6	89973052	91843195	1505	50	0.0001776330	0.000000016216
6	91843196	93428643	1307	50	0.0000401582	0.000000014054
6	93428644	94118141	726	50	0.0000812107	0.000000009740
6	94118142	94441174	210	11	-0.0000156650	0.000000001763
6	94441175	97093510	2005	50	0.0000424179	0.000000014345
6	97093511	97842283	571	36	0.0002036394	0.000000008872
6	97842284	100630145	1875	50	0.0002998586	0.000000017756
6	100630146	102636771	1351	50	0.0001498870	0.000000015741
6	102636772	103983394	957	48	0.0000228009	0.000000009333
6	103983395	106056732	1424	50	0.0001494200	0.000000015800
6	106056733	107450305	1222	50	0.0000263903	0.000000013977
6	107450306	108464379	626	50	0.0000978563	0.000000011065
6	108464380	110304246	1094	50	0.0001659439	0.000000015136
6	110304247	112345013	1217	50	-0.0000144526	0.000000013446
6	112345014	114220832	1419	50	0.0000377104	0.000000013942
6	114220833	116131395	1165	50	0.0000739327	0.000000012573
6	116131396	117672971	1068	50	0.0000696164	0.000000012347
6	117672972	118963114	874	50	0.0001078558	0.000000008635
6	118963115	119963277	769	47	0.0001121389	0.000000009142
6	119963278	120512127	510	26	0.0001484316	0.000000006684
6	120512128	121905675	1101	49	0.0000330162	0.000000009568
6	121905676	123856180	1496	50	0.0000430173	0.000000014309
6	123856181	125424382	1293	50	0.0000488695	0.000000014542
6	125424383	127540460	1053	50	0.0001364048	0.000000014168
6	127540461	129861030	1550	50	0.0002108896	0.000000016658
6	129861031	130935453	1059	50	0.0001397871	0.000000015375
6	130935454	132765668	1414	50	0.0001841144	0.000000016232
6	132765669	134244242	1296	50	0.0000957141	0.000000014247
6	134244243	136224176	1260	50	0.0000449000	0.000000014184
6	136224177	137614217	662	50	0.0000417873	0.000000011391
6	137614218	138822628	968	50	0.0000934585	0.000000015196
6	138822629	139845435	715	50	0.0000001057	0.000000012103
6	139845436	142288478	1406	50	0.0001502956	0.000000015447
6	142288479	145319809	2183	50	0.0003010783	0.000000017623
6	145319810	146665423	937	37	0.0000539170	0.000000007710
6	146665424	148920351	1873	50	0.0000739647	0.000000014443
6	148920352	150253403	1090	50	0.0000805494	0.000000014744
6	150253404	151912702	1684	50	0.0000977087	0.000000015025
6	151912703	153094495	1081	50	0.0000229141	0.000000014000
6	153094496	154974119	1840	50	0.0001119086	0.000000015168
6	154974120	156763325	1411	50	0.0000400972	0.000000014246
6	156763326	158218718	649	50	0.0001015097	0.000000013506
6	158218719	160580496	2123	50	0.0000064383	0.000000013538
6	160580497	162169563	1456	50	0.0000639065	0.000000013261
6	162169564	162931202	721	50	0.0000543445	0.000000013131
6	162931203	164383520	1432	50	0.0002202603	0.000000016620
6	164383521	165586863	1319	50	0.0000370997	0.000000014127
6	165586864	167024732	1611	50	0.0002083718	0.000000017010
6	167024733	168042834	891	50	0.0001083612	0.000000015055
6	168042835	169382049	1270	50	0.0000942271	0.000000015182
6	169382050	170330172	864	50	0.0001194539	0.000000012321
6	170330173	171051269	496	40	-0.0000211673	0.000000007484
7	16161	972751	174	24	-0.0000020302	0.000000004692
7	972752	1353066	149	20	0.0000177407	0.000000004405
7	1353067	2062397	266	29	-0.0000163637	0.000000006318
7	2062398	2772226	363	43	0.0001489696	0.000000010437
7	2772227	4573427	1765	50	0.0001719810	0.000000015983
7	4573428	5416231	335	50	0.0000522700	0.000000010232
7	5416232	5854525	161	21	0.0000428186	0.000000004380
7	5854526	6573856	243	30	0.0000960645	0.000000007054
7	6573857	7808751	892	50	0.0001148337	0.000000015852
7	7808752	9123422	1583	50	0.0001244628	0.000000015811
7	9123423	9987498	897	50	0.0001207134	0.000000016047
7	9987499	11299197	1215	50	0.0000635393	0.000000014684
7	11299198	12635460	1672	50	0.0001162970	0.000000015218
7	12635461	13884201	1381	50	0.0000036230	0.000000013781
7	13884202	15143656	1304	50	0.0001073678	0.000000010692
7	15143657	16902068	1627	50	0.0001294908	0.000000015326
7	16902069	19481546	2087	50	-0.0000163521	0.000000013370
7	19481547	20124907	600	40	0.0000450710	0.000000010072
7	20124908	22507628	2380	50	0.0000532251	0.000000014254
7	22507629	23471441	595	50	0.0000641814	0.000000011869
7	23471442	25077258	1354	50	0.0001740603	0.000000015977
7	25077259	25909554	936	50	-0.0000319540	0.000000012506
7	25909555	28360308	1998	50	0.0002013059	0.000000014945
7	28360309	31137288	2147	50	-0.0000334853	0.000000013147
7	31137289	33555767	2105	50	0.0002001187	0.000000016315
7	33555768	36213537	2088	50	0.0000925253	0.000000014763
7	36213538	37555183	1181	50	0.0000369974	0.000000014403
7	37555184	38966702	1336	50	0.0000442937	0.000000014098
7	38966703	39862669	629	47	0.0000287470	0.000000008709
7	39862670	42001810	1318	50	0.0000704154	0.000000014357
7	42001811	43159073	888	50	0.0000618929	0.000000013238
7	43159074	44763827	989	50	0.0001983606	0.000000014653
7	44763828	45952921	711	50	0.0000984960	0.000000012779
7	45952922	46986719	1065	50	0.0000601352	0.000000012764
7	46986720	49212277	1870	50	0.0000973535	0.000000014778
7	49212278	51675321	1986	50	0.0002679628	0.000000017298
7	51675322	53176311	1611	50	-0.0000085174	0.000000013055
7	53176312	54222975	920	50	-0.0000516563	0.000000009013
7	54222976	55691583	1170	50	0.0000147359	0.000000013772
7	55691584	57382637	629	39	-0.0000383203	0.000000007418
7	57382638	63307358	462	27	-0.0000266814	0.000000007148
7	63307359	63641124	156	10	-0.0000191482	0.000000001608
7	63641125	65689808	781	36	0.0000135353	0.000000008789
7	65689809	68234073	1600	50	0.0002087763	0.000000016520
7	68234074	69085363	521	50	0.0000671792	0.000000008947
7	69085364	71874884	1620	50	0.0003313602	0.000000018275
7	71874885	73334601	272	29	0.0000891545	0.000000005789
7	73334602	76458563	601	50	0.0002303066	0.000000015651
7	76458564	78093858	1188	50	0.0004694306	0.000000020083
7	78093859	79888068	1482	50	0.0001519706	0.000000015885
7	79888069	82022685	1571	50	-0.0000011008	0.000000013586
7	82022686	83801202	1461	50	-0.0000014936	0.000000013365
7	83801203	85572181	1085	50	0.0000702380	0.000000011340
7	85572182	87825003	1247	50	0.0001238738	0.000000014360
7	87825004	90661783	2630	50	0.0000121137	0.000000013673
7	90661784	92493751	756	50	0.0001435901	0.000000012637
7	92493752	93966600	805	50	0.0002723329	0.000000016822
7	93966601	96073507	1358	50	0.0001515576	0.000000015565
7	96073508	97099569	627	50	0.0000861998	0.000000010259
7	97099570	98715473	847	50	0.0000650152	0.000000013481
7	98715474	100196650	395	32	0.0000214286	0.000000005655
7	100196651	101199252	408	46	0.0001000479	0.000000009309
7	101199253	103197509	725	50	0.0001253871	0.000000013456
7	103197510	104159524	967	50	0.0000628429	0.000000013810
7	104159525	105682904	861	50	0.0002483261	0.000000017054
7	105682905	107780177	1441	50	0.0000254402	0.000000013808
7	107780178	109647593	1284	50	0.0000341055	0.000000013917
7	109647594	112618683	1672	50	0.0000089635	0.000000013702
7	112618684	113712386	566	38	0.0001136599	0.000000008861
7	113712387	116780177	1566	50	0.0001982145	0.000000015478
7	116780178	118351580	912	47	0.0000302921	0.000000008484
7	118351581	121045272	1148	50	0.0000604356	0.000000011965
7	121045273	121933629	455	34	0.0000318479	0.000000006489
7	121933630	124156804	1646	50	0.0001552637	0.000000015634
7	124156805	124167551	13	2	-0.0000001457	0.000000000392
7	124167552	126519169	1876	50	0.0001133990	0.000000015209
7	126519170	126869220	386	22	0.0000651489	0.000000004954
7	126869221	128778385	1110	50	0.0001226833	0.000000015182
7	128778386	130422413	757	50	0.0000670348	0.000000013131
7	130422414	132805847	1736	50	0.0000958609	0.000000014983
7	132805848	134307595	1047	50	0.0000421514	0.000000011854
7	134307596	135591082	994	50	0.0000456144	0.000000014059
7	135591083	136876561	969	50	0.0000597092	0.000000012882
7	136876562	138744678	1146	50	0.0000445476	0.000000014828
7	138744679	139933176	511	50	0.0000710721	0.000000010076
7	139933177	140235209	175	29	0.0000506297	0.000000004797
7	140235210	141226556	534	44	0.0000340676	0.000000008036
7	141226557	142656309	934	50	0.0001313463	0.000000012581
7	142656310	144968288	1175	50	0.0000697894	0.000000014757
7	144968289	146427959	1071	50	-0.0000112770	0.000000011329
7	146427960	147815317	1458	50	0.0000814166	0.000000014665
7	147815318	149840657	1114	50	0.0000847605	0.000000015833
7	149840658	150711504	585	48	0.0000922702	0.000000009563
7	150711505	152249805	749	50	0.0001096149	0.000000016153
7	152249806	153674018	1003	50	0.0000167652	0.000000014945
7	153674019	154964729	1008	50	0.0000454230	0.000000015531
7	154964730	156065249	923	50	-0.0000054995	0.000000015062
7	156065250	157634596	963	50	0.0001107054	0.000000015191
7	157634597	159128574	878	50	0.0001854058	0.000000016902
8	10422	1044216	717	50	0.0000364987	0.000000014238
8	1044217	1163244	128	16	0.0000019918	0.000000002879
8	1163245	2042941	751	50	0.0000359919	0.000000014385
8	2042942	2573278	606	50	0.0000120480	0.000000014009
8	2573279	3392925	1133	50	0.0000120447	0.000000013716
8	3392926	3783016	885	50	0.0000457758	0.000000014360
8	3783017	4480475	1308	50	0.0000688790	0.000000014707
8	4480476	5146926	975	50	0.0000271615	0.000000013759
8	5146927	6142796	1799	50	0.0000440119	0.000000014129
8	6142797	7153078	956	50	0.0000652159	0.000000014995
8	7153079	9154693	1163	50	0.0000591763	0.000000013728
8	9154694	9640786	469	34	0.0001407152	0.000000008092
8	9640787	10463196	955	50	0.0000880880	0.000000014312
8	10463197	11278997	750	50	0.0001034559	0.000000012504
8	11278998	13491774	1516	50	0.0000337009	0.000000013683
8	13491775	13944991	706	48	-0.0000378442	0.000000010186
8	13944992	15991659	2272	50	0.0002456493	0.000000016713
8	15991660	17387875	1189	50	0.0000297608	0.000000014228
8	17387876	17836398	547	44	0.0001930459	0.000000012941
8	17836399	19492839	1815	50	0.0000669087	0.000000014209
8	19492840	20060855	622	50	0.0000750519	0.000000010009
8	20060856	21661736	1579	50	0.0001590808	0.000000015892
8	21661737	22897056	732	50	0.0000694114	0.000000015086
8	22897057	24674717	1306	50	0.0000493145	0.000000014074
8	24674718	25483453	540	43	0.0000342453	0.000000007932
8	25483454	26682524	1177	50	0.0000413611	0.000000013854
8	26682525	28162391	1552	50	0.0002376621	0.000000016936
8	28162392	29327895	680	50	0.0001856150	0.000000012716
8	29327896	31133728	1094	50	0.0001726014	0.000000015962
8	31133729	31548359	283	27	0.0000549159	0.000000005071
8	31548360	32977217	1055	50	0.0001277107	0.000000013964
8	32977218	35317231	1493	50	0.0003122355	0.000000016700
8	35317232	37379388	821	50	0.0000369723	0.000000011128
8	37379389	38938805	560	50	0.0000735727	0.000000010531
8	38938806	40703336	1211	50	0.0000185294	0.000000013866
8	40703337	41721453	758	50	0.0000475258	0.000000013252
8	41721454	42773822	314	27	0.0000573835	0.000000006115
8	42773823	46841314	118	11	-0.0000007493	0.000000002201
8	46841315	50082469	892	50	0.0000420727	0.000000012162
8	50082470	53302929	2316	50	0.0000936794	0.000000014893
8	53302930	54418043	851	50	0.0000523888	0.000000010479
8	54418044	55945580	1052	50	-0.0000060717	0.000000011971
8	55945581	56956382	747	50	0.0000637029	0.000000010485
8	56956383	59068650	1658	50	0.0000101476	0.000000013534
8	59068651	59728099	640	44	-0.0000032074	0.000000007941
8	59728100	62329098	1821	50	0.0002262180	0.000000016797
8	62329099	63349305	777	46	0.0000073463	0.000000008060
8	63349306	65232871	1309	50	0.0002187483	0.000000016006
8	65232872	66489089	753	50	0.0001880944	0.000000012505
8	66489090	69863056	1806	50	0.0001431190	0.000000015582
8	69863057	70867978	918	50	0.0000389828	0.000000014003
8	70867979	72289453	1010	50	-0.0000049758	0.000000011569
8	72289454	73817198	1530	50	0.0000559928	0.000000014110
8	73817199	75445063	1189	50	0.0001472425	0.000000015438
8	75445064	76456541	715	50	0.0001520229	0.000000009967
8	76456542	79132860	1904	50	0.0004569740	0.000000020085
8	79132861	81956394	1588	50	0.0001480660	0.000000015494
8	81956395	82693738	524	42	-0.0000230225	0.000000006310
8	82693739	84225588	1199	50	0.0000469906	0.000000010991
8	84225589	85955618	980	50	0.0001432376	0.000000011458
8	85955619	87411708	526	33	0.0000347465	0.000000006504
8	87411709	89085480	1131	50	0.0000707186	0.000000013477
8	89085481	90638161	984	50	0.0000730836	0.000000011522
8	90638162	93554385	1562	50	0.0000934954	0.000000014692
8	93554386	95005526	801	50	0.0000161392	0.000000011824
8	95005527	96534805	1191	50	0.0001324693	0.000000015273
8	96534806	99401580	2144	50	0.0000879957	0.000000014771
8	99401581	101620957	840	50	0.0000835280	0.000000010995
8	101620958	104123305	1942	50	0.0001866673	0.000000016118
8	104123306	104988751	727	34	0.0000153528	0.000000006470
8	104988752	107410753	1861	50	0.0001527508	0.000000015359
8	107410754	108648176	1144	50	0.0000779571	0.000000012870
8	108648177	109248172	516	30	0.0000008211	0.000000004793
8	109248173	110484313	979	43	0.0000382164	0.000000008488
8	110484314	111850846	753	50	0.0000130166	0.000000007513
8	111850847	113064319	767	29	0.0000627985	0.000000006535
8	113064320	116096494	2217	50	0.0000482838	0.000000014121
8	116096495	119685456	2621	50	0.0001328525	0.000000015227
8	119685457	121201699	1252	50	0.0000264527	0.000000013617
8	121201700	124861458	2741	50	0.0000419035	0.000000013981
8	124861459	125683718	603	50	0.0000642556	0.000000010199
8	125683719	126410916	481	50	0.0000504141	0.000000008649
8	126410917	128659110	1869	50	0.0000627234	0.000000013766
8	128659111	130381138	1500	50	0.0000232853	0.000000013576
8	130381139	131639624	962	50	0.0000264725	0.000000013559
8	131639625	133351143	1655	50	0.0000461780	0.000000014205
8	133351144	134570000	1411	50	0.0000355582	0.000000013762
8	134570001	136035604	1606	50	0.0000695872	0.000000014171
8	136035605	137524150	1290	50	0.0000871348	0.000000014414
8	137524151	139254829	1805	50	0.0000487108	0.000000014338
8	139254830	140725642	1464	50	0.0000039722	0.000000013848
8	140725643	143044913	1541	50	0.0000102040	0.000000013710
8	143044914	144236880	740	50	0.0000879759	0.000000013424
8	144236881	146303866	614	50	0.0000998420	0.000000013908
9	10023	1079706	1045	50	0.0000780474	0.000000014393
9	1079707	1916876	1236	50	0.0000268408	0.000000013979
9	1916877	3190063	1485	50	0.0000226772	0.000000014143
9	3190064	4495327	1398	50	0.0000721572	0.000000013774
9	4495328	4884925	445	50	0.0001050947	0.000000010902
9	4884926	6557588	1085	50	0.0000536259	0.000000014173
9	6557589	7154922	594	50	0.0001650826	0.000000013522
9	7154923	8456298	1858	50	0.0000527530	0.000000014199
9	8456299	9166402	789	50	0.0000709541	0.000000014488
9	9166403	10879252	2096	50	0.0000872872	0.000000014904
9	10879253	12276488	1452	50	0.0000128952	0.000000013513
9	12276489	14836362	2610	50	0.0001215019	0.000000015511
9	14836363	16659654	1686	50	0.0002143330	0.000000016382
9	16659655	18661050	2082	50	0.0000226024	0.000000013618
9	18661051	20463533	1623	50	0.0000564384	0.000000014428
9	20463534	22206558	1488	50	0.0000981701	0.000000014111
9	22206559	24158517	1403	50	0.0001302084	0.000000015669
9	24158518	25330809	725	50	0.0000515561	0.000000014446
9	25330810	26111756	612	50	0.0001483915	0.000000015802
9	26111757	28224282	1978	50	0.0000584772	0.000000014323
9	28224283	28811583	579	50	0.0005081595	0.000000014803
9	28811584	30387391	1572	50	0.0002063925	0.000000016605
9	30387392	31310382	836	37	0.0001540390	0.000000010594
9	31310383	32019367	665	34	0.0000574327	0.000000007111
9	32019368	33578333	1318	50	0.0000070468	0.000000013824
9	33578334	34642242	591	34	0.0001416861	0.000000008205
9	34642243	36743282	1050	50	0.0000566016	0.000000014269
9	36743283	38641598	1409	50	0.0000928820	0.000000014978
9	38641599	65472189	201	29	-0.0000043476	0.000000004658
9	65472190	72512710	1115	50	0.0001307006	0.000000014939
9	72512711	72753754	217	15	-0.0000174262	0.000000001983
9	72753755	74253039	1241	50	0.0000774237	0.000000014319
9	74253040	76203945	1248	50	0.0000846164	0.000000014454
9	76203946	76973080	533	29	0.0000843777	0.000000006744
9	76973081	78900182	1714	50	-0.0000189181	0.000000012544
9	78900183	79471207	509	50	0.0000387205	0.000000010530
9	79471208	81079054	1169	50	-0.0000378106	0.000000012811
9	81079055	82590927	1298	50	0.0001380721	0.000000015199
9	82590928	84211232	1698	50	0.0001505086	0.000000015839
9	84211233	85440800	660	50	0.0000146245	0.000000011599
9	85440801	86938195	1318	50	0.0001403974	0.000000015465
9	86938196	88109332	984	50	0.0002071657	0.000000015819
9	88109333	88590416	206	18	-0.0000258368	0.000000002682
9	88590417	90136245	1213	50	0.0000064676	0.000000013322
9	90136246	92528697	1711	50	0.0001226343	0.000000015378
9	92528698	94167202	1261	50	0.0001165778	0.000000015388
9	94167203	96671697	1655	50	0.0001292785	0.000000015488
9	96671698	98922039	1279	50	0.0001762955	0.000000015762
9	98922040	101592858	1611	50	0.0000174570	0.000000013569
9	101592859	104624436	2181	50	0.0002998356	0.000000017592
9	104624437	105967975	1553	50	0.0000157465	0.000000013766
9	105967976	107581748	1687	50	0.0000013045	0.000000013222
9	107581749	109298753	1284	50	0.0001897204	0.000000015977
9	109298754	110695061	1097	50	0.0001088558	0.000000015223
9	110695062	112778023	2335	50	0.0001636675	0.000000015623
9	112778024	114831081	1823	50	0.0000378325	0.000000013817
9	114831082	115693144	699	41	0.0000116690	0.000000008196
9	115693145	117019800	1209	50	0.0000443523	0.000000014479
9	117019801	117921959	908	50	0.0000391923	0.000000013840
9	117921960	121321536	3104	50	0.0002761374	0.000000017280
9	121321537	122260296	812	50	0.0001435758	0.000000012798
9	122260297	124871321	1627	50	0.0001266078	0.000000015248
9	124871322	126971886	1249	50	0.0003591651	0.000000018911
9	126971887	129059664	976	50	0.0001422262	0.000000015273
9	129059665	130055509	627	50	0.0004482184	0.000000015929
9	130055510	132165469	971	50	0.0002662082	0.000000017727
9	132165470	133223216	621	50	0.0001048901	0.000000013534
9	133223217	134127887	569	50	0.0000581769	0.000000013175
9	134127888	135298841	758	50	0.0000529934	0.000000013583
9	135298842	137041121	1252	50	0.0000679551	0.000000014616
9	137041122	137589363	388	50	-0.0000351958	0.000000009320
9	137589364	138938977	1172	50	0.0000775094	0.000000015796
9	138938978	139500341	232	29	0.0000094317	0.000000006042
9	139500342	141144795	437	50	0.0000474441	0.000000012387
10	60523	751338	239	19	0.0000125740	0.000000005372
10	751339	1523543	640	50	0.0001578175	0.000000013771
10	1523544	2254499	949	50	0.0000489567	0.000000014035
10	2254500	3352698	1314	50	0.0001180888	0.000000015470
10	3352699	4572273	1276	50	0.0002093901	0.000000016547
10	4572274	5983761	1436	50	-0.0000259825	0.000000013057
10	5983762	7171483	1267	50	0.0000741205	0.000000014704
10	7171484	8774664	1634	50	0.0000039101	0.000000013671
10	8774665	10249395	1252	50	0.0000677529	0.000000014270
10	10249396	12586796	2024	50	0.0000060906	0.000000013391
10	12586797	13321599	779	50	0.0001212163	0.000000015658
10	13321600	15026067	1679	50	0.0000703765	0.000000014469
10	15026068	16551766	1141	50	0.0000539889	0.000000014489
10	16551767	18537266	1564	50	0.0000516738	0.000000014259
10	18537267	19716877	1305	50	0.0000559140	0.000000014131
10	19716878	22772282	2089	50	0.0001100122	0.000000015116
10	22772283	23175131	280	21	0.0000377767	0.000000005052
10	23175132	25578595	1595	50	0.0000592589	0.000000014551
10	25578596	26888683	1319	50	0.0000438071	0.000000014077
10	26888684	29323235	2000	50	0.0001250025	0.000000015437
10	29323236	29783691	545	50	0.0000356520	0.000000009372
10	29783692	30458837	737	50	0.0000614211	0.000000013472
10	30458838	31907518	1082	50	0.0000516169	0.000000014759
10	31907519	33707967	1372	50	0.0000422799	0.000000013984
10	33707968	35109354	1060	50	0.0002960167	0.000000017564
10	35109355	36572507	943	50	0.0000987577	0.000000013466
10	36572508	37790028	779	50	0.0000292321	0.000000010326
10	37790029	42372578	607	18	-0.0000020852	0.000000003700
10	42372579	43894770	729	49	0.0000431310	0.000000010765
10	43894771	44730074	720	47	0.0000381878	0.000000007510
10	44730075	48760449	1514	50	0.0000013780	0.000000013002
10	48760450	50840914	1323	50	0.0000542990	0.000000014041
10	50840915	53616628	1504	50	0.0001938802	0.000000016230
10	53616629	55103571	1527	50	0.0001414578	0.000000015523
10	55103572	57031139	2026	50	0.0002348926	0.000000017062
10	57031140	57662145	521	25	0.0000357904	0.000000004632
10	57662146	58959527	1282	41	0.0000756413	0.000000009291
10	58959528	60289986	1171	50	0.0000067916	0.000000010224
10	60289987	61891408	1190	50	0.0000722840	0.000000014690
10	61891409	62659678	671	43	0.0001272173	0.000000009848
10	62659679	63341694	344	26	0.0001691733	0.000000007442
10	63341695	65794113	1835	50	0.0002472051	0.000000016088
10	65794114	67549614	1295	50	0.0001177415	0.000000014297
10	67549615	69900147	2085	50	0.0001094962	0.000000015084
10	69900148	70195990	204	16	-0.0000115481	0.000000002568
10	70195991	72220849	1570	50	0.0000307001	0.000000013761
10	72220850	73508511	1392	50	0.0001576319	0.000000016097
10	73508512	75422549	730	44	0.0000485762	0.000000009069
10	75422550	78706813	1652	50	0.0002780757	0.000000017355
10	78706814	80876748	1942	50	0.0001291965	0.000000015232
10	80876749	82414678	1018	50	0.0000806328	0.000000014540
10	82414679	84383744	1637	50	0.0000613317	0.000000014596
10	84383745	85458702	1177	50	0.0000188395	0.000000010733
10	85458703	87937576	2265	50	0.0001309747	0.000000015491
10	87937577	89127063	501	45	0.0001189009	0.000000009498
10	89127064	91013380	1456	50	0.0000518131	0.000000014269
10	91013381	92006580	864	50	0.0000254893	0.000000011547
10	92006581	93335046	1036	50	0.0001086851	0.000000014152
10	93335047	95396367	1231	50	0.0001219812	0.000000014696
10	95396368	96221242	541	42	0.0001292523	0.000000009160
10	96221243	97822356	1083	50	0.0000681934	0.000000012871
10	97822357	100241301	1553	50	0.0000824807	0.000000014619
10	100241302	100668399	352	19	0.0000073504	0.000000003992
10	100668400	102949238	1341	50	0.0004167791	0.000000019294
10	102949239	104380409	521	36	0.0002571468	0.000000008956
10	104380410	106695047	1429	50	0.0002883584	0.000000015561
10	106695048	108726685	1641	50	0.0002055141	0.000000016513
10	108726686	110317704	1494	50	0.0000276634	0.000000013861
10	110317705	112561492	1648	50	0.0001151106	0.000000015090
10	112561493	115328431	2032	50	0.0002140862	0.000000016178
10	115328432	116421405	937	50	0.0000961173	0.000000014917
10	116421406	119523933	2088	50	0.0001693764	0.000000016149
10	119523934	120591352	786	50	0.0000557850	0.000000014202
10	120591353	122407322	1297	50	0.0000629153	0.000000014557
10	122407323	123231464	759	50	-0.0000539749	0.000000011553
10	123231465	123900544	512	50	0.0000613029	0.000000010221
10	123900545	125869345	1520	50	0.0000985577	0.000000014933
10	125869346	128001097	1855	50	0.0001069505	0.000000014940
10	128001098	129154361	975	50	0.0000480523	0.000000014289
10	129154362	130844283	1758	50	0.0000791209	0.000000015098
10	130844284	131741326	845	50	0.0000444305	0.000000013787
10	131741327	132580244	912	50	0.0000306293	0.000000013087
10	132580245	134336328	1785	50	0.0000946806	0.000000015110
10	134336329	134494672	62	6	0.0000117134	0.000000001329
10	134494673	135523864	487	50	0.0000840676	0.000000011240
11	70855	1213589	410	50	0.0001951344	0.000000012174
11	1213590	3665480	1595	50	0.0001970098	0.000000016084
11	3665481	4746708	886	50	0.0000205189	0.000000013810
11	4746709	6322868	2218	50	-0.0000276555	0.000000013312
11	6322869	7436700	1051	50	-0.0000195128	0.000000013382
11	7436701	8333273	860	50	0.0000945309	0.000000014879
11	8333274	9087316	521	40	0.0001865589	0.000000009625
11	9087317	10952026	1212	50	0.0000399782	0.000000012191
11	10952027	12564228	2032	50	0.0000141969	0.000000013760
11	12564229	13373123	806	50	0.0002076956	0.000000014615
11	13373124	15742551	1670	50	0.0001484397	0.000000015272
11	15742552	17578401	1162	50	0.0001801175	0.000000014090
11	17578402	19569534	1533	50	0.0000275097	0.000000014044
11	19569535	21017137	1413	50	0.0000567711	0.000000014460
11	21017138	22374141	1224	50	0.0000621918	0.000000014571
11	22374142	24088516	1541	50	0.0001112900	0.000000015220
11	24088517	26045752	1800	50	-0.0000288655	0.000000013374
11	26045753	27020460	839	50	-0.0000139594	0.000000010014
11	27020461	28481592	784	50	0.0007167200	0.000000018363
11	28481593	30141356	1008	50	0.0002086263	0.000000014555
11	30141357	32276900	1329	50	0.0002367372	0.000000016760
11	32276901	33958738	1052	50	0.0000766214	0.000000014754
11	33958739	35502604	1613	50	0.0001003453	0.000000014975
11	35502605	37116814	1405	50	0.0000440506	0.000000014226
11	37116815	39382002	1521	50	0.0000180479	0.000000012729
11	39382003	42310002	2287	50	0.0000931654	0.000000014838
11	42310003	44693798	1970	50	0.0001435092	0.000000015388
11	44693799	47006136	1351	50	0.0002217166	0.000000014601
11	47006137	49866049	1144	35	0.0004200576	0.000000013115
11	49866050	54695472	480	11	0.0001120304	0.000000004817
11	54695473	55082656	45	5	0.0000318222	0.000000001507
11	55082657	58457494	2814	50	0.0001302812	0.000000015497
11	58457495	58780548	198	10	-0.0000132265	0.000000001772
11	58780549	62223770	1809	50	0.0000718721	0.000000014487
11	62223771	63804568	482	46	0.0000753703	0.000000008789
11	63804569	65898630	786	50	0.0002585512	0.000000017078
11	65898631	68005824	521	46	0.0000457163	0.000000009993
11	68005825	69516129	888	50	0.0002296056	0.000000016862
11	69516130	70926291	888	50	0.0000755037	0.000000015032
11	70926292	72286016	647	50	0.0000647505	0.000000010375
11	72286017	74412350	1035	50	0.0001680330	0.000000015133
11	74412351	76797208	1326	50	0.0000786900	0.000000014543
11	76797209	78355057	818	46	0.0000743242	0.000000011141
11	78355058	80722372	2134	50	0.0000494266	0.000000014357
11	80722373	81266711	652	50	-0.0000046946	0.000000008738
11	81266712	84381271	2645	50	0.0000866796	0.000000014736
11	84381272	86619300	1565	50	0.0002706770	0.000000017347
11	86619301	87430234	761	47	-0.0000338835	0.000000008292
11	87430235	89208935	1223	50	0.0000706002	0.000000014646
11	89208936	90966489	1033	49	0.0000284407	0.000000010372
11	90966490	92077143	850	50	0.0000222400	0.000000009960
11	92077144	93276156	837	50	0.0002147577	0.000000013657
11	93276157	94242259	572	36	-0.0000025072	0.000000006672
11	94242260	95726040	1183	50	0.0000067466	0.000000014043
11	95726041	97057057	990	50	0.0000248273	0.000000014236
11	97057058	98705064	1425	50	0.0000135438	0.000000013825
11	98705065	100417168	1833	50	0.0000832795	0.000000014730
11	100417169	101331120	991	50	0.0000733903	0.000000011052
11	101331121	103959635	2521	50	-0.0000314041	0.000000012966
11	103959636	104873283	676	32	-0.0000090202	0.000000005553
11	104873284	106520893	1183	50	-0.0000370927	0.000000011181
11	106520894	107844199	1023	50	0.0000282370	0.000000013845
11	107844200	108437036	230	14	0.0000177491	0.000000003025
11	108437037	109866115	755	50	0.0000173642	0.000000011457
11	109866116	111114396	1027	50	-0.0000032113	0.000000012642
11	111114397	112459487	713	47	0.0000088412	0.000000009343
11	112459488	114257727	1546	50	0.0003345511	0.000000018376
11	114257728	114830665	527	34	0.0000213063	0.000000006557
11	114830666	116383347	1202	50	0.0002604144	0.000000017469
11	116383348	117747109	1058	50	0.0001688394	0.000000014517
11	117747110	119215475	867	50	0.0001376680	0.000000015631
11	119215476	120766805	1112	50	0.0001111128	0.000000015262
11	120766806	121175942	410	30	-0.0000155224	0.000000005590
11	121175943	122591909	948	50	0.0001639553	0.000000015726
11	122591910	123500116	683	50	0.0000741991	0.000000014746
11	123500117	124495527	1045	50	0.0000225463	0.000000010727
11	124495528	126311319	1437	50	0.0001030268	0.000000014879
11	126311320	127316678	1064	50	0.0000999944	0.000000014858
11	127316679	128188536	649	50	-0.0000057567	0.000000009000
11	128188537	130342574	1499	50	0.0000444960	0.000000014314
11	130342575	131074611	733	50	0.0000664963	0.000000013785
11	131074612	133000045	2034	50	0.0002433439	0.000000017332
11	133000046	134205992	930	50	0.0002272855	0.000000016940
11	134205993	134946451	856	50	0.0001456163	0.000000016041
12	61107	1080330	539	50	0.0001658537	0.000000013176
12	1080331	2544785	861	50	0.0000940295	0.000000015366
12	2544786	3677036	896	50	0.0000191237	0.000000013954
12	3677037	4417678	650	50	0.0001050905	0.000000014306
12	4417679	5321471	895	50	0.0000136925	0.000000013657
12	5321472	6419752	1017	50	-0.0000098543	0.000000013108
12	6419753	8377535	880	50	-0.0000034176	0.000000014225
12	8377536	9031394	262	33	-0.0000095016	0.000000006098
12	9031395	10481533	1093	50	-0.0000034770	0.000000013570
12	10481534	11754845	789	50	-0.0000137052	0.000000010725
12	11754846	12733527	759	50	0.0000301898	0.000000014367
12	12733528	15241483	1962	50	0.0000701013	0.000000014505
12	15241484	16310459	485	46	0.0000470674	0.000000008726
12	16310460	18087872	1327	50	0.0001923766	0.000000016315
12	18087873	20863942	2284	50	0.0002491867	0.000000016934
12	20863943	23820633	2195	50	0.0001098132	0.000000014884
12	23820634	25371082	1466	50	0.0001311524	0.000000015336
12	25371083	27799772	2146	50	0.0000946790	0.000000014307
12	27799773	29651254	1576	50	0.0000009394	0.000000013414
12	29651255	30512405	1214	50	0.0001329905	0.000000015511
12	30512406	32165591	1371	50	0.0000200707	0.000000013619
12	32165592	33076988	854	50	0.0000390880	0.000000012218
12	33076989	37856716	1109	37	0.0001016915	0.000000010778
12	37856717	39227168	525	18	0.0000414973	0.000000005741
12	39227169	40816184	1352	50	0.0001809640	0.000000015150
12	40816185	41658585	836	48	0.0000529235	0.000000009073
12	41658586	43984473	2164	50	0.0001856962	0.000000015992
12	43984474	46024228	1126	50	0.0001638333	0.000000013683
12	46024229	47714792	947	50	0.0001312722	0.000000015096
12	47714793	49001865	1062	50	0.0000940047	0.000000015007
12	49001866	51776493	1047	50	0.0005642409	0.000000021532
12	51776494	53039003	1119	50	0.0001609840	0.000000015953
12	53039004	54778822	1012	50	0.0000939692	0.000000014799
12	54778823	55665836	598	46	0.0000309351	0.000000008943
12	55665837	57548859	697	50	0.0000766631	0.000000011612
12	57548860	59308665	884	50	0.0000987523	0.000000012454
12	59308666	61123728	1113	50	0.0000541922	0.000000012449
12	61123729	64032460	2398	50	0.0002202578	0.000000016839
12	64032461	65559694	744	50	0.0001713389	0.000000014207
12	65559695	67181143	1023	50	0.0001119931	0.000000014777
12	67181144	67909728	718	50	0.0000939571	0.000000009179
12	67909729	69826541	1506	50	0.0000543373	0.000000014419
12	69826542	70957986	1128	50	0.0000033398	0.000000012316
12	70957987	72645074	1213	50	0.0000417879	0.000000014173
12	72645075	73818453	759	45	0.0000186202	0.000000009362
12	73818454	76511313	1797	50	0.0000078759	0.000000013703
12	76511314	78570569	1661	50	0.0000454412	0.000000014286
12	78570570	80448149	940	50	0.0000100924	0.000000012429
12	80448150	81467766	753	49	0.0000704736	0.000000008750
12	81467767	83502665	1326	50	0.0002066025	0.000000016577
12	83502666	84303843	651	39	0.0000669846	0.000000007252
12	84303844	85990425	1079	50	0.0000514392	0.000000009743
12	85990426	89682121	2020	50	0.0000708856	0.000000014540
12	89682122	92066154	1558	50	0.0002839014	0.000000016863
12	92066155	94514566	1816	50	0.0000213321	0.000000014010
12	94514567	96020784	1186	50	-0.0000452207	0.000000012877
12	96020785	97108838	867	50	0.0000876653	0.000000014419
12	97108839	99305986	1783	50	0.0001349002	0.000000015363
12	99305987	101447640	1398	50	0.0001109545	0.000000015089
12	101447641	101862689	277	22	0.0000013215	0.000000004163
12	101862690	102964985	640	50	0.0000421698	0.000000009113
12	102964986	104848695	1486	50	0.0001564777	0.000000015778
12	104848696	106436212	1501	50	0.0000845277	0.000000014873
12	106436213	106958747	422	40	0.0000154723	0.000000007560
12	106958748	109025900	1393	50	0.0001097791	0.000000014973
12	109025901	110336718	731	50	0.0002716449	0.000000013032
12	110336719	113263517	755	50	0.0002583268	0.000000010726
12	113263518	113986708	394	36	0.0001786307	0.000000009444
12	113986709	115036601	1065	50	0.0000443949	0.000000013783
12	115036602	115503215	385	45	0.0000246511	0.000000005771
12	115503216	117087470	1288	50	0.0001801816	0.000000015700
12	117087471	118135374	812	50	0.0000643175	0.000000014619
12	118135375	119754109	1270	50	0.0001407809	0.000000015843
12	119754110	122007650	1162	50	0.0001769080	0.000000014845
12	122007651	124977979	1146	50	0.0002456773	0.000000016592
12	124977980	126445504	1145	50	-0.0000189785	0.000000013775
12	126445505	127875097	1373	50	0.0000751281	0.000000015298
12	127875098	129237296	1390	50	0.0000585528	0.000000015807
12	129237297	130377920	1260	50	0.0000191036	0.000000014084
12	130377921	131786750	1417	50	0.0000015710	0.000000014093
12	131786751	132807033	650	50	0.0001866372	0.000000014162
12	132807034	133841510	331	33	0.0000925556	0.000000007293
13	19020013	20686719	781	50	0.0000411994	0.000000012406
13	20686720	22242173	1134	50	-0.0000174136	0.000000013756
13	22242174	23594701	1305	50	-0.0000327113	0.000000014132
13	23594702	24531936	1006	50	0.0001053629	0.000000015035
13	24531937	25784361	1206	50	-0.0000274602	0.000000013376
13	25784362	27284361	1158	50	0.0000265173	0.000000014067
13	27284362	29257550	1601	50	0.0004713061	0.000000020583
13	29257551	30483266	1069	50	0.0000343798	0.000000014399
13	30483267	32301814	1536	50	-0.0000049998	0.000000014094
13	32301815	33776902	1196	50	0.0001598932	0.000000015636
13	33776903	35026463	1002	50	0.0000274587	0.000000013118
13	35026464	36046366	477	41	0.0000412583	0.000000008062
13	36046367	37498184	1274	50	0.0000581687	0.000000014439
13	37498185	38878162	1424	50	0.0000406177	0.000000014201
13	38878163	41069262	1835	50	0.0000342698	0.000000014256
13	41069263	43101026	1303	50	-0.0000098302	0.000000013332
13	43101027	44901408	1622	50	0.0000502549	0.000000014108
13	44901409	46495213	979	50	0.0000177478	0.000000013845
13	46495214	47431078	709	50	0.0001386090	0.000000011952
13	47431079	49383961	1425	50	0.0000942289	0.000000015000
13	49383962	51591090	1428	50	0.0001782922	0.000000015663
13	51591091	53339621	701	50	0.0001609762	0.000000014820
13	53339622	54682863	1172	50	0.0003392405	0.000000018236
13	54682864	55817130	877	50	0.0001563886	0.000000011138
13	55817131	57554216	970	35	0.0001869652	0.000000009984
13	57554217	58410625	563	30	0.0000698824	0.000000005783
13	58410626	59302270	686	31	0.0001795784	0.000000008297
13	59302271	60854777	1310	50	0.0002535219	0.000000017204
13	60854778	61591948	701	45	0.0000386095	0.000000009040
13	61591949	63971558	1931	50	0.0001846979	0.000000016430
13	63971559	65200601	1099	49	0.0000666183	0.000000009098
13	65200602	67844452	1705	50	0.0001867477	0.000000016021
13	67844453	70724515	2631	50	0.0000973187	0.000000014813
13	70724516	71526790	722	50	0.0001412711	0.000000013488
13	71526791	73934088	1794	50	0.0000436587	0.000000014345
13	73934089	75670142	1469	50	0.0000256798	0.000000013637
13	75670143	77410554	1652	50	0.0000398318	0.000000013754
13	77410555	78808812	1001	50	0.0000467324	0.000000011903
13	78808813	80585675	1257	50	0.0001396951	0.000000015663
13	80585676	82581813	1591	50	0.0000125332	0.000000013860
13	82581814	84133143	1159	50	0.0000873456	0.000000011102
13	84133144	85610915	1094	50	0.0001352256	0.000000013411
13	85610916	88559881	2189	50	0.0001015096	0.000000015065
13	88559882	90521310	1356	50	0.0001494759	0.000000014264
13	90521311	93129690	2110	50	0.0000592455	0.000000014383
13	93129691	93586454	289	23	0.0000044801	0.000000004352
13	93586455	96087557	2179	50	0.0000752952	0.000000014609
13	96087558	97519209	778	48	0.0001863581	0.000000012673
13	97519210	98938918	848	50	0.0000965829	0.000000015102
13	98938919	100574094	1522	50	0.0000368235	0.000000014065
13	100574095	102300522	1534	50	0.0002232711	0.000000016712
13	102300523	104066709	1880	50	0.0000135032	0.000000014011
13	104066710	104844113	753	50	0.0000549766	0.000000011487
13	104844114	106247553	1454	50	0.0000132872	0.000000013873
13	106247554	106749999	608	50	0.0000398673	0.000000009554
13	106750000	108189876	1260	50	0.0001135380	0.000000015206
13	108189877	109121209	948	50	0.0000134191	0.000000014111
13	109121210	109815111	762	50	0.0001520284	0.000000012754
13	109815112	111232072	1372	50	0.0001227668	0.000000013879
13	111232073	112247591	856	50	0.0001648279	0.000000015964
13	112247592	113572487	942	50	0.0000664600	0.000000014805
13	113572488	115109852	702	50	0.0000070746	0.000000013583
14	19002084	21589401	1055	50	0.0000141006	0.000000015048
14	21589402	23018664	1466	50	0.0000112212	0.000000013842
14	23018665	24905122	1217	50	-0.0000065692	0.000000014383
14	24905123	26135685	1279	50	0.0002671782	0.000000017509
14	26135686	28466532	1636	50	0.0000813179	0.000000014876
14	28466533	29972144	905	50	0.0001880808	0.000000014589
14	29972145	32383264	1231	50	0.0001557445	0.000000015691
14	32383265	34846250	2199	50	0.0000539522	0.000000014639
14	34846251	35859592	475	39	0.0000753476	0.000000008435
14	35859593	38667724	1652	50	0.0000815863	0.000000014734
14	38667725	40341989	1171	50	0.0000428155	0.000000014173
14	40341990	41615501	1117	46	0.0000753813	0.000000009879
14	41615502	43137388	994	50	0.0001282454	0.000000012352
14	43137389	44543226	971	50	-0.0000001204	0.000000012383
14	44543227	46081895	808	50	0.0000667509	0.000000010940
14	46081896	46749129	550	23	0.0000451228	0.000000005279
14	46749130	48573585	1544	50	0.0000304971	0.000000013669
14	48573586	49005470	300	19	-0.0000254769	0.000000003111
14	49005471	50507759	991	50	0.0000131136	0.000000013704
14	50507760	51493571	698	50	0.0000581367	0.000000011942
14	51493572	53474382	1632	50	0.0000742732	0.000000014568
14	53474383	53997830	407	27	0.0000324143	0.000000005190
14	53997831	55233680	793	50	0.0000617295	0.000000014251
14	55233681	56216879	570	34	0.0000193965	0.000000007366
14	56216880	57481261	1302	50	0.0000803929	0.000000014513
14	57481262	59448335	1467	50	0.0000352204	0.000000013902
14	59448336	61680423	1414	50	0.0000699462	0.000000014219
14	61680424	63790014	1645	50	0.0001105623	0.000000014803
14	63790015	65220297	663	44	0.0000048683	0.000000009586
14	65220298	66399554	762	50	0.0000190936	0.000000011647
14	66399555	67992316	712	40	0.0000155941	0.000000008092
14	67992317	71131956	2247	50	0.0002252250	0.000000016599
14	71131957	72889614	1440	50	0.0001487538	0.000000015535
14	72889615	76444766	2079	50	0.0003132700	0.000000017877
14	76444767	77229471	625	50	0.0000277614	0.000000012030
14	77229472	78561944	1105	50	0.0001361942	0.000000015215
14	78561945	80186578	1220	50	0.0004233005	0.000000019183
14	80186579	81579713	1170	50	0.0000481928	0.000000013952
14	81579714	83138096	1048	50	0.0001125544	0.000000014471
14	83138097	84241632	941	50	0.0000622656	0.000000012469
14	84241633	85746318	1159	50	0.0001110245	0.000000014891
14	85746319	86647001	637	47	0.0000815726	0.000000010244
14	86647002	87635340	728	50	0.0000612165	0.000000010883
14	87635341	89497642	1336	50	0.0000598671	0.000000014449
14	89497643	91296859	1310	50	0.0001314976	0.000000015361
14	91296860	93132298	1287	50	0.0002007766	0.000000016258
14	93132299	94325284	760	50	0.0001062256	0.000000013409
14	94325285	95750866	1563	50	0.0000816113	0.000000014917
14	95750867	96262414	688	50	-0.0000433153	0.000000011208
14	96262415	98341161	1585	50	0.0001121238	0.000000015566
14	98341162	99138531	857	50	0.0000836402	0.000000011084
14	99138532	101534306	1604	50	0.0001238066	0.000000015337
14	101534307	103012101	754	50	0.0000760199	0.000000015111
14	103012102	105001722	919	50	0.0001572457	0.000000016101
14	105001723	106340357	284	38	0.0000671490	0.000000007526
14	106340358	107289453	280	19	0.0000377416	0.000000008085
15	20001200	21131603	25	3	-0.0000013464	0.000000001368
15	21131604	24195126	577	50	0.0000464761	0.000000013173
15	24195127	25108589	647	42	0.0000086488	0.000000009012
15	25108590	27298111	1709	50	0.0000391002	0.000000014749
15	27298112	29338501	1049	50	0.0000172743	0.000000014098
15	29338502	30165567	595	50	0.0000678888	0.000000011099
15	30165568	31591820	524	50	0.0001315362	0.000000011847
15	31591821	32441810	498	45	0.0000917400	0.000000009016
15	32441811	34015424	1332	50	0.0000048960	0.000000013873
15	34015425	35083250	738	50	0.0000226266	0.000000013148
15	35083251	37456501	1887	50	0.0000230110	0.000000013908
15	37456502	38530776	735	50	0.0000899757	0.000000013043
15	38530777	40384131	1619	50	0.0001492930	0.000000015753
15	40384132	41177513	408	35	0.0001455857	0.000000008930
15	41177514	42776398	766	50	0.0001279317	0.000000013532
15	42776399	44198048	422	21	0.0000933044	0.000000006495
15	44198049	46618786	976	50	0.0002084464	0.000000016153
15	46618787	48136047	1334	50	0.0002693741	0.000000017197
15	48136048	50008042	942	50	0.0000306875	0.000000011648
15	50008043	51677559	1133	50	0.0000509732	0.000000013092
15	51677560	53069095	781	49	0.0002268572	0.000000013383
15	53069096	54508527	1373	50	0.0001820548	0.000000016059
15	54508528	55136268	581	43	0.0000134852	0.000000009690
15	55136269	56901772	1095	50	0.0000856526	0.000000014778
15	56901773	58441365	1238	50	0.0000654875	0.000000014042
15	58441366	59694115	931	50	0.0000705740	0.000000013921
15	59694116	61265835	1189	50	0.0001619323	0.000000015725
15	61265836	63215221	1657	50	0.0000326835	0.000000013108
15	63215222	65104667	912	50	0.0001363117	0.000000014048
15	65104668	67094766	1017	50	0.0001647757	0.000000015785
15	67094767	69017998	1303	50	0.0003633441	0.000000016545
15	69017999	70133340	557	50	0.0000769480	0.000000010944
15	70133341	71922648	1229	50	0.0000911294	0.000000014886
15	71922649	73628713	736	41	0.0001409589	0.000000010352
15	73628714	76398623	1014	50	0.0001424465	0.000000013996
15	76398624	78516052	1081	50	0.0001745008	0.000000015872
15	78516053	80860977	1891	50	0.0001226147	0.000000014566
15	80860978	84260467	1513	50	0.0001591813	0.000000015558
15	84260468	86652904	1615	50	0.0000583531	0.000000013483
15	86652905	88369942	1492	50	0.0001637306	0.000000015948
15	88369943	90475550	1275	50	0.0000296096	0.000000014309
15	90475551	92164391	1164	50	0.0000739537	0.000000014321
15	92164392	93780901	1384	50	0.0000287033	0.000000014177
15	93780902	94924329	1171	50	0.0000098076	0.000000014408
15	94924330	96141595	1099	50	0.0000955658	0.000000015047
15	96141596	98030909	1366	50	0.0000563365	0.000000014503
15	98030910	99244058	1112	50	0.0000995271	0.000000015815
15	99244059	100636846	1048	50	0.0001431468	0.000000016075
15	100636847	101552693	687	50	0.0000647697	0.000000014623
15	101552694	102520965	735	50	0.0000585756	0.000000015283
16	60054	1207205	470	50	0.0002000057	0.000000016299
16	1207206	2764828	610	50	0.0001293652	0.000000014774
16	2764829	4001195	457	50	0.0001943690	0.000000013725
16	4001196	5118344	583	50	0.0004737333	0.000000020439
16	5118345	5891579	715	50	0.0000890186	0.000000015731
16	5891580	6893550	1228	50	0.0002595190	0.000000017342
16	6893551	7529120	900	50	0.0000913065	0.000000014507
16	7529121	8338518	1034	50	0.0000654609	0.000000014665
16	8338519	9799418	1347	50	0.0001537148	0.000000015731
16	9799419	10426031	753	50	0.0000424633	0.000000011673
16	10426032	11520160	785	50	0.0000036186	0.000000013883
16	11520161	12613097	709	50	0.0000612925	0.000000014359
16	12613098	13154436	636	50	0.0000168825	0.000000010731
16	13154437	14464001	1078	50	0.0001025867	0.000000014807
16	14464002	16154059	436	50	0.0001108661	0.000000010812
16	16154060	17644748	685	50	0.0001688671	0.000000015957
16	17644749	18643606	352	35	0.0000705937	0.000000007370
16	18643607	20150570	795	50	0.0004266805	0.000000018716
16	20150571	22448903	755	50	0.0003166197	0.000000016083
16	22448904	24136874	934	50	0.0000571889	0.000000014850
16	24136875	25986861	1340	50	0.0001375554	0.000000015544
16	25986862	27445754	1200	50	0.0000407046	0.000000014147
16	27445755	29036612	538	49	0.0006720318	0.000000018083
16	29036613	31382942	437	42	0.0003232160	0.000000012787
16	31382943	46399472	244	24	0.0000268389	0.000000004919
16	46399473	49007925	600	42	0.0000112873	0.000000007837
16	49007926	52035822	1977	50	0.0002265699	0.000000016808
16	52035823	53382571	884	50	0.0001708695	0.000000013666
16	53382572	55903773	2173	50	0.0025821097	0.000000048324
16	55903774	57664329	1156	50	0.0001879317	0.000000015672
16	57664330	59045404	880	50	0.0000701202	0.000000013969
16	59045405	60745693	1118	50	0.0000193249	0.000000013790
16	60745694	62229848	816	50	0.0000019110	0.000000009678
16	62229849	63691588	1015	50	0.0001983004	0.000000016783
16	63691589	65938565	1729	50	0.0002285353	0.000000016625
16	65938566	68841362	1183	50	0.0001987865	0.000000015585
16	68841363	71054027	617	49	0.0002267809	0.000000014225
16	71054028	72935149	759	48	0.0002452347	0.000000014353
16	72935150	74971502	1265	50	0.0001031692	0.000000015159
16	74971503	75977953	446	37	0.0000232290	0.000000007765
16	75977954	77523677	1420	50	0.0001513356	0.000000015641
16	77523678	78456291	1148	50	0.0000858437	0.000000015103
16	78456292	79134814	962	50	0.0000740817	0.000000015374
16	79134815	80297373	1332	50	0.0000987607	0.000000015074
16	80297374	81772535	1407	50	0.0001412541	0.000000015958
16	81772536	82747727	1016	50	0.0001126157	0.000000015588
16	82747728	83477207	1061	50	0.0000709837	0.000000014377
16	83477208	84445882	1287	50	0.0000464843	0.000000014672
16	84445883	85148684	826	50	0.0000949997	0.000000015904
16	85148685	86156598	858	50	-0.0000514735	0.000000014255
16	86156599	86815410	889	50	0.0000745002	0.000000015148
16	86815411	87647348	646	50	0.0000002163	0.000000014171
16	87647349	89041164	636	50	0.0001258687	0.000000016938
16	89041165	90292811	532	45	0.0001270312	0.000000012937
17	56	1172398	498	50	-0.0000405367	0.000000013429
17	1172399	1928730	415	50	0.0001352158	0.000000011869
17	1928731	3702311	1111	50	0.0000667280	0.000000015179
17	3702312	4696260	587	50	-0.0000297760	0.000000012909
17	4696261	5741333	763	50	0.0002428126	0.000000015278
17	5741334	7317397	1071	50	0.0000427600	0.000000014937
17	7317398	8306424	439	50	0.0001667701	0.000000012131
17	8306425	9965920	1206	50	0.0000676487	0.000000015088
17	9965921	11102814	902	50	0.0000080249	0.000000014254
17	11102815	12534768	1010	50	0.0000302562	0.000000014430
17	12534769	13180371	582	50	-0.0000633179	0.000000009886
17	13180372	13894636	717	50	-0.0000072336	0.000000013748
17	13894637	15019096	1287	50	-0.0000202854	0.000000013601
17	15019097	16412341	584	50	0.0001463253	0.000000012592
17	16412342	18856319	1004	50	0.0001457385	0.000000015734
17	18856320	21290356	728	50	0.0002379015	0.000000015371
17	21290357	27334243	1050	50	0.0000105918	0.000000014187
17	27334244	29786490	758	45	0.0002219907	0.000000012108
17	29786491	31538424	984	50	0.0000555278	0.000000014478
17	31538425	32912797	1588	50	0.0000368415	0.000000013928
17	32912798	34469035	964	50	0.0000201745	0.000000013951
17	34469036	36809343	822	50	0.0003035182	0.000000018448
17	36809344	38877403	731	50	0.0001340435	0.000000013507
17	38877404	39899809	612	43	-0.0000174666	0.000000007301
17	39899810	41772086	536	44	0.0001005961	0.000000009173
17	41772087	43056904	545	45	0.0001885117	0.000000010911
17	43056905	45876021	1241	50	0.0002563940	0.000000015853
17	45876022	47517399	886	50	0.0004152597	0.000000017474
17	47517400	49898956	1315	50	0.0000742515	0.000000014992
17	49898957	50719054	608	35	0.0000438868	0.000000007796
17	50719055	51826117	837	50	0.0000337875	0.000000008640
17	51826118	53599431	1221	50	0.0000240154	0.000000013770
17	53599432	55357540	1182	50	0.0001774729	0.000000016453
17	55357541	57487511	1123	50	0.0002034781	0.000000016364
17	57487512	59312754	416	29	0.0000981670	0.000000006639
17	59312755	61545588	808	50	0.0000987373	0.000000015236
17	61545589	63148127	518	43	0.0001015214	0.000000009635
17	63148128	64800429	1352	50	0.0000130784	0.000000013109
17	64800430	67858769	1737	50	0.0001463268	0.000000015481
17	67858770	69387816	1369	50	0.0000505028	0.000000012687
17	69387817	72672202	2539	50	0.0000136649	0.000000014210
17	72672203	74375559	668	50	0.0000179025	0.000000013135
17	74375560	76263412	1247	50	0.0001215844	0.000000016417
17	76263413	77298635	747	50	-0.0000301564	0.000000014209
17	77298636	78837587	1008	50	0.0004430276	0.000000021302
17	78837588	80034407	439	50	0.0002986233	0.000000014693
17	80034408	81194907	554	47	0.0001341933	0.000000010159
18	10644	912485	707	50	-0.0000262611	0.000000014182
18	912486	1942910	832	50	0.0001719613	0.000000013888
18	1942911	3891657	1527	50	-0.0000120654	0.000000014050
18	3891658	5834179	1579	50	0.0000486551	0.000000015035
18	5834180	7090484	1081	50	0.0000295289	0.000000014849
18	7090485	8498930	1090	50	0.0000006181	0.000000013945
18	8498931	11075912	2334	50	0.0000548005	0.000000014879
18	11075913	11905439	546	50	-0.0000175067	0.000000010755
18	11905440	14440798	1387	50	0.0001599584	0.000000016432
18	14440799	19485843	353	25	-0.0000062103	0.000000005402
18	19485844	20649471	661	46	0.0000287672	0.000000009435
18	20649472	22996650	1499	50	0.0004111725	0.000000018948
18	22996651	24026190	650	46	-0.0000201966	0.000000009373
18	24026191	25927681	1533	50	0.0001333603	0.000000015496
18	25927682	26875586	657	36	0.0000641835	0.000000007749
18	26875587	27866477	716	40	0.0000427612	0.000000008389
18	27866478	30264065	1841	50	0.0000038746	0.000000013467
18	30264066	31780066	868	50	0.0001143488	0.000000010478
18	31780067	33861963	1353	50	0.0000842143	0.000000014934
18	33861964	35075249	910	50	0.0000802314	0.000000014667
18	35075250	36365489	1089	50	0.0001814909	0.000000014526
18	36365490	37684366	820	46	0.0001993647	0.000000011412
18	37684367	39892647	1818	50	0.0001470643	0.000000015585
18	39892648	42922105	2168	50	0.0004325695	0.000000019597
18	42922106	44299245	1206	50	0.0000660001	0.000000014347
18	44299246	45939731	1100	50	0.0001263207	0.000000015266
18	45939732	47730583	1349	50	0.0000838912	0.000000013845
18	47730584	51062184	2526	50	0.0001376269	0.000000015530
18	51062185	51554174	477	21	0.0000599100	0.000000005079
18	51554175	55213837	2186	50	0.0002492283	0.000000016806
18	55213838	56530219	1089	50	0.0000314368	0.000000014120
18	56530220	57630482	1060	50	0.0001777908	0.000000016345
18	57630483	59020750	1007	50	0.0016452041	0.000000033666
18	59020751	60277714	1192	50	0.0000327354	0.000000014054
18	60277715	61820251	1214	50	0.0002065189	0.000000016740
18	61820252	63463401	1294	50	0.0000857651	0.000000014839
18	63463402	64252800	748	35	0.0000725501	0.000000007927
18	64252801	66125816	1746	50	0.0000430569	0.000000014342
18	66125817	67175819	750	50	0.0000141194	0.000000011292
18	67175820	68621178	965	50	0.0000654833	0.000000014873
18	68621179	69621617	940	50	0.0000658858	0.000000014288
18	69621618	71038473	1282	50	0.0000008915	0.000000013743
18	71038474	71971461	1017	50	0.0000858285	0.000000015583
18	71971462	73526986	1354	50	0.0001542318	0.000000016009
18	73526987	74813814	1131	50	0.0001415392	0.000000015954
18	74813815	75976316	1198	50	0.0001490910	0.000000015870
18	75976317	77149990	963	50	0.0001142477	0.000000015645
18	77149991	78017157	520	50	-0.0000012755	0.000000009905
19	80840	610728	152	28	0.0000986638	0.000000007616
19	610729	2098395	515	50	0.0002148492	0.000000023060
19	2098396	3019659	404	50	0.0001149743	0.000000012573
19	3019660	4348966	533	50	0.0001358699	0.000000018341
19	4348967	5811851	651	50	0.0000194651	0.000000015472
19	5811852	6684884	345	50	0.0000043163	0.000000008961
19	6684885	8347512	916	50	-0.0000504006	0.000000014915
19	8347513	9238392	422	50	0.0000231801	0.000000007552
19	9238393	11284027	807	50	0.0000975117	0.000000014225
19	11284028	13471126	743	50	0.0000730920	0.000000014855
19	13471127	14486346	362	50	0.0000775565	0.000000009707
19	14486347	15648609	571	50	0.0000123770	0.000000011552
19	15648610	16374415	678	50	0.0000879806	0.000000010761
19	16374416	18409861	884	50	0.0001797437	0.000000017587
19	18409862	19877470	536	50	0.0004139429	0.000000014190
19	19877471	20905756	365	37	0.0000187180	0.000000006992
19	20905757	22732895	937	50	-0.0000003895	0.000000010914
19	22732896	23467745	340	19	-0.0000256011	0.000000003800
19	23467746	28557892	792	41	0.0000744438	0.000000009979
19	28557893	29790946	1207	50	0.0000262310	0.000000013762
19	29790947	30727953	697	50	0.0001756282	0.000000013968
19	30727954	32746519	1227	50	0.0002882955	0.000000017637
19	32746520	34262951	942	50	0.0001049895	0.000000015196
19	34262952	36469294	1138	50	0.0002008121	0.000000017313
19	36469295	37527032	471	27	0.0000328991	0.000000006102
19	37527033	40170618	1097	50	0.0000896218	0.000000015228
19	40170619	40984600	324	31	0.0000000704	0.000000005483
19	40984601	42131572	494	50	0.0000389568	0.000000010855
19	42131573	43862454	504	41	0.0000430670	0.000000009772
19	43862455	44744107	527	50	0.0000660293	0.000000008894
19	44744108	46102696	646	50	0.0002581503	0.000000016417
19	46102697	47150081	501	50	0.0003905731	0.000000015889
19	47150082	49282226	969	50	0.0002797563	0.000000018805
19	49282227	51532566	1030	50	0.0000240839	0.000000016276
19	51532567	52985289	1184	50	0.0001043638	0.000000016203
19	52985290	54602361	1045	50	-0.0000115028	0.000000017946
19	54602362	55728079	630	50	-0.0000475911	0.000000016224
19	55728080	57521334	1122	50	0.0000335719	0.000000015571
19	57521335	59118838	849	50	0.0001791236	0.000000016054
20	60479	697599	433	50	-0.0000035527	0.000000010674
20	697600	2469500	1856	50	0.0000253448	0.000000014717
20	2469501	3828412	915	50	0.0000802516	0.000000015206
20	3828413	5477849	1460	50	0.0000003398	0.000000014257
20	5477850	7084072	1531	50	0.0000956308	0.000000015272
20	7084073	8117010	1051	50	0.0000407061	0.000000012407
20	8117011	9730920	1565	50	0.0001252470	0.000000015148
20	9730921	11249535	1505	50	0.0000847377	0.000000014510
20	11249536	12447498	1115	50	0.0001024816	0.000000015367
20	12447499	13689863	1158	50	0.0000397000	0.000000014385
20	13689864	15958358	2057	50	0.0000932418	0.000000014937
20	15958359	17487231	1851	50	0.0000957947	0.000000014881
20	17487232	18972202	1209	50	0.0001116844	0.000000015376
20	18972203	20959709	1786	50	0.0001027562	0.000000015249
20	20959710	22491455	895	50	0.0001852955	0.000000012969
20	22491456	23293789	845	50	0.0001006969	0.000000012379
20	23293790	24717723	1174	50	0.0000824802	0.000000015321
20	24717724	25344230	604	29	0.0000871791	0.000000007454
20	25344231	31614822	1185	50	0.0001462287	0.000000015897
20	31614823	32813440	468	36	0.0000326151	0.000000007407
20	32813441	34960445	777	39	0.0001703666	0.000000010041
20	34960446	36909529	914	50	0.0000511440	0.000000013711
20	36909530	38436760	1092	50	0.0000179800	0.000000013459
20	38436761	39610855	954	50	0.0001315192	0.000000014870
20	39610856	40585688	574	43	0.0001251848	0.000000009266
20	40585689	41615459	1054	50	0.0001518929	0.000000015790
20	41615460	42680175	712	50	0.0001324120	0.000000014740
20	42680176	44839055	1445	50	0.0002051540	0.000000016200
20	44839056	47199979	1948	50	0.0002005570	0.000000016613
20	47199980	49239657	1447	50	0.0000861455	0.000000014489
20	49239658	52472548	2586	50	0.0003210124	0.000000018070
20	52472549	54055265	1339	50	-0.0000116990	0.000000013646
20	54055266	56447958	2224	50	0.0000383565	0.000000014405
20	56447959	58406571	1569	50	0.0000540281	0.000000014806
20	58406572	59561723	1091	50	0.0000280390	0.000000014567
20	59561724	61301854	1415	50	-0.0000117361	0.000000014173
20	61301855	62190179	536	50	0.0001365155	0.000000014751
20	62190180	62965162	390	46	0.0002230665	0.000000010700
21	9411243	15950981	609	50	-0.0000169768	0.000000011905
21	15950982	18053164	1360	50	0.0000949999	0.000000015302
21	18053165	19480374	929	50	0.0000493030	0.000000014727
21	19480375	20962338	1314	50	0.0000353286	0.000000014307
21	20962339	22072763	888	50	0.0000048967	0.000000013999
21	22072764	23362874	1181	50	0.0000658524	0.000000014646
21	23362875	24696230	890	50	-0.0000050124	0.000000011948
21	24696231	26469121	1489	50	-0.0000195200	0.000000013219
21	26469122	27271018	472	32	-0.0000543051	0.000000006178
21	27271019	29125225	1734	50	-0.0000171207	0.000000013289
21	29125226	31197024	1541	50	0.0000555531	0.000000014445
21	31197025	32668641	1084	50	0.0001446392	0.000000012696
21	32668642	34376998	1098	50	0.0000399093	0.000000013932
21	34376999	35225464	489	50	0.0001045812	0.000000010214
21	35225465	36524372	1032	50	-0.0000001514	0.000000012977
21	36524373	37870778	953	50	0.0000833409	0.000000014236
21	37870779	38711703	612	50	0.0001465120	0.000000011096
21	38711704	40482901	1587	50	0.0002307210	0.000000016808
21	40482902	41389526	934	50	-0.0000149930	0.000000013214
21	41389527	43321527	1736	50	0.0000887233	0.000000014949
21	43321528	44506267	1216	50	0.0000198167	0.000000014021
21	44506268	46177104	1047	50	0.0000648820	0.000000014863
21	46177105	47492225	917	50	0.0002374162	0.000000017097
21	47492226	48119751	415	33	0.0000455171	0.000000007964
22	16050408	17674294	390	48	-0.0000166190	0.000000008369
22	17674295	18296087	430	50	0.0000421678	0.000000009954
22	18296088	19912357	978	50	0.0000116599	0.000000014805
22	19912358	22357324	1012	50	0.0002015628	0.000000017376
22	22357325	23712646	781	50	0.0001604741	0.000000017520
22	23712647	24984203	669	50	-0.0000267919	0.000000010738
22	24984204	26791627	1387	50	-0.0000289952	0.000000013839
22	26791628	27834751	1344	50	0.0000632307	0.000000014803
22	27834752	29651798	1029	50	0.0000566159	0.000000014273
22	29651799	31439917	983	50	-0.0000355126	0.000000012924
22	31439918	32664985	593	39	0.0000504568	0.000000009495
22	32664986	34494913	1776	50	0.0001291978	0.000000015648
22	34494914	35530984	1189	50	0.0000816644	0.000000014418
22	35530985	37570268	1606	50	0.0000244734	0.000000014377
22	37570269	39307893	915	50	0.0000899816	0.000000014837
22	39307894	40545796	603	50	0.0001076091	0.000000013624
22	40545797	42690817	855	41	0.0001328847	0.000000012309
22	42690818	43714199	756	50	0.0000865904	0.000000014848
22	43714200	44995307	1323	50	0.0001414439	0.000000016322
22	44995308	46470494	1170	50	-0.0000018322	0.000000014350
22	46470495	47596317	902	50	0.0000881229	0.000000015291
22	47596318	48903702	1583	50	0.0000771122	0.000000015194
22	48903703	49824533	1348	50	0.0000037897	0.000000014183
22	49824534	51243297	746	50	-0.0000064046	0.000000014434
