chr	start	end	num_snp	k	local_h2g	var
1	10583	1892606	1837	16	0.0007325059	0.000000224545
1	1892607	3582735	3415	16	0.0005339983	0.000000214543
1	3582736	4380810	1848	16	0.0000601309	0.000000190665
1	4380811	5913892	4136	16	0.0001766431	0.000000196536
1	5913893	7247334	2251	16	0.0002590621	0.000000200689
1	7247335	9365198	3621	16	0.0006199040	0.000000218872
1	9365199	10806983	1740	16	0.0002644315	0.000000200960
1	10806984	11777840	1462	16	0.0000229219	0.000000188790
1	11777841	12779465	1592	16	0.0003081333	0.000000203162
1	12779466	14891510	3044	16	0.0000751110	0.000000191420
1	14891511	16897729	4445	16	0.0001588731	0.000000195641
1	16897730	18662898	3184	16	0.0001866631	0.000000197041
1	18662899	20469148	3849	16	0.0001425355	0.000000194817
1	20469149	21736587	2213	16	0.0003452468	0.000000205032
1	21736588	23086882	2931	16	0.0003562306	0.000000205585
1	23086883	23920589	1117	16	0.0002729560	0.000000177395
1	23920590	25516844	2637	16	0.0004841504	0.000000212031
1	25516845	27401866	2195	16	0.0002224013	0.000000198842
1	27401867	30161880	3179	16	0.0001710549	0.000000196254
1	30161881	32438684	4442	16	0.0001297397	0.000000194173
1	32438685	34799757	2790	16	0.0001049387	0.000000192923
1	34799758	37549182	3068	16	0.0001992359	0.000000197674
1	37549183	38731846	1986	16	0.0001534043	0.000000195365
1	38731847	40200566	2271	16	0.0001071668	0.000000193035
1	40200567	41975326	3138	16	0.0001931305	0.000000197367
1	41975327	43758456	2724	16	0.0002608051	0.000000200777
1	43758457	44969182	1565	16	0.0001989811	0.000000197662
1	44969183	46899500	2673	16	0.0001649367	0.000000195946
1	46899501	48002575	1729	16	0.0001457790	0.000000194981
1	48002576	48978187	1274	16	0.0001302045	0.000000194196
1	48978188	49894176	831	16	0.0002809191	0.000000136344
1	49894177	51713725	1430	16	0.0003484188	0.000000151871
1	51713726	54226261	2684	16	0.0000487894	0.000000190094
1	54226262	56413116	4066	16	0.0002734753	0.000000201415
1	56413117	57021727	1162	16	0.0003040616	0.000000155813
1	57021728	58865398	3462	16	0.0002179672	0.000000198618
1	58865399	59890408	1870	16	0.0002240433	0.000000198924
1	59890409	61922364	2622	16	0.0001045529	0.000000192903
1	61922365	63455088	2660	16	0.0005550964	0.000000215606
1	63455089	65041703	3138	16	0.0006471732	0.000000220246
1	65041704	66939403	3098	16	0.0002618827	0.000000200831
1	66939404	68477894	3085	16	0.0049330153	0.000000436205
1	68477895	69687615	1877	16	0.0001288403	0.000000194127
1	69687616	71372469	2889	16	0.0002723148	0.000000201357
1	71372470	71684404	534	16	0.0002189045	0.000000056605
1	71684405	74326906	3488	16	0.0001874705	0.000000197082
1	74326907	76728134	4002	16	-0.0000819941	0.000000183503
1	76728135	79661197	4865	16	0.0001025391	0.000000192802
1	79661198	81354190	3101	16	0.0001933877	0.000000197380
1	81354191	83991747	5202	16	0.0002267520	0.000000199061
1	83991748	84844494	1257	16	0.0000165387	0.000000158114
1	84844495	86454750	2958	16	0.0000381452	0.000000189557
1	86454751	88128630	3057	16	0.0000426373	0.000000189784
1	88128631	90066302	2548	16	0.0001869554	0.000000197056
1	90066303	91886316	2794	16	0.0000474847	0.000000190028
1	91886317	93536458	2605	16	0.0003727346	0.000000206417
1	93536459	94506190	1482	16	0.0001981850	0.000000135412
1	94506191	96150892	2846	16	0.0000964459	0.000000192495
1	96150893	97885248	2866	16	0.0001748797	0.000000196447
1	97885249	99800603	2960	16	0.0002691325	0.000000201196
1	99800604	100826404	1436	16	0.0001106269	0.000000175255
1	100826405	102041015	2180	16	0.0001556944	0.000000195480
1	102041016	102898744	1642	16	0.0000029070	0.000000155313
1	102898745	103914210	1809	16	0.0001970904	0.000000126964
1	103914211	106087841	4063	16	0.0000987265	0.000000192610
1	106087842	108409664	3824	16	0.0000930623	0.000000192324
1	108409665	110303930	3016	16	0.0004903107	0.000000212341
1	110303931	111741736	2562	16	0.0002611590	0.000000200795
1	111741737	113273305	2967	16	0.0002367962	0.000000199567
1	113273306	114873844	2437	16	0.0005769488	0.000000216707
1	114873845	115880592	1474	16	-0.0000536606	0.000000184931
1	115880593	118839066	4233	16	-0.0000506082	0.000000185085
1	118839067	144977493	3223	16	0.0001750930	0.000000196458
1	144977494	148361252	2348	16	0.0003009718	0.000000202801
1	148361253	151538880	2297	16	0.0002715016	0.000000201316
1	151538881	153180828	2540	16	0.0001436624	0.000000194874
1	153180829	154770402	2249	16	0.0002970715	0.000000202604
1	154770403	156336132	1425	16	0.0008590612	0.000000230922
1	156336133	158027411	2835	16	0.0001525544	0.000000195322
1	158027412	159913047	3794	16	0.0001232956	0.000000193848
1	159913048	162346720	4094	16	0.0004329762	0.000000209452
1	162346721	165191701	5344	16	-0.0000419530	0.000000185521
1	165191702	166460516	2383	16	0.0000905253	0.000000192197
1	166460517	169086323	5018	16	0.0002168055	0.000000198560
1	169086324	170557775	3305	16	0.0000565600	0.000000190485
1	170557776	173097906	4604	16	0.0004398399	0.000000209798
1	173097907	175089767	2528	16	0.0003417919	0.000000204858
1	175089768	177433380	3741	16	0.0000653022	0.000000190926
1	177433381	178944308	2214	16	0.0002820615	0.000000201848
1	178944309	178954469	16	2	0.0000076292	0.000000004369
1	178954470	181144120	4435	16	0.0001408204	0.000000194731
1	181144121	182755355	2751	16	0.0004426347	0.000000209939
1	182755356	184595512	2957	16	0.0001093134	0.000000193143
1	184595513	186810022	2652	16	0.0003966530	0.000000207622
1	186810023	188759944	4767	16	0.0002766483	0.000000201575
1	188759945	189904129	1565	16	0.0002009985	0.000000127954
1	189904130	191868929	3519	16	0.0000615107	0.000000190735
1	191868930	194107441	3394	16	0.0002695227	0.000000201216
1	194107442	196176200	4316	16	0.0000128610	0.000000188283
1	196176201	197311513	1551	16	0.0001881159	0.000000151235
1	197311514	199239883	2519	16	0.0006566679	0.000000220724
1	199239884	200137648	1972	16	0.0001177879	0.000000193570
1	200137649	201589974	2995	16	0.0006072244	0.000000218233
1	201589975	203334733	2603	16	0.0001126240	0.000000193310
1	203334734	204681067	2378	16	0.0001653502	0.000000195967
1	204681068	206073264	2309	16	0.0003736117	0.000000206461
1	206073265	208410363	2778	16	0.0002251898	0.000000198982
1	208410364	210787749	3933	16	0.0002225812	0.000000198851
1	210787750	212842329	3601	16	0.0001065852	0.000000193006
1	212842330	214578265	2577	16	0.0003535626	0.000000205451
1	214578266	216243633	2831	16	0.0001388791	0.000000194633
1	216243634	218705512	4664	16	0.0001399688	0.000000194688
1	218705513	219590570	1786	16	0.0002373187	0.000000188146
1	219590571	221858230	3814	16	0.0002518324	0.000000200325
1	221858231	222230219	681	16	0.0001613316	0.000000118078
1	222230220	224938519	4116	16	0.0001698595	0.000000196194
1	224938520	226810859	2877	16	0.0006013800	0.000000217938
1	226810860	229156247	4334	16	0.0003185353	0.000000203686
1	229156248	230685254	2592	16	0.0004156472	0.000000208579
1	230685255	232090251	2719	16	0.0003334476	0.000000204437
1	232090252	233429283	2675	16	0.0002286002	0.000000199154
1	233429284	234599433	2615	16	0.0000007856	0.000000187675
1	234599434	235819435	2145	16	0.0003151994	0.000000203518
1	235819436	237555627	3730	16	0.0001060787	0.000000192980
1	237555628	238567806	2135	16	0.0003807090	0.000000206819
1	238567807	239925313	2673	16	0.0000658606	0.000000190954
1	239925314	240564090	1675	16	-0.0000706509	0.000000184075
1	240564091	241582219	2166	16	0.0000825836	0.000000191796
1	241582220	242071601	1025	16	0.0001826369	0.000000188456
1	242071602	244109498	3857	16	0.0001902854	0.000000197223
1	244109499	245506745	2784	16	-0.0000038889	0.000000187439
1	245506746	247344517	4630	16	0.0000054046	0.000000187907
1	247344518	249239465	3775	16	0.0000881795	0.000000192078
2	10133	1781021	4791	16	0.0000864286	0.000000191990
2	1781022	3973778	4998	16	-0.0000239702	0.000000186427
2	3973779	5708336	3430	16	0.0001899260	0.000000197205
2	5708337	6836253	2664	16	0.0002220757	0.000000198825
2	6836254	8422146	2736	16	0.0001029885	0.000000192825
2	8422147	10298468	3690	16	-0.0000109835	0.000000187082
2	10298469	12419149	5185	16	0.0002311553	0.000000199283
2	12419150	14335307	3781	16	-0.0000404670	0.000000185596
2	14335308	16329734	3794	16	-0.0000267562	0.000000186287
2	16329735	18647422	4151	16	0.0002223160	0.000000198837
2	18647423	19692403	1722	16	0.0003904070	0.000000207307
2	19692404	21050489	2900	16	0.0002913518	0.000000202316
2	21050490	23341382	2903	16	0.0001146245	0.000000193411
2	23341383	24686917	2302	16	0.0001758926	0.000000196498
2	24686918	26894984	2885	16	0.0005123965	0.000000213454
2	26894985	28598776	1787	16	0.0005168793	0.000000213680
2	28598777	29217558	1129	16	0.0004626419	0.000000210947
2	29217559	30463710	2368	16	0.0002266165	0.000000199054
2	30463711	31550449	2454	16	-0.0000092222	0.000000187170
2	31550450	33363776	2431	16	0.0002685072	0.000000201165
2	33363777	35345027	4749	16	0.0000764677	0.000000191488
2	35345028	36122005	2280	16	-0.0000392728	0.000000185656
2	36122006	38132711	4272	16	0.0002268741	0.000000199067
2	38132712	39031336	1656	16	0.0002527499	0.000000200371
2	39031337	40281482	1492	16	0.0003134578	0.000000203430
2	40281483	43309589	6399	16	0.0001015919	0.000000192754
2	43309590	44313802	2029	16	0.0010767579	0.000000241892
2	44313803	46482633	4398	16	0.0000320086	0.000000189248
2	46482634	47318771	1739	16	0.0000068858	0.000000187982
2	47318772	48213000	1670	16	0.0005720603	0.000000216461
2	48213001	50022256	3726	16	0.0002878672	0.000000202140
2	50022257	50818927	1735	16	0.0001400224	0.000000194691
2	50818928	52491132	3077	16	0.0001518010	0.000000195284
2	52491133	53508451	2595	16	0.0001266549	0.000000194017
2	53508452	54685225	2234	16	0.0000388372	0.000000189592
2	54685226	56203344	2889	16	0.0004973467	0.000000212696
2	56203345	57429099	2243	16	0.0002457247	0.000000200017
2	57429100	58297314	1913	16	0.0002785530	0.000000184136
2	58297315	60291999	2858	16	0.0000216558	0.000000188726
2	60292000	62429043	2764	16	0.0003512262	0.000000205333
2	62429044	64625912	2851	16	0.0004048135	0.000000208033
2	64625913	65933443	2215	16	0.0002548106	0.000000200475
2	65933444	67226165	2100	16	0.0003074711	0.000000203128
2	67226166	68010175	1849	16	0.0005060530	0.000000213135
2	68010176	69139563	2215	16	0.0003652730	0.000000206041
2	69139564	70755197	2378	16	0.0004994858	0.000000212804
2	70755198	73174847	3979	16	0.0000300732	0.000000189150
2	73174848	75630085	3446	16	0.0001147411	0.000000193417
2	75630086	76913660	2666	16	0.0000521227	0.000000190262
2	76913661	78079263	2671	16	-0.0000004179	0.000000187614
2	78079264	80050402	4197	16	0.0000648503	0.000000190903
2	80050403	81620840	2541	16	0.0000071231	0.000000187994
2	81620841	85140679	6392	16	0.0001072711	0.000000193040
2	85140680	88038506	3658	16	0.0000050275	0.000000187888
2	88038507	89154525	1222	16	0.0002942771	0.000000182767
2	89154526	95326451	908	16	0.0001000501	0.000000166564
2	95326452	98995200	2691	16	0.0003539359	0.000000205470
2	98995201	101822328	4330	16	0.0001645451	0.000000195926
2	101822329	102688764	1508	16	0.0005750111	0.000000216609
2	102688765	103588214	1823	16	0.0010349908	0.000000236232
2	103588215	105125033	1653	16	0.0000528616	0.000000190299
2	105125034	106210057	1999	16	0.0000887624	0.000000192108
2	106210058	107408266	2495	16	0.0000541869	0.000000190366
2	107408267	108429176	2038	16	-0.0000333827	0.000000185953
2	108429177	110572431	3074	16	0.0001574394	0.000000195568
2	110572432	113921855	3798	16	0.0002118319	0.000000198309
2	113921856	116772469	4367	16	0.0004030121	0.000000207943
2	116772470	118367465	2717	16	0.0001488171	0.000000195134
2	118367466	121303782	4924	16	0.0001124592	0.000000193302
2	121303783	123302905	3033	16	0.0001643225	0.000000195915
2	123302906	124732249	2987	16	-0.0000004065	0.000000187615
2	124732250	125840920	2102	16	0.0001767589	0.000000196542
2	125840921	127373763	3207	16	0.0002142606	0.000000198431
2	127373764	128034346	1589	16	0.0001441571	0.000000194899
2	128034347	129474440	2588	16	0.0005673149	0.000000216222
2	129474441	130067169	1265	16	0.0000791021	0.000000144938
2	130067170	130658084	1066	16	0.0004730007	0.000000144364
2	130658085	133042783	3286	16	0.0003189879	0.000000203709
2	133042784	135158577	3712	16	-0.0000489855	0.000000185167
2	135158578	137042793	2107	16	0.0000613069	0.000000190724
2	137042794	138698116	3274	16	0.0000479059	0.000000190049
2	138698117	140100270	2358	16	0.0002036502	0.000000197897
2	140100271	141805350	3506	16	0.0003777799	0.000000206671
2	141805351	142518601	1738	16	-0.0000139710	0.000000186045
2	142518602	144519483	3332	16	0.0005030162	0.000000212982
2	144519484	146445569	1763	16	0.0003445217	0.000000204995
2	146445570	147277161	849	16	0.0002351327	0.000000111291
2	147277162	150210291	3507	16	0.0002189733	0.000000198669
2	150210292	151731461	2314	16	0.0001736283	0.000000196384
2	151731462	152486781	1427	16	0.0000270483	0.000000156949
2	152486782	154005055	2479	16	0.0000416023	0.000000189731
2	154005056	155391134	2802	16	0.0001310285	0.000000194237
2	155391135	157560634	3081	16	0.0002951254	0.000000202506
2	157560635	158533217	761	16	0.0004379745	0.000000150255
2	158533218	159577081	1912	16	0.0000607692	0.000000190697
2	159577082	161769732	4064	16	0.0004290869	0.000000209256
2	161769733	163503550	1729	16	0.0003130269	0.000000203408
2	163503551	164466637	1264	16	-0.0000145323	0.000000143136
2	164466638	165178839	837	16	0.0000472721	0.000000110808
2	165178840	167160269	3106	16	0.0002450950	0.000000199985
2	167160270	167355969	403	16	-0.0000078924	0.000000045678
2	167355970	169968235	4394	16	0.0002177153	0.000000198606
2	169968236	171226244	2757	16	0.0000877036	0.000000192054
2	171226245	173138904	3256	16	0.0002007468	0.000000197751
2	173138905	175588928	4229	16	0.0002900558	0.000000202251
2	175588929	177363635	2688	16	0.0002928357	0.000000202391
2	177363636	178553182	2006	16	0.0000598037	0.000000190649
2	178553183	181312738	5037	16	0.0000604459	0.000000190681
2	181312739	182266030	1825	16	-0.0000588042	0.000000176737
2	182266031	184357607	3296	16	0.0003571847	0.000000205633
2	184357608	185280172	2040	16	0.0000490904	0.000000167424
2	185280173	189882064	6385	16	0.0001221753	0.000000193791
2	189882065	191973356	2708	16	0.0003378966	0.000000204661
2	191973357	195861163	4145	16	-0.0000534723	0.000000184941
2	195861164	196447455	825	16	0.0000667557	0.000000097906
2	196447456	198078109	2195	16	0.0005705585	0.000000216385
2	198078110	199311124	1443	16	0.0008941055	0.000000205200
2	199311125	201576283	2563	16	0.0000946671	0.000000192405
2	201576284	202818636	1388	16	0.0002472121	0.000000200092
2	202818637	205799240	3657	16	0.0001570733	0.000000195550
2	205799241	206735703	1463	16	0.0001153514	0.000000193448
2	206735704	208645398	3253	16	0.0001407746	0.000000194729
2	208645399	209941528	2032	16	0.0000168399	0.000000188484
2	209941529	212379517	4367	16	0.0003259858	0.000000204061
2	212379518	214014281	3493	16	0.0001337646	0.000000194375
2	214014282	215573794	2564	16	0.0000736131	0.000000191344
2	215573795	217715660	3600	16	0.0001842694	0.000000196920
2	217715661	218395479	1212	16	0.0002540277	0.000000200435
2	218395480	220454550	2436	16	0.0000201818	0.000000188652
2	220454551	222521175	4018	16	-0.0000057564	0.000000187345
2	222521176	224859418	4068	16	0.0000284065	0.000000189066
2	224859419	225840003	1820	16	0.0000019796	0.000000187735
2	225840004	228119841	3915	16	0.0000248738	0.000000188888
2	228119842	229370786	3128	16	0.0001031433	0.000000192832
2	229370787	231843388	4952	16	0.0006410207	0.000000219936
2	231843389	233550002	2783	16	0.0001320583	0.000000194289
2	233550003	235150986	3154	16	0.0026420926	0.000000320768
2	235150987	236043549	2276	16	0.0001801966	0.000000196715
2	236043550	237449031	2648	16	0.0001760195	0.000000196505
2	237449032	238760980	2880	16	0.0002675185	0.000000201115
2	238760981	239952642	2751	16	0.0002096334	0.000000198198
2	239952643	241560083	4230	16	0.0002612109	0.000000200797
2	241560084	242149920	1403	16	0.0001218966	0.000000193777
2	242149921	243188919	2050	16	0.0005509877	0.000000215399
3	60157	1441778	3125	16	0.0001035424	0.000000192852
3	1441779	2992119	4906	16	0.0000961340	0.000000192479
3	2992120	4431646	3637	16	0.0003927065	0.000000207423
3	4431647	6083182	3874	16	0.0002847849	0.000000201985
3	6083183	7083386	2401	16	-0.0000176050	0.000000186748
3	7083387	8648560	4019	16	-0.0000322810	0.000000186008
3	8648561	9543182	1921	16	0.0000299832	0.000000189146
3	9543183	11019664	2682	16	0.0001479739	0.000000195091
3	11019665	13070798	3626	16	0.0001882730	0.000000197122
3	13070799	14816899	3780	16	0.0000850500	0.000000191921
3	14816900	16282441	2570	16	0.0001457873	0.000000194981
3	16282442	17891117	2480	16	0.0002397920	0.000000199718
3	17891118	19125143	1900	16	0.0013199957	0.000000254149
3	19125144	20091347	1150	16	-0.0000245003	0.000000156475
3	20091348	21643706	3763	16	0.0005668111	0.000000216196
3	21643707	22204243	2108	16	0.0002851501	0.000000202004
3	22204244	23804864	3318	16	0.0001498440	0.000000195186
3	23804865	25461557	3472	16	0.0001053153	0.000000192942
3	25461558	26877768	2373	16	0.0000414280	0.000000189723
3	26877769	27840909	1823	16	0.0001929855	0.000000197359
3	27840910	29142259	2145	16	0.0000681021	0.000000191067
3	29142260	30717954	3474	16	0.0002866845	0.000000202081
3	30717955	32351714	3006	16	0.0002043591	0.000000197933
3	32351715	33255591	1742	16	0.0000726623	0.000000191296
3	33255592	35283457	3329	16	0.0002194372	0.000000198692
3	35283458	36486841	2017	16	-0.0000331331	0.000000185079
3	36486842	38356115	2495	16	0.0002370068	0.000000199578
3	38356116	40221297	3380	16	0.0000653949	0.000000190930
3	40221298	41064527	714	16	0.0000532808	0.000000106443
3	41064528	42540001	2928	16	0.0000570843	0.000000190512
3	42540002	45165152	3190	16	0.0001359320	0.000000194485
3	45165153	46657499	3068	16	0.0003260226	0.000000204063
3	46657500	47727211	973	16	0.0004620602	0.000000159209
3	47727212	49316971	1017	16	0.0008712927	0.000000155960
3	49316972	51832014	2130	16	0.0014553698	0.000000260078
3	51832015	54081389	2706	16	0.0006163548	0.000000218693
3	54081390	55348859	2560	16	0.0004313976	0.000000209373
3	55348860	56433906	1747	16	0.0001926574	0.000000197343
3	56433907	58157518	2886	16	0.0005623252	0.000000215970
3	58157519	60272905	4336	16	0.0001190392	0.000000193633
3	60272906	62355665	4372	16	-0.0000408631	0.000000185576
3	62355666	63669285	2843	16	0.0001205471	0.000000193709
3	63669286	65273537	3133	16	0.0001549159	0.000000195441
3	65273538	66270446	1808	16	0.0001374375	0.000000194560
3	66270447	68286913	3673	16	0.0002504407	0.000000200255
3	68286914	69276761	1723	16	0.0002788663	0.000000201687
3	69276762	70449027	2231	16	0.0003231354	0.000000203918
3	70449028	72529328	3297	16	0.0000808905	0.000000191711
3	72529329	74321816	3269	16	0.0002611128	0.000000200792
3	74321817	75704948	2566	16	0.0000654773	0.000000190934
3	75704949	77508834	3033	16	0.0002685834	0.000000201169
3	77508835	79024540	2164	16	0.0000747488	0.000000191402
3	79024541	81427309	3655	16	0.0001500420	0.000000195196
3	81427310	82643885	1755	16	0.0002448248	0.000000175981
3	82643886	84367478	2556	16	0.0000550481	0.000000190409
3	84367479	85582230	2223	16	-0.0000336038	0.000000178883
3	85582231	87409731	3205	16	0.0001944149	0.000000197431
3	87409732	88298372	1670	16	0.0000513187	0.000000130877
3	88298373	94255315	3528	16	0.0001947052	0.000000197446
3	94255316	95311970	2082	16	0.0000913133	0.000000162295
3	95311971	98215949	4521	16	0.0000428112	0.000000189792
3	98215950	99373761	2257	16	0.0000979537	0.000000192571
3	99373762	100592216	1425	16	0.0002513359	0.000000178024
3	100592217	103084959	4405	16	0.0003242887	0.000000203976
3	103084960	104581612	3525	16	0.0001438291	0.000000194883
3	104581613	106982810	4460	16	0.0000599660	0.000000190657
3	106982811	109522394	4197	16	0.0004941718	0.000000212536
3	109522395	110513769	1883	16	0.0001331199	0.000000152209
3	110513770	112815698	3860	16	0.0005293805	0.000000214310
3	112815699	113947862	1704	16	0.0005283449	0.000000214258
3	113947863	115447079	1691	16	0.0001003259	0.000000192690
3	115447080	116800152	2577	16	0.0003699490	0.000000206276
3	116800153	118530250	3015	16	0.0000148665	0.000000188384
3	118530251	120523054	3436	16	0.0001430337	0.000000194842
3	120523055	121974096	2526	16	0.0001241980	0.000000193893
3	121974097	123517767	2490	16	0.0000672108	0.000000191022
3	123517768	124936641	2699	16	0.0002694259	0.000000201211
3	124936642	126214942	3332	16	0.0000527277	0.000000190292
3	126214943	128194860	3139	16	0.0002405840	0.000000199758
3	128194861	130244734	3242	16	0.0000356632	0.000000189432
3	130244735	131836515	2861	16	0.0000710750	0.000000191216
3	131836516	133252172	2939	16	0.0002332448	0.000000199388
3	133252173	135456905	3699	16	0.0001850659	0.000000196960
3	135456906	137371082	2570	16	0.0002886406	0.000000202179
3	137371083	139954596	3843	16	0.0004097308	0.000000208281
3	139954597	141339096	2081	16	0.0002866907	0.000000202081
3	141339097	143164627	3197	16	0.0002719360	0.000000201338
3	143164628	144410815	1978	16	-0.0000833625	0.000000183435
3	144410816	145664618	2778	16	0.0000405527	0.000000189678
3	145664619	146726628	2145	16	0.0000613227	0.000000190725
3	146726629	149043236	3873	16	0.0002074999	0.000000198091
3	149043237	150252003	2130	16	0.0000959774	0.000000192471
3	150252004	151348729	1676	16	0.0000413662	0.000000189719
3	151348730	153256570	3476	16	0.0000004419	0.000000187657
3	153256571	154714217	2749	16	0.0000292471	0.000000189109
3	154714218	156008699	1935	16	0.0000374198	0.000000189521
3	156008700	157312027	2120	16	0.0001431881	0.000000194850
3	157312028	159477889	3766	16	0.0001041217	0.000000192882
3	159477890	161524503	2975	16	0.0002474637	0.000000200105
3	161524504	163253204	4842	16	0.0002037387	0.000000197901
3	163253205	165055468	3581	16	-0.0000236106	0.000000186445
3	165055469	167117428	3767	16	0.0000915358	0.000000192247
3	167117429	168580959	2041	16	0.0001605004	0.000000195723
3	168580960	170964908	3695	16	0.0002573173	0.000000200601
3	170964909	172295730	2491	16	0.0004052971	0.000000208058
3	172295731	173477284	1849	16	0.0000745874	0.000000191393
3	173477285	175116538	3327	16	0.0002637996	0.000000200928
3	175116539	176320286	2271	16	0.0003025500	0.000000202880
3	176320287	178107164	3167	16	0.0005552678	0.000000215615
3	178107165	179374585	2290	16	0.0002657849	0.000000201028
3	179374586	181511165	2637	16	-0.0000051256	0.000000187377
3	181511166	183769682	3496	16	0.0000552540	0.000000190419
3	183769683	185068254	2271	16	0.0002463517	0.000000200049
3	185068255	186890343	3175	16	0.0001352393	0.000000194450
3	186890344	188856213	3274	16	0.0003021066	0.000000202858
3	188856214	190226606	3344	16	0.0000464058	0.000000189973
3	190226607	192343813	4699	16	0.0001390145	0.000000194640
3	192343814	194059670	3484	16	0.0000041803	0.000000187846
3	194059671	194786673	2335	16	0.0000750484	0.000000191417
3	194786674	195971407	2421	16	0.0000586954	0.000000190593
3	195971408	197075986	2136	16	0.0002381414	0.000000199635
3	197075987	197946621	1527	16	0.0004558193	0.000000210603
4	10240	694714	884	16	0.0001991643	0.000000136267
4	694715	1478710	1682	16	0.0002639116	0.000000200933
4	1478711	2842978	2358	16	0.0002560457	0.000000200537
4	2842979	3846039	1855	16	0.0004125139	0.000000208421
4	3846040	4684115	2761	16	0.0000750102	0.000000191415
4	4684116	5502387	1980	16	0.0000935064	0.000000192347
4	5502388	6773042	3323	16	-0.0000305074	0.000000186098
4	6773043	7539691	2263	16	0.0004338133	0.000000209495
4	7539692	8152234	1820	16	0.0001041783	0.000000192885
4	8152235	9326478	2631	16	0.0001346976	0.000000194422
4	9326479	10699151	3566	16	0.0000981813	0.000000192582
4	10699152	12323033	3768	16	0.0002385372	0.000000199655
4	12323034	14272000	3948	16	0.0001144228	0.000000193401
4	14272001	15147445	1757	16	0.0000481727	0.000000190062
4	15147446	15927008	1331	16	0.0001569395	0.000000192444
4	15927009	17383321	2917	16	0.0001299464	0.000000194183
4	17383322	18841873	2513	16	0.0000395927	0.000000189630
4	18841874	20544556	3590	16	0.0000659523	0.000000190958
4	20544557	22319346	3642	16	0.0002403190	0.000000199745
4	22319347	24135528	3140	16	-0.0000041855	0.000000187424
4	24135529	25609321	2728	16	0.0001813670	0.000000196774
4	25609322	27343721	2629	16	0.0002773582	0.000000201611
4	27343722	27965867	1249	16	0.0004929316	0.000000181205
4	27965868	29762207	4014	16	0.0000694098	0.000000191133
4	29762208	30454534	1130	16	0.0001361203	0.000000125103
4	30454535	31782980	2699	16	0.0000032389	0.000000187798
4	31782981	33172765	3185	16	0.0002681302	0.000000201146
4	33172766	35151414	2985	16	0.0005291027	0.000000214296
4	35151415	36020435	2367	16	0.0001913453	0.000000197277
4	36020436	37255046	2975	16	0.0001625168	0.000000195824
4	37255047	38907021	3866	16	0.0001732790	0.000000196366
4	38907022	40202608	2537	16	0.0002267808	0.000000199062
4	40202609	42213057	3928	16	0.0002716692	0.000000201324
4	42213058	43965044	3469	16	0.0001538308	0.000000195386
4	43965045	45189156	2685	16	0.0002122078	0.000000198328
4	45189157	47411895	3019	16	-0.0000472962	0.000000185252
4	47411896	48123599	1290	16	0.0003457518	0.000000154608
4	48123600	53877432	2811	16	0.0005538450	0.000000215543
4	53877433	55429555	2639	16	0.0001583730	0.000000195615
4	55429556	56547643	2204	16	0.0004234298	0.000000208971
4	56547644	58935007	5196	16	0.0002064914	0.000000198040
4	58935008	60741086	4116	16	0.0002206295	0.000000198752
4	60741087	62371762	3389	16	0.0000378817	0.000000189544
4	62371763	64341000	3745	16	0.0001849282	0.000000196953
4	64341001	66600491	4385	16	0.0000455618	0.000000189931
4	66600492	68059496	2736	16	0.0002350469	0.000000199479
4	68059497	68854764	1574	16	0.0000743352	0.000000152178
4	68854765	71049151	4219	16	0.0000468255	0.000000189995
4	71049152	72140557	1920	16	0.0001886961	0.000000180914
4	72140558	74592389	3396	16	0.0000396712	0.000000189634
4	74592390	77130706	4569	16	0.0003162667	0.000000203571
4	77130707	79093978	3919	16	-0.0000066040	0.000000187302
4	79093979	80990296	3181	16	0.0002954367	0.000000202522
4	80990297	82125314	1415	16	0.0002004775	0.000000156841
4	82125315	83372592	2137	16	0.0000964547	0.000000192495
4	83372593	84799655	2724	16	0.0001087346	0.000000193114
4	84799656	86930608	3484	16	0.0002428279	0.000000199871
4	86930609	87534647	737	16	0.0003212221	0.000000093384
4	87534648	89238027	3188	16	0.0001511244	0.000000195250
4	89238028	90231563	1768	16	0.0001467244	0.000000195028
4	90231564	91560676	2035	16	0.0001972114	0.000000197572
4	91560677	94233298	3811	16	0.0001525100	0.000000195320
4	94233299	96182187	3319	16	0.0002518149	0.000000200324
4	96182188	97540702	2828	16	-0.0000073287	0.000000187266
4	97540703	99424066	3284	16	-0.0000492027	0.000000185156
4	99424067	100678359	2322	16	0.0000344320	0.000000189370
4	100678360	103221355	4683	16	0.0005832282	0.000000217023
4	103221356	105305293	3070	16	0.0001291201	0.000000194141
4	105305294	107501304	3221	16	0.0001085794	0.000000193106
4	107501305	108815347	1895	16	0.0002321716	0.000000199334
4	108815348	111256566	4228	16	0.0001461522	0.000000195000
4	111256567	113870101	3957	16	0.0001229905	0.000000193832
4	113870102	115666245	3319	16	0.0000398915	0.000000189645
4	115666246	117276928	2930	16	0.0004165443	0.000000208624
4	117276929	118479917	2489	16	-0.0000349325	0.000000185875
4	118479918	119933511	2884	16	0.0003343254	0.000000204481
4	119933512	120392683	1249	16	0.0004161065	0.000000148350
4	120392684	122657986	4841	16	0.0001537207	0.000000195381
4	122657987	124286480	2392	16	0.0007510367	0.000000225479
4	124286481	125210861	1731	16	0.0001901036	0.000000197214
4	125210862	126480885	2451	16	0.0000922692	0.000000192284
4	126480886	127275476	1760	16	0.0001900568	0.000000197212
4	127275477	127830292	1178	16	0.0001124709	0.000000138815
4	127830293	128996664	1030	16	0.0002389918	0.000000135848
4	128996665	130591884	2483	16	0.0000519726	0.000000190254
4	130591885	131283820	1171	16	0.0001563329	0.000000141014
4	131283821	132954032	3184	16	0.0000722537	0.000000191276
4	132954033	134628433	3418	16	0.0003028118	0.000000202894
4	134628434	136566406	3534	16	0.0002433717	0.000000199898
4	136566407	138541970	4271	16	0.0000799271	0.000000191663
4	138541971	139556510	2034	16	0.0002031852	0.000000197873
4	139556511	141084630	2478	16	0.0003048514	0.000000202996
4	141084631	143443264	3928	16	0.0001168143	0.000000193521
4	143443265	146178186	3798	16	0.0002930903	0.000000202404
4	146178187	148521872	3468	16	0.0003274069	0.000000204133
4	148521873	150683579	2895	16	0.0003319818	0.000000204363
4	150683580	152782183	2646	16	0.0003149005	0.000000203503
4	152782184	154477640	2504	16	-0.0000147529	0.000000186892
4	154477641	155056125	1241	16	-0.0000883886	0.000000170444
4	155056126	157485096	4827	16	0.0003961115	0.000000207595
4	157485097	158743717	2154	16	0.0002480588	0.000000200135
4	158743718	161058863	3497	16	0.0002178726	0.000000198613
4	161058864	161826434	1892	16	0.0001301580	0.000000194194
4	161826435	163243678	3895	16	0.0001241089	0.000000193889
4	163243679	164478233	2188	16	0.0001307265	0.000000194222
4	164478234	165823447	3002	16	0.0000309260	0.000000189193
4	165823448	167018857	2467	16	0.0002810592	0.000000201797
4	167018858	167852916	1713	16	0.0001217915	0.000000167230
4	167852917	169676824	3448	16	0.0001652022	0.000000195959
4	169676825	170776509	1656	16	0.0000643137	0.000000190876
4	170776510	172558634	3140	16	0.0001238693	0.000000193877
4	172558635	174264131	2248	16	0.0000121193	0.000000188246
4	174264132	176570715	3998	16	0.0001578836	0.000000195591
4	176570716	178991909	5010	16	0.0001148514	0.000000193422
4	178991910	180122042	2354	16	-0.0001061512	0.000000182286
4	180122043	182066806	5032	16	0.0000041294	0.000000187843
4	182066807	183371274	3400	16	0.0002345072	0.000000199452
4	183371275	184929454	3742	16	0.0000669621	0.000000191009
4	184929455	186909089	4984	16	0.0000229055	0.000000188789
4	186909090	188472980	3579	16	0.0003025410	0.000000202880
4	188472981	189693510	3882	16	0.0000983160	0.000000192589
4	189693511	191043593	3238	16	0.0000985870	0.000000192603
5	11940	982251	2235	16	0.0004511424	0.000000210368
5	982252	2132441	3128	16	0.0000599050	0.000000190654
5	2132442	3361940	3797	16	0.0001278003	0.000000194075
5	3361941	4632109	2758	16	0.0000123277	0.000000188256
5	4632110	5973232	3091	16	0.0000688010	0.000000191102
5	5973233	7143217	2715	16	0.0000624593	0.000000190782
5	7143218	8446335	3016	16	0.0000700618	0.000000191165
5	8446336	9718831	2938	16	-0.0000099228	0.000000187135
5	9718832	11173270	3120	16	0.0000988910	0.000000192618
5	11173271	13464831	3421	16	0.0001913851	0.000000197279
5	13464832	14757803	2383	16	0.0003643039	0.000000205992
5	14757804	16963612	3185	16	0.0000499035	0.000000190150
5	16963613	18051591	1678	16	0.0001256496	0.000000193966
5	18051592	19917715	3888	16	0.0001427710	0.000000194829
5	19917716	22152072	3182	16	-0.0000780853	0.000000183700
5	22152073	23494323	2324	16	0.0001454791	0.000000194966
5	23494324	26184850	5423	16	0.0003016400	0.000000202834
5	26184851	26857603	1355	16	0.0003406781	0.000000157237
5	26857604	27984512	1941	16	0.0000243604	0.000000188863
5	27984513	29714819	3590	16	-0.0000204240	0.000000186606
5	29714820	31390248	3392	16	0.0000120415	0.000000188242
5	31390249	33500179	4022	16	0.0001301518	0.000000194193
5	33500180	35048969	2928	16	0.0001670652	0.000000196053
5	35048970	36433953	2261	16	0.0001909633	0.000000197258
5	36433954	38802409	3588	16	0.0000614012	0.000000190729
5	38802410	40287728	2759	16	0.0007229041	0.000000224062
5	40287729	41888709	3168	16	0.0048297623	0.000000431003
5	41888710	43983498	2781	16	0.0000641964	0.000000190870
5	43983499	50163397	4359	16	0.0003070112	0.000000203105
5	50163398	52134621	3347	16	0.0001467667	0.000000195031
5	52134622	53703043	3342	16	0.0002486329	0.000000200163
5	53703044	55417348	3239	16	0.0003073036	0.000000203120
5	55417349	56621101	2207	16	0.0002665320	0.000000201065
5	56621102	57340072	1283	16	0.0000962947	0.000000154536
5	57340073	58524621	2808	16	0.0000436018	0.000000189832
5	58524622	60935906	3214	16	0.0002921217	0.000000202355
5	60935907	61672994	1032	16	0.0002042894	0.000000145462
5	61672995	63218986	2820	16	0.0003623900	0.000000205896
5	63218987	63968303	944	16	0.0001901063	0.000000109809
5	63968304	65911285	3077	16	0.0002462335	0.000000200043
5	65911286	67850859	3306	16	-0.0000096670	0.000000187148
5	67850860	71240455	2511	16	0.0004021518	0.000000207899
5	71240456	73759325	4330	16	0.0005708170	0.000000216398
5	73759326	75798865	3636	16	0.0001864320	0.000000197029
5	75798866	77623331	3229	16	0.0001513239	0.000000195260
5	77623332	79393143	2973	16	0.0000424697	0.000000189775
5	79393144	80481470	2439	16	-0.0000221743	0.000000186518
5	80481471	82025647	2155	16	0.0000091000	0.000000188094
5	82025648	83972688	2624	16	0.0001730996	0.000000196357
5	83972689	85767289	4500	16	0.0000331904	0.000000189308
5	85767290	87389990	1582	16	0.0000463826	0.000000189972
5	87389991	88891529	1311	16	0.0002722187	0.000000187288
5	88891530	90422653	1823	16	0.0001799967	0.000000196705
5	90422654	91840541	1738	16	0.0000801854	0.000000191676
5	91840542	93809983	1656	16	0.0000819357	0.000000191764
5	93809984	95963518	2960	16	0.0001930944	0.000000197365
5	95963519	97315600	2961	16	0.0010073464	0.000000238394
5	97315601	99260991	3698	16	0.0001831530	0.000000196864
5	99260992	101578768	3577	16	0.0001871291	0.000000197064
5	101578769	103320004	2577	16	0.0000785742	0.000000191594
5	103320005	104851482	2658	16	0.0001290455	0.000000194138
5	104851483	105893054	1387	16	0.0000907205	0.000000174686
5	105893055	107264195	2628	16	0.0003070767	0.000000203108
5	107264196	108633933	2659	16	0.0001952661	0.000000197474
5	108633934	110821143	3547	16	0.0001489351	0.000000195140
5	110821144	111981561	2184	16	0.0006186646	0.000000218809
5	111981562	113396284	2852	16	0.0001634025	0.000000195869
5	113396285	114830369	3023	16	0.0001331300	0.000000194343
5	114830370	115831046	2263	16	0.0002739778	0.000000201441
5	115831047	117346212	3076	16	-0.0000084190	0.000000187211
5	117346213	118608819	2169	16	0.0000595661	0.000000190637
5	118608820	119669041	1947	16	0.0001639194	0.000000195895
5	119669042	120452165	1489	16	0.0003611481	0.000000175431
5	120452166	122556904	3847	16	0.0003135384	0.000000203434
5	122556905	123798099	2228	16	0.0000496805	0.000000190138
5	123798100	125785648	4366	16	0.0000397281	0.000000189637
5	125785649	127344603	2211	16	0.0000864064	0.000000191989
5	127344604	129519024	4128	16	0.0005843303	0.000000217079
5	129519025	132139648	2710	16	0.0019684610	0.000000286824
5	132139649	134777400	3754	16	0.0001216332	0.000000193764
5	134777401	136376049	2715	16	0.0000588440	0.000000190600
5	136376050	139265071	2942	16	0.0001965814	0.000000197541
5	139265072	140645970	1615	16	-0.0000171708	0.000000186770
5	140645971	142981247	3609	16	0.0007313359	0.000000224486
5	142981248	144943353	3175	16	0.0001061937	0.000000192986
5	144943354	147181997	3495	16	0.0001623311	0.000000195815
5	147181998	148662623	2521	16	0.0001632469	0.000000195861
5	148662624	150561297	3303	16	0.0016452893	0.000000270540
5	150561298	152867773	4515	16	0.0003483265	0.000000205187
5	152867774	153773087	1921	16	0.0002761656	0.000000201551
5	153773088	155373504	2847	16	0.0002056389	0.000000197997
5	155373505	156628699	1883	16	0.0006004093	0.000000217889
5	156628700	158825697	4163	16	0.0009105115	0.000000233515
5	158825698	159973943	2088	16	0.0010536156	0.000000240726
5	159973944	161482132	2638	16	-0.0000522626	0.000000185002
5	161482133	162743907	2114	16	0.0003171992	0.000000203618
5	162743908	163771581	2072	16	0.0001046239	0.000000192907
5	163771582	165642394	3040	16	0.0000628350	0.000000190801
5	165642395	166847739	1990	16	0.0000093761	0.000000188108
5	166847740	168525317	2778	16	0.0000409916	0.000000189701
5	168525318	169505663	1833	16	0.0000260649	0.000000188948
5	169505664	171074291	2860	16	0.0000781631	0.000000191574
5	171074292	172678326	2924	16	0.0000089391	0.000000188086
5	172678327	173642870	2175	16	0.0005261142	0.000000214146
5	173642871	175450594	3595	16	0.0000547780	0.000000190395
5	175450595	177251506	1969	16	0.0001189514	0.000000193629
5	177251507	178413463	3040	16	0.0001555795	0.000000195475
5	178413464	179401243	2014	16	0.0001354472	0.000000194460
5	179401244	180559932	2800	16	0.0002407908	0.000000199768
5	180559933	180885155	314	16	0.0001426693	0.000000072847
6	73924	1452361	2948	16	0.0001186479	0.000000193614
6	1452362	2458935	1800	16	0.0000817292	0.000000191753
6	2458936	3573592	2669	16	0.0001413972	0.000000194760
6	3573593	4617816	2565	16	0.0001302173	0.000000194197
6	4617817	5791471	2489	16	0.0000421800	0.000000189760
6	5791472	6785206	2463	16	0.0000970421	0.000000192525
6	6785207	7808935	2421	16	-0.0000577781	0.000000184724
6	7808936	9020025	2774	16	0.0001009845	0.000000192724
6	9020026	10540316	3154	16	0.0000077445	0.000000188025
6	10540317	11790815	2226	16	0.0001145369	0.000000193406
6	11790816	13209387	2550	16	0.0001777488	0.000000196592
6	13209388	14802923	2839	16	0.0003922144	0.000000207398
6	14802924	17386404	4519	16	0.0001288298	0.000000194127
6	17386405	19207486	3695	16	0.0001839091	0.000000196902
6	19207487	21684064	4864	16	0.0012856239	0.000000252417
6	21684065	22748306	2432	16	0.0003166088	0.000000203589
6	22748307	23936618	2719	16	0.0001096696	0.000000193161
6	23936619	24852274	1935	16	0.0002779074	0.000000201639
6	24852275	25684586	2034	16	0.0003055130	0.000000203030
6	25684587	26791232	2114	16	0.0002575119	0.000000192226
6	26791233	28017818	1775	16	0.0001172612	0.000000151413
6	28017819	28917607	904	16	0.0002215994	0.000000072841
6	28917608	29737970	165	15	0.0006005421	0.000000050817
6	29737971	30798167	331	16	0.0008577257	0.000000106659
6	30798168	31571217	978	16	0.0022802659	0.000000301640
6	31571218	32682663	4639	16	0.0009743872	0.000000236288
6	32682664	33236496	422	16	0.0014018692	0.000000159262
6	33236497	35455755	3627	16	0.0001094372	0.000000193150
6	35455756	37572595	3651	16	0.0003835458	0.000000206962
6	37572596	39295676	3577	16	0.0000926658	0.000000192304
6	39295677	40345114	1654	16	0.0000021834	0.000000187745
6	40345115	42038720	3102	16	0.0001579557	0.000000195594
6	42038721	43756168	2277	16	0.0001677401	0.000000196087
6	43756169	45406562	2857	16	0.0001107089	0.000000193214
6	45406563	47311897	3095	16	0.0000926740	0.000000192305
6	47311898	48391124	2114	16	0.0001069718	0.000000193025
6	48391125	50386144	3656	16	0.0000817918	0.000000191757
6	50386145	52210475	3215	16	0.0002563026	0.000000200550
6	52210476	53279101	2114	16	0.0001571192	0.000000195552
6	53279102	55468269	4707	16	0.0000202309	0.000000188654
6	55468270	56105312	1549	16	-0.0000117190	0.000000114927
6	56105313	57599464	1765	16	0.0000819998	0.000000191767
6	57599465	61880511	2259	16	0.0002413178	0.000000160562
6	61880512	63552887	3423	16	0.0002835481	0.000000201923
6	63552888	65765741	3633	16	0.0002488078	0.000000200172
6	65765742	67329214	4058	16	-0.0000587460	0.000000184675
6	67329215	68849482	4121	16	0.0001275063	0.000000194060
6	68849483	69523447	1740	16	0.0000592788	0.000000143118
6	69523448	71609509	3938	16	0.0001089942	0.000000193127
6	71609510	73450096	3575	16	0.0002068402	0.000000198058
6	73450097	75462002	3967	16	0.0003273693	0.000000204131
6	75462003	77414880	2703	16	-0.0000365850	0.000000185792
6	77414881	78957727	3534	16	0.0000933775	0.000000192340
6	78957728	80691169	3460	16	0.0000456356	0.000000189935
6	80691170	81929221	3072	16	0.0000245819	0.000000188874
6	81929222	83127148	1942	16	0.0001598461	0.000000195690
6	83127149	85209988	2669	16	-0.0000130258	0.000000186979
6	85209989	87069499	3828	16	0.0001627972	0.000000195838
6	87069500	88822139	3230	16	0.0002267860	0.000000199063
6	88822140	89973051	2104	16	0.0003065624	0.000000203082
6	89973052	91843195	3141	16	0.0007723203	0.000000226552
6	91843196	93428643	2647	16	0.0001965467	0.000000197539
6	93428644	94118141	1638	16	0.0002779130	0.000000191939
6	94118142	94441174	460	16	0.0001962176	0.000000049673
6	94441175	97093510	4350	16	0.0003765613	0.000000206610
6	97093511	97842283	1228	16	0.0002947466	0.000000132250
6	97842284	100630145	4265	16	0.0002504060	0.000000200253
6	100630146	102636771	2833	16	0.0001100521	0.000000193181
6	102636772	103983394	2664	16	0.0001191393	0.000000193638
6	103983395	106056732	3852	16	0.0002597211	0.000000200722
6	106056733	107450305	2946	16	0.0000567466	0.000000190494
6	107450306	108464379	1492	16	-0.0000536683	0.000000184931
6	108464380	110304246	2634	16	0.0000257881	0.000000188935
6	110304247	112345013	3154	16	0.0004988310	0.000000212771
6	112345014	114220832	2916	16	0.0001159538	0.000000193478
6	114220833	116131395	3373	16	0.0000486774	0.000000190088
6	116131396	117672971	2404	16	0.0001537880	0.000000195384
6	117672972	118963114	2003	16	0.0004349218	0.000000209550
6	118963115	119963277	1727	16	0.0001582278	0.000000190303
6	119963278	120512127	1101	16	0.0000374948	0.000000095684
6	120512128	121905675	2695	16	0.0000949477	0.000000192419
6	121905676	123856180	3665	16	0.0004078920	0.000000208188
6	123856181	125424382	2527	16	0.0000814272	0.000000191738
6	125424383	127540460	2122	16	0.0004164584	0.000000208620
6	127540461	129861030	3166	16	0.0000854572	0.000000191941
6	129861031	130935453	2330	16	0.0001381588	0.000000194597
6	130935454	132765668	3054	16	0.0000413205	0.000000189717
6	132765669	134244242	2534	16	0.0001254271	0.000000193955
6	134244243	136224176	2740	16	0.0000072753	0.000000188002
6	136224177	137614217	1286	16	0.0005341247	0.000000214549
6	137614218	138822628	2293	16	0.0002587786	0.000000200675
6	138822629	139845435	1960	16	0.0000405791	0.000000189680
6	139845436	142288478	3234	16	0.0003175650	0.000000203637
6	142288479	145319809	4372	16	0.0000458196	0.000000189944
6	145319810	146665423	1828	16	0.0002957417	0.000000163714
6	146665424	148920351	3955	16	0.0001742258	0.000000196414
6	148920352	150253403	2593	16	0.0004533793	0.000000210480
6	150253404	151912702	4105	16	0.0001755170	0.000000196479
6	151912703	153094495	2357	16	0.0001338409	0.000000194379
6	153094496	154974119	4281	16	0.0000938532	0.000000192364
6	154974120	156763325	3350	16	0.0001550859	0.000000195450
6	156763326	158218718	2173	16	0.0001146160	0.000000193410
6	158218719	160580496	5338	16	0.0004717212	0.000000211405
6	160580497	162169563	3541	16	0.0001392169	0.000000194650
6	162169564	162931202	1813	16	0.0000663365	0.000000190978
6	162931203	164383520	3351	16	-0.0000018768	0.000000187541
6	164383521	165586863	3138	16	0.0001269269	0.000000194031
6	165586864	167024732	3634	16	0.0000508130	0.000000190196
6	167024733	168042834	2414	16	0.0012400683	0.000000250121
6	168042835	169382049	4011	16	0.0000503714	0.000000190173
6	169382050	170330172	2134	16	0.0001653524	0.000000195967
6	170330173	171051269	1529	16	0.0002492646	0.000000200195
7	16161	972751	2700	16	0.0001179193	0.000000193577
7	972752	1353066	1075	16	0.0001644243	0.000000195920
7	1353067	2062397	1462	16	0.0002184943	0.000000198645
7	2062398	2772226	1477	16	0.0002569682	0.000000200583
7	2772227	4573427	4769	16	0.0001103646	0.000000193196
7	4573428	5416231	2075	16	0.0001831613	0.000000196864
7	5416232	5854525	766	16	0.0002091351	0.000000198173
7	5854526	6573856	1330	16	0.0000586616	0.000000190591
7	6573857	7808751	3351	16	0.0001314946	0.000000194261
7	7808752	9123422	3321	16	0.0001481734	0.000000195101
7	9123423	9987498	2666	16	0.0001720692	0.000000196306
7	9987499	11299197	3307	16	0.0002930552	0.000000202402
7	11299198	12635460	4098	16	0.0000918544	0.000000192264
7	12635461	13884201	3396	16	-0.0000135796	0.000000186951
7	13884202	15143656	2436	16	0.0001652592	0.000000195962
7	15143657	16902068	3721	16	0.0000554880	0.000000190431
7	16902069	19481546	4172	16	0.0000414414	0.000000189723
7	19481547	20124907	1476	16	0.0002913801	0.000000201874
7	20124908	22507628	5373	16	0.0003362553	0.000000204579
7	22507629	23471441	1621	16	0.0002998668	0.000000202745
7	23471442	25077258	3563	16	0.0000481251	0.000000190060
7	25077259	25909554	1876	16	0.0001855820	0.000000196986
7	25909555	28360308	4104	16	0.0006286136	0.000000219310
7	28360309	31137288	5191	16	-0.0000573198	0.000000184747
7	31137289	33555767	5294	16	0.0003682016	0.000000206188
7	33555768	36213537	4830	16	0.0000702372	0.000000191174
7	36213538	37555183	2630	16	0.0001763552	0.000000196521
7	37555184	38966702	3382	16	0.0000813347	0.000000191733
7	38966703	39862669	1575	16	0.0001037514	0.000000192863
7	39862670	42001810	2914	16	0.0001447607	0.000000194929
7	42001811	43159073	2148	16	0.0000445974	0.000000189882
7	43159074	44763827	2784	16	0.0002610443	0.000000200789
7	44763828	45952921	2299	16	0.0001681590	0.000000196108
7	45952922	46986719	2296	16	0.0003994523	0.000000207763
7	46986720	49212277	5031	16	0.0000343825	0.000000189368
7	49212278	51675321	4884	16	0.0005790819	0.000000216815
7	51675322	53176311	4386	16	0.0002442138	0.000000199941
7	53176312	54222975	2604	16	0.0000658118	0.000000190508
7	54222976	55691583	3287	16	0.0001573271	0.000000195563
7	55691584	57382637	3510	16	0.0000856096	0.000000191949
7	57382638	63307358	3229	16	0.0000220851	0.000000188748
7	63307359	63641124	624	16	0.0001163796	0.000000056347
7	63641125	65689808	3204	16	0.0000660429	0.000000190963
7	65689809	68234073	6490	16	0.0000393144	0.000000189616
7	68234074	69085363	1745	16	0.0002925219	0.000000202375
7	69085364	71874884	4594	16	0.0000931562	0.000000192329
7	71874885	73334601	1420	16	0.0004156459	0.000000208579
7	73334602	76458563	3377	16	0.0003362885	0.000000204580
7	76458564	78093858	3422	16	0.0001856203	0.000000196988
7	78093859	79888068	3401	16	0.0005174328	0.000000213708
7	79888069	82022685	3356	16	0.0000657537	0.000000190948
7	82022686	83801202	3617	16	0.0000503204	0.000000190171
7	83801203	85572181	2749	16	0.0003509283	0.000000205318
7	85572182	87825003	3137	16	0.0000806854	0.000000191701
7	87825004	90661783	5665	16	0.0000024546	0.000000187759
7	90661784	92493751	2014	16	0.0004065726	0.000000208122
7	92493752	93966600	1764	16	0.0002296820	0.000000199209
7	93966601	96073507	3026	16	0.0000589557	0.000000190606
7	96073508	97099569	1629	16	0.0001668622	0.000000196043
7	97099570	98715473	3025	16	0.0001250262	0.000000193935
7	98715474	100196650	1407	16	0.0005539148	0.000000200595
7	100196651	101199252	2018	16	0.0005362962	0.000000214659
7	101199253	103197509	2863	16	0.0003337581	0.000000204453
7	103197510	104159524	2317	16	0.0002375437	0.000000199605
7	104159525	105682904	2400	16	-0.0000085486	0.000000187204
7	105682905	107780177	3507	16	0.0000940257	0.000000192373
7	107780178	109647593	3234	16	0.0002722562	0.000000201354
7	109647594	112618683	3857	16	-0.0000378410	0.000000185728
7	112618684	113712386	1445	16	0.0003894692	0.000000176855
7	113712387	116780177	3643	16	0.0001006160	0.000000192705
7	116780178	118351580	1810	16	0.0002052730	0.000000186533
7	118351581	121045272	2833	16	0.0001086295	0.000000193109
7	121045273	121933629	1453	16	0.0002541973	0.000000165407
7	121933630	124156804	3825	16	0.0000934566	0.000000192344
7	124156805	124167551	27	3	-0.0000120353	0.000000003706
7	124167552	126519169	4745	16	0.0001786963	0.000000196639
7	126519170	126869220	501	16	0.0000863656	0.000000061856
7	126869221	128778385	3192	16	0.0003493323	0.000000205238
7	128778386	130422413	2561	16	0.0001401217	0.000000194696
7	130422414	132805847	4106	16	0.0002476044	0.000000200112
7	132805848	134307595	2304	16	0.0000003030	0.000000187207
7	134307596	135591082	2367	16	0.0002290872	0.000000199179
7	135591083	136876561	2347	16	0.0001312417	0.000000194248
7	136876562	138744678	3031	16	0.0002067995	0.000000198056
7	138744679	139933176	1513	16	0.0003528845	0.000000205417
7	139933177	140235209	791	16	0.0002634684	0.000000155845
7	140235210	141226556	1213	16	0.0003513322	0.000000177916
7	141226557	142656309	2267	16	0.0001441075	0.000000194897
7	142656310	144968288	3209	16	0.0002024975	0.000000197839
7	144968289	146427959	2759	16	0.0001359664	0.000000194486
7	146427960	147815317	3164	16	0.0000364094	0.000000189470
7	147815318	149840657	3846	16	0.0005288271	0.000000214282
7	149840658	150711504	2204	16	0.0002044575	0.000000197938
7	150711505	152249805	2344	16	0.0000651810	0.000000190919
7	152249806	153674018	3504	16	0.0000336170	0.000000189329
7	153674019	154964729	2871	16	0.0001678680	0.000000196094
7	154964730	156065249	2875	16	0.0001922180	0.000000197321
7	156065250	157634596	3392	16	-0.0000017891	0.000000187545
7	157634597	159128574	3553	16	0.0001554909	0.000000195470
8	10422	1044216	2448	16	0.0001548142	0.000000195436
8	1044217	1163244	498	16	0.0000450091	0.000000113434
8	1163245	2042941	2754	16	0.0001472498	0.000000195055
8	2042942	2573278	1900	16	0.0000361928	0.000000189459
8	2573279	3392925	3304	16	0.0000677312	0.000000191048
8	3392926	3783016	2079	16	0.0000426593	0.000000189785
8	3783017	4480475	3124	16	0.0000476564	0.000000190036
8	4480476	5146926	2479	16	0.0000637969	0.000000190850
8	5146927	6142796	4328	16	0.0000269065	0.000000188991
8	6142797	7153078	2917	16	0.0001564180	0.000000195517
8	7153079	9154693	3099	16	0.0001497173	0.000000195179
8	9154694	9640786	1255	16	0.0004698661	0.000000206881
8	9640787	10463196	2143	16	0.0001763580	0.000000196522
8	10463197	11278997	1899	16	0.0000126477	0.000000188272
8	11278998	13491774	5288	16	-0.0000190837	0.000000186673
8	13491775	13944991	2176	16	0.0001378237	0.000000194580
8	13944992	15991659	5962	16	-0.0000091454	0.000000187174
8	15991660	17387875	3037	16	0.0000272846	0.000000189010
8	17387876	17836398	1368	16	0.0000181133	0.000000188548
8	17836399	19492839	4271	16	0.0000356190	0.000000189430
8	19492840	20060855	1423	16	0.0002043517	0.000000197932
8	20060856	21661736	3389	16	0.0000292648	0.000000189110
8	21661737	22897056	2072	16	0.0001836469	0.000000196889
8	22897057	24674717	3455	16	-0.0000227890	0.000000186487
8	24674718	25483453	1542	16	0.0001437805	0.000000188255
8	25483454	26682524	2843	16	0.0001886717	0.000000197142
8	26682525	28162391	3435	16	0.0001851792	0.000000196966
8	28162392	29327895	1688	16	0.0000471442	0.000000190011
8	29327896	31133728	2791	16	0.0000782345	0.000000191577
8	31133729	31548359	883	16	-0.0000183986	0.000000096704
8	31548360	32977217	2354	16	0.0001151102	0.000000193435
8	32977218	35317231	3525	16	0.0000627935	0.000000190799
8	35317232	37379388	1731	16	0.0001499512	0.000000195191
8	37379389	38938805	1688	16	0.0001004813	0.000000192698
8	38938806	40703336	3917	16	0.0000002460	0.000000187647
8	40703337	41721453	2095	16	0.0002001309	0.000000197720
8	41721454	42773822	984	16	0.0005132735	0.000000172963
8	42773823	46841314	568	16	0.0001185029	0.000000103544
8	46841315	50082469	2799	16	0.0002532448	0.000000200396
8	50082470	53302929	5649	16	0.0000985529	0.000000192601
8	53302930	54418043	2299	16	0.0002618884	0.000000200831
8	54418044	55945580	2376	16	0.0002411258	0.000000199785
8	55945581	56956382	1788	16	0.0001368546	0.000000194531
8	56956383	59068650	4297	16	0.0000724208	0.000000191284
8	59068651	59728099	1379	16	0.0004627937	0.000000187799
8	59728100	62329098	3995	16	0.0001033744	0.000000192844
8	62329099	63349305	1944	16	0.0002267727	0.000000191556
8	63349306	65232871	2893	16	0.0004150933	0.000000208551
8	65232872	66489089	1812	16	0.0004293315	0.000000209269
8	66489090	69863056	4477	16	0.0001263127	0.000000194000
8	69863057	70867978	1931	16	0.0001158570	0.000000193473
8	70867979	72289453	2407	16	0.0001518977	0.000000195289
8	72289454	73817198	3295	16	0.0001700963	0.000000196206
8	73817199	75445063	2757	16	0.0001842162	0.000000196918
8	75445064	76456541	1669	16	-0.0000518200	0.000000177966
8	76456542	79132860	4632	16	0.0000292927	0.000000189111
8	79132861	81956394	4075	16	0.0002346918	0.000000199461
8	81956395	82693738	1098	16	0.0002032037	0.000000146637
8	82693739	84225588	3221	16	0.0002960652	0.000000202554
8	84225589	85955618	2921	16	0.0000287973	0.000000189086
8	85955619	87411708	1353	16	0.0000589441	0.000000146409
8	87411709	89085480	2943	16	0.0001175998	0.000000193561
8	89085481	90638161	2650	16	0.0000862208	0.000000191980
8	90638162	93554385	3423	16	0.0004996914	0.000000212814
8	93554386	95005526	1702	16	0.0001229281	0.000000193829
8	95005527	96534805	2943	16	0.0000991832	0.000000192633
8	96534806	99401580	4930	16	0.0000735135	0.000000191339
8	99401581	101620957	1926	16	0.0003970522	0.000000207642
8	101620958	104123305	4443	16	0.0002320672	0.000000199329
8	104123306	104988751	2023	16	-0.0000593548	0.000000139230
8	104988752	107410753	4183	16	0.0000546654	0.000000190390
8	107410754	108648176	2255	16	0.0003331716	0.000000204423
8	108648177	109248172	1082	16	0.0001394561	0.000000104209
8	109248173	110484313	2131	16	0.0004333212	0.000000203717
8	110484314	111850846	1555	16	0.0001712441	0.000000167162
8	111850847	113064319	1600	16	0.0004887994	0.000000142761
8	113064320	116096494	5388	16	0.0004942635	0.000000212541
8	116096495	119685456	4757	16	0.0000700304	0.000000191164
8	119685457	121201699	2718	16	0.0004185099	0.000000208723
8	121201700	124861458	6165	16	0.0004196811	0.000000208782
8	124861459	125683718	1532	16	0.0000915722	0.000000192249
8	125683719	126410916	1349	16	0.0002607179	0.000000200772
8	126410917	128659110	4495	16	0.0002403353	0.000000199745
8	128659111	130381138	3205	16	0.0005025708	0.000000212959
8	130381139	131639624	2407	16	0.0004130282	0.000000208447
8	131639625	133351143	3817	16	0.0001687370	0.000000196138
8	133351144	134570000	2584	16	0.0001786031	0.000000196635
8	134570001	136035604	3598	16	0.0001244307	0.000000193905
8	136035605	137524150	2779	16	0.0002139247	0.000000198415
8	137524151	139254829	4298	16	0.0000237925	0.000000188834
8	139254830	140725642	2976	16	0.0001188352	0.000000193623
8	140725643	143044913	4107	16	0.0000553250	0.000000190423
8	143044914	144236880	3028	16	0.0001248474	0.000000193926
8	144236881	146303866	2837	16	0.0004493567	0.000000210278
9	10023	1079706	2906	16	0.0003793683	0.000000206751
9	1079707	1916876	2379	16	0.0000518446	0.000000190247
9	1916877	3190063	3195	16	-0.0000031642	0.000000187476
9	3190064	4495327	2761	16	0.0002595790	0.000000200715
9	4495328	4884925	998	16	0.0003762161	0.000000206592
9	4884926	6557588	2609	16	0.0007307595	0.000000224457
9	6557589	7154922	1776	16	0.0002973758	0.000000202620
9	7154923	8456298	3590	16	0.0000662142	0.000000190972
9	8456299	9166402	1656	16	0.0002043580	0.000000197933
9	9166403	10879252	4405	16	0.0001515823	0.000000195273
9	10879253	12276488	3636	16	0.0000465989	0.000000189983
9	12276489	14836362	5483	16	0.0001330930	0.000000194342
9	14836363	16659654	3686	16	0.0000757603	0.000000191453
9	16659655	18661050	4660	16	0.0000529462	0.000000190303
9	18661051	20463533	3656	16	0.0003421215	0.000000204874
9	20463534	22206558	2930	16	0.0002234130	0.000000198893
9	22206559	24158517	2936	16	0.0002534228	0.000000200405
9	24158518	25330809	1745	16	0.0002239646	0.000000198477
9	25330810	26111756	1463	16	0.0000806395	0.000000191698
9	26111757	28224282	4182	16	0.0003501632	0.000000205280
9	28224283	28811583	1242	16	0.0003642499	0.000000205989
9	28811584	30387391	3743	16	0.0003140401	0.000000203459
9	30387392	31310382	2003	16	0.0000873232	0.000000190263
9	31310383	32019367	1749	16	0.0000822953	0.000000144685
9	32019368	33578333	3453	16	0.0000503549	0.000000190172
9	33578334	34642242	2013	16	0.0002731402	0.000000200068
9	34642243	36743282	2796	16	0.0002420682	0.000000199833
9	36743283	38641598	3427	16	0.0001678347	0.000000196092
9	38641599	65472189	1519	16	0.0002148144	0.000000198459
9	65472190	72512710	2836	16	-0.0000565629	0.000000184785
9	72512711	72753754	468	16	0.0002011094	0.000000054005
9	72753755	74253039	2740	16	0.0002247023	0.000000198958
9	74253040	76203945	3013	16	0.0002265332	0.000000199050
9	76203946	76973080	1094	16	0.0001094558	0.000000117444
9	76973081	78900182	3827	16	0.0000732654	0.000000191327
9	78900183	79471207	1287	16	0.0002420538	0.000000199832
9	79471208	81079054	2784	16	0.0001514143	0.000000195265
9	81079055	82590927	2470	16	0.0002889638	0.000000202196
9	82590928	84211232	4057	16	0.0000161882	0.000000188451
9	84211233	85440800	1474	16	0.0003076795	0.000000203139
9	85440801	86938195	2810	16	0.0000572016	0.000000190517
9	86938196	88109332	2048	16	0.0003342078	0.000000204476
9	88109333	88590416	430	16	0.0002114973	0.000000074123
9	88590417	90136245	2697	16	0.0003692101	0.000000206239
9	90136246	92528697	4757	16	0.0001519274	0.000000195291
9	92528698	94167202	3059	16	0.0006731811	0.000000221556
9	94167203	96671697	4329	16	0.0003705952	0.000000206309
9	96671698	98922039	3635	16	-0.0000103844	0.000000187112
9	98922040	101592858	3964	16	0.0000681120	0.000000191067
9	101592859	104624436	4645	16	0.0001409815	0.000000194739
9	104624437	105967975	3698	16	0.0002252049	0.000000198983
9	105967976	107581748	3490	16	0.0000122606	0.000000188253
9	107581749	109298753	2974	16	0.0002878323	0.000000202139
9	109298754	110695061	2505	16	0.0002830651	0.000000201898
9	110695062	112778023	4593	16	0.0002625168	0.000000200863
9	112778024	114831081	4510	16	0.0000951355	0.000000192429
9	114831082	115693144	1631	16	0.0003201763	0.000000198019
9	115693145	117019800	2575	16	0.0002950487	0.000000202502
9	117019801	117921959	1699	16	0.0009906312	0.000000237552
9	117921960	121321536	6421	16	0.0002418661	0.000000199823
9	121321537	122260296	1492	16	-0.0000231613	0.000000186468
9	122260297	124871321	3298	16	0.0000861785	0.000000191978
9	124871322	126971886	2984	16	-0.0000081788	0.000000187223
9	126971887	129059664	2336	16	0.0000281034	0.000000189051
9	129059665	130055509	1461	16	0.0001850974	0.000000196962
9	130055510	132165469	2332	16	0.0005110153	0.000000213385
9	132165470	133223216	1923	16	-0.0000649452	0.000000184363
9	133223217	134127887	1619	16	0.0000548824	0.000000190401
9	134127888	135298841	2000	16	0.0003359537	0.000000204564
9	135298842	137041121	3910	16	0.0001962755	0.000000197525
9	137041122	137589363	1115	16	-0.0000374983	0.000000185746
9	137589364	138938977	3372	16	0.0001587336	0.000000195634
9	138938978	139500341	1017	16	0.0020185219	0.000000289347
9	139500342	141144795	2412	16	0.0002096563	0.000000198199
10	60523	751338	645	16	-0.0000162033	0.000000147214
10	751339	1523543	1849	16	0.0000718856	0.000000191257
10	1523544	2254499	2102	16	0.0001197897	0.000000193671
10	2254500	3352698	3120	16	-0.0000139379	0.000000186933
10	3352699	4572273	2698	16	0.0000265302	0.000000188972
10	4572274	5983761	3978	16	0.0001034459	0.000000192848
10	5983762	7171483	3053	16	0.0002344937	0.000000199451
10	7171484	8774664	3892	16	0.0001073393	0.000000193044
10	8774665	10249395	3052	16	0.0002718945	0.000000201336
10	10249396	12586796	4942	16	0.0000005624	0.000000187663
10	12586797	13321599	1957	16	0.0000612505	0.000000190721
10	13321600	15026067	3937	16	0.0002516995	0.000000200318
10	15026068	16551766	2978	16	0.0004509384	0.000000210357
10	16551767	18537266	3653	16	0.0002553581	0.000000200502
10	18537267	19716877	3254	16	0.0000609092	0.000000190704
10	19716878	22772282	4926	16	0.0002748866	0.000000201486
10	22772283	23175131	580	16	0.0003255233	0.000000101768
10	23175132	25578595	3695	16	0.0001988349	0.000000197654
10	25578596	26888683	3886	16	0.0000456862	0.000000189937
10	26888684	29323235	5454	16	0.0000744542	0.000000191387
10	29323236	29783691	1305	16	0.0000994406	0.000000192646
10	29783692	30458837	1662	16	-0.0000099180	0.000000187135
10	30458838	31907518	2770	16	0.0005451276	0.000000215104
10	31907519	33707967	3686	16	0.0005603968	0.000000215873
10	33707968	35109354	2245	16	0.0002060644	0.000000198018
10	35109355	36572507	2322	16	0.0008752173	0.000000231737
10	36572508	37790028	2132	16	0.0002150551	0.000000198472
10	37790029	42372578	2628	16	0.0002113303	0.000000134061
10	42372579	43894770	2973	16	0.0001567236	0.000000195532
10	43894771	44730074	1818	16	0.0004070724	0.000000207703
10	44730075	48760449	4400	16	0.0002989663	0.000000202700
10	48760450	50840914	2930	16	0.0002131489	0.000000198375
10	50840915	53616628	3525	16	0.0001349765	0.000000194436
10	53616629	55103571	3553	16	0.0003327606	0.000000204403
10	55103572	57031139	5025	16	0.0002139997	0.000000198418
10	57031140	57662145	1200	16	0.0001981862	0.000000115629
10	57662146	58959527	3032	16	0.0002994860	0.000000193463
10	58959528	60289986	3169	16	0.0005905171	0.000000217391
10	60289987	61891408	2552	16	0.0001690923	0.000000196155
10	61891409	62659678	1489	16	0.0001432427	0.000000176464
10	62659679	63341694	730	16	0.0001281582	0.000000097181
10	63341695	65794113	4287	16	0.0009436310	0.000000235184
10	65794114	67549614	3152	16	0.0005743382	0.000000216575
10	67549615	69900147	5184	16	0.0003590469	0.000000205727
10	69900148	70195990	668	16	0.0000930150	0.000000070015
10	70195991	72220849	4333	16	0.0002546781	0.000000200468
10	72220850	73508511	3233	16	0.0000658670	0.000000190954
10	73508512	75422549	2134	16	0.0001506348	0.000000195225
10	75422550	78706813	3593	16	0.0004000253	0.000000207792
10	78706814	80876748	3722	16	0.0001635448	0.000000195876
10	80876749	82414678	3697	16	0.0003019743	0.000000202851
10	82414679	84383744	3816	16	0.0000468071	0.000000189994
10	84383745	85458702	2646	16	0.0001320209	0.000000194288
10	85458703	87937576	5148	16	0.0001639334	0.000000195896
10	87937577	89127063	1849	16	0.0003090656	0.000000203209
10	89127064	91013380	2918	16	0.0003515352	0.000000205349
10	91013381	92006580	1904	16	0.0001251019	0.000000193939
10	92006581	93335046	2262	16	0.0001044461	0.000000192898
10	93335047	95396367	3579	16	0.0000689353	0.000000191109
10	95396368	96221242	1129	16	0.0000686743	0.000000158195
10	96221243	97822356	3219	16	0.0001087494	0.000000193115
10	97822357	100241301	3791	16	0.0002247381	0.000000198959
10	100241302	100668399	686	16	-0.0000234399	0.000000069263
10	100668400	102949238	3460	16	0.0017560051	0.000000276119
10	102949239	104380409	1572	16	0.0002270584	0.000000199076
10	104380410	106695047	3215	16	0.0003343300	0.000000204482
10	106695048	108726685	3649	16	0.0000416543	0.000000189734
10	108726686	110317704	3470	16	0.0003451932	0.000000205029
10	110317705	112561492	3724	16	0.0002609557	0.000000200784
10	112561493	115328431	4111	16	0.0000299718	0.000000189145
10	115328432	116421405	2041	16	0.0000957490	0.000000192460
10	116421406	119523933	4534	16	0.0001621727	0.000000195807
10	119523934	120591352	1795	16	0.0001069387	0.000000193024
10	120591353	122407322	3484	16	0.0002030505	0.000000197867
10	122407323	123231464	1630	16	0.0002167697	0.000000198558
10	123231465	123900544	1479	16	0.0000880446	0.000000192072
10	123900545	125869345	4163	16	0.0001823394	0.000000196823
10	125869346	128001097	4377	16	0.0000360473	0.000000189451
10	128001098	129154361	2157	16	-0.0000428012	0.000000185478
10	129154362	130844283	4559	16	-0.0000654744	0.000000184336
10	130844284	131741326	1884	16	0.0001191826	0.000000193641
10	131741327	132580244	2278	16	0.0001576040	0.000000195577
10	132580245	134336328	5196	16	0.0001372888	0.000000194553
10	134336329	134494672	178	12	0.0001105729	0.000000036366
10	134494673	135523864	2001	16	-0.0000281517	0.000000186217
11	70855	1213589	2498	16	0.0001565237	0.000000195522
11	1213590	3665480	6314	16	0.0000842622	0.000000191881
11	3665481	4746708	2618	16	0.0002620928	0.000000200842
11	4746709	6322868	5144	16	0.0000427685	0.000000189790
11	6322869	7436700	2307	16	0.0001515351	0.000000195271
11	7436701	8333273	2389	16	0.0003919343	0.000000207384
11	8333274	9087316	1362	16	0.0002633754	0.000000200906
11	9087317	10952026	3682	16	0.0001447114	0.000000194927
11	10952027	12564228	4176	16	0.0000704682	0.000000191186
11	12564229	13373123	1731	16	0.0000798276	0.000000191658
11	13373124	15742551	3605	16	0.0002389250	0.000000199674
11	15742552	17578401	2704	16	0.0005107659	0.000000213372
11	17578402	19569534	3961	16	-0.0000997455	0.000000182609
11	19569535	21017137	3112	16	0.0002213361	0.000000198788
11	21017138	22374141	2772	16	0.0002728075	0.000000201382
11	22374142	24088516	4020	16	0.0001023227	0.000000192791
11	24088517	26045752	5188	16	0.0002525313	0.000000200360
11	26045753	27020460	1976	16	0.0000903351	0.000000192187
11	27020461	28481592	1782	16	0.0001871587	0.000000197066
11	28481593	30141356	2202	16	0.0000343479	0.000000189366
11	30141357	32276900	2779	16	0.0000807844	0.000000191706
11	32276901	33958738	2799	16	0.0000518718	0.000000190249
11	33958739	35502604	3470	16	0.0002209950	0.000000198771
11	35502605	37116814	2973	16	0.0002260422	0.000000199025
11	37116815	39382002	3411	16	0.0002172661	0.000000198583
11	39382003	42310002	5089	16	0.0000213167	0.000000188709
11	42310003	44693798	4721	16	0.0004394704	0.000000209780
11	44693799	47006136	3059	16	0.0001306839	0.000000194220
11	47006137	49866049	4861	16	0.0001503161	0.000000195209
11	49866050	54695472	2894	16	0.0001497221	0.000000141499
11	54695473	55082656	1007	16	0.0021963062	0.000000173310
11	55082657	58457494	8664	16	0.0001234139	0.000000193854
11	58457495	58780548	461	16	0.0003373962	0.000000060091
11	58780549	62223770	4956	16	0.0009475155	0.000000235380
11	62223771	63804568	1702	16	0.0001220855	0.000000193787
11	63804569	65898630	2301	16	0.0007973119	0.000000227811
11	65898631	68005824	2600	16	0.0000277881	0.000000189035
11	68005825	69516129	2558	16	0.0001290431	0.000000194137
11	69516130	70926291	2708	16	0.0000930880	0.000000192326
11	70926292	72286016	2367	16	0.0002404706	0.000000199752
11	72286017	74412350	2961	16	0.0003941904	0.000000207498
11	74412351	76797208	3367	16	0.0008904318	0.000000232503
11	76797209	78355057	2356	16	0.0003955428	0.000000207566
11	78355058	80722372	4130	16	-0.0001193563	0.000000181621
11	80722373	81266711	1288	16	-0.0000065127	0.000000177619
11	81266712	84381271	5982	16	0.0001718917	0.000000196297
11	84381272	86619300	3680	16	-0.0000547366	0.000000184877
11	86619301	87430234	2129	16	0.0000462724	0.000000189967
11	87430235	89208935	3222	16	-0.0000044824	0.000000187409
11	89208936	90966489	2988	16	0.0000507699	0.000000190193
11	90966490	92077143	2049	16	0.0000919591	0.000000192269
11	92077144	93276156	1875	16	0.0002613061	0.000000200802
11	93276157	94242259	1590	16	0.0002311833	0.000000180888
11	94242260	95726040	2282	16	0.0003416015	0.000000204848
11	95726041	97057057	2239	16	0.0001904174	0.000000197230
11	97057058	98705064	3605	16	0.0001097353	0.000000192721
11	98705065	100417168	4143	16	0.0000707325	0.000000191199
11	100417169	101331120	2161	16	0.0001971027	0.000000197567
11	101331121	103959635	6079	16	0.0001031679	0.000000192834
11	103959636	104873283	1561	16	0.0002107995	0.000000129240
11	104873284	106520893	2516	16	0.0000715047	0.000000191238
11	106520894	107844199	2579	16	0.0001980992	0.000000197617
11	107844200	108437036	676	16	0.0000102647	0.000000067331
11	108437037	109866115	1772	16	0.0001771352	0.000000196561
11	109866116	111114396	2342	16	0.0002185439	0.000000198647
11	111114397	112459487	1553	16	0.0003423359	0.000000204885
11	112459488	114257727	3202	16	0.0004761251	0.000000211627
11	114257728	114830665	1078	16	0.0002002816	0.000000127521
11	114830666	116383347	2469	16	0.0000718077	0.000000191253
11	116383348	117747109	2803	16	0.0000169311	0.000000188488
11	117747110	119215475	2410	16	0.0003246179	0.000000203992
11	119215476	120766805	2926	16	0.0002307534	0.000000199263
11	120766806	121175942	782	16	0.0000533526	0.000000111893
11	121175943	122591909	2140	16	0.0001882742	0.000000197122
11	122591910	123500116	1847	16	-0.0000322125	0.000000186012
11	123500117	124495527	2460	16	0.0005276786	0.000000214224
11	124495528	126311319	3663	16	0.0002840644	0.000000201949
11	126311320	127316678	2167	16	0.0001573423	0.000000195563
11	127316679	128188536	1545	16	0.0001554209	0.000000194580
11	128188537	130342574	3734	16	0.0002326469	0.000000199358
11	130342575	131074611	1580	16	0.0000546022	0.000000190386
11	131074612	133000045	3919	16	0.0001635010	0.000000195874
11	133000046	134205992	2065	16	0.0001930689	0.000000197364
11	134205993	134946451	2353	16	0.0000309903	0.000000189197
12	61107	1080330	1793	16	0.0004145633	0.000000208525
12	1080331	2544785	2574	16	0.0004007282	0.000000207827
12	2544786	3677036	2355	16	0.0001425389	0.000000194817
12	3677037	4417678	1546	16	0.0002650964	0.000000200993
12	4417679	5321471	1720	16	0.0001003263	0.000000192690
12	5321472	6419752	2330	16	0.0001835227	0.000000196883
12	6419753	8377535	3334	16	0.0001067105	0.000000193012
12	8377536	9031394	1454	16	0.0002169993	0.000000198569
12	9031395	10481533	3081	16	0.0005466525	0.000000215180
12	10481534	11754845	2711	16	0.0000206792	0.000000188677
12	11754846	12733527	2024	16	0.0001568047	0.000000195536
12	12733528	15241483	4651	16	0.0005395615	0.000000214823
12	15241484	16310459	1075	16	0.0005674803	0.000000208713
12	16310460	18087872	2856	16	0.0002251167	0.000000198979
12	18087873	20863942	5884	16	0.0001747148	0.000000196439
12	20863943	23820633	5441	16	-0.0000098851	0.000000187137
12	23820634	25371082	3041	16	0.0000559681	0.000000190455
12	25371083	27799772	4988	16	0.0000981942	0.000000192583
12	27799773	29651254	3666	16	0.0003423106	0.000000204884
12	29651255	30512405	2608	16	0.0001518209	0.000000195285
12	30512406	32165591	3999	16	0.0000729267	0.000000191310
12	32165592	33076988	2565	16	0.0002344026	0.000000199446
12	33076989	37856716	3361	16	0.0003370072	0.000000204173
12	37856717	39227168	2081	16	0.0000977898	0.000000162197
12	39227169	40816184	2538	16	0.0009582567	0.000000235921
12	40816185	41658585	1762	16	0.0003124776	0.000000174685
12	41658586	43984473	4810	16	0.0003096895	0.000000203240
12	43984474	46024228	2743	16	0.0002350675	0.000000199480
12	46024229	47714792	2445	16	0.0000486929	0.000000190089
12	47714793	49001865	3175	16	0.0001996334	0.000000197694
12	49001866	51776493	3386	16	0.0004809164	0.000000211868
12	51776494	53039003	2597	16	0.0000157870	0.000000188431
12	53039004	54778822	2601	16	0.0001823309	0.000000196823
12	54778823	55665836	1633	16	0.0000624017	0.000000190336
12	55665837	57548859	2180	16	0.0002590674	0.000000200689
12	57548860	59308665	2327	16	0.0001404208	0.000000194711
12	59308666	61123728	2702	16	0.0000757244	0.000000191007
12	61123729	64032460	5942	16	-0.0000601979	0.000000184602
12	64032461	65559694	2190	16	0.0001201604	0.000000193690
12	65559695	67181143	2346	16	0.0000029147	0.000000187782
12	67181144	67909728	1381	16	0.0000916494	0.000000155980
12	67909729	69826541	3395	16	0.0003646805	0.000000206011
12	69826542	70957986	2621	16	0.0000211174	0.000000188699
12	70957987	72645074	2684	16	0.0002050104	0.000000197965
12	72645075	73818453	2074	16	0.0001910555	0.000000197262
12	73818454	76511313	4328	16	0.0002236131	0.000000198903
12	76511314	78570569	3856	16	0.0001593015	0.000000195662
12	78570570	80448149	2067	16	0.0004084679	0.000000208217
12	80448150	81467766	1749	16	0.0001317951	0.000000186335
12	81467767	83502665	3393	16	0.0002401504	0.000000199736
12	83502666	84303843	1669	16	-0.0000843426	0.000000127319
12	84303844	85990425	2498	16	0.0000123309	0.000000188256
12	85990426	89682121	5190	16	0.0002136238	0.000000198399
12	89682122	92066154	3303	16	0.0004029873	0.000000207941
12	92066155	94514566	4338	16	0.0000074765	0.000000188012
12	94514567	96020784	3592	16	0.0000803368	0.000000191683
12	96020785	97108838	2272	16	0.0003310438	0.000000204316
12	97108839	99305986	3962	16	0.0002447679	0.000000199969
12	99305987	101447640	3242	16	0.0000216829	0.000000188728
12	101447641	101862689	708	16	0.0001098906	0.000000097782
12	101862690	102964985	1599	16	0.0001771463	0.000000196561
12	102964986	104848695	3778	16	0.0001603181	0.000000195713
12	104848696	106436212	3195	16	-0.0000415881	0.000000185539
12	106436213	106958747	833	16	0.0000998202	0.000000143093
12	106958748	109025900	3695	16	0.0001187783	0.000000193620
12	109025901	110336718	2180	16	0.0001089712	0.000000193126
12	110336719	113263517	2212	16	0.0003001969	0.000000202762
12	113263518	113986708	1146	16	0.0001235568	0.000000193861
12	113986709	115036601	2567	16	0.0003153206	0.000000203524
12	115036602	115503215	973	16	0.0001119677	0.000000191947
12	115503216	117087470	3040	16	0.0000976697	0.000000192557
12	117087471	118135374	1851	16	0.0000987862	0.000000192613
12	118135375	119754109	3344	16	0.0000861670	0.000000191977
12	119754110	122007650	3878	16	0.0001876008	0.000000197088
12	122007651	124977979	4323	16	0.0001946733	0.000000197445
12	124977980	126445504	3237	16	0.0000508737	0.000000190199
12	126445505	127875097	3293	16	0.0000020553	0.000000187739
12	127875098	129237296	3390	16	0.0000209930	0.000000188693
12	129237297	130377920	3109	16	0.0001048902	0.000000192920
12	130377921	131786750	4135	16	0.0000278077	0.000000189036
12	131786751	132807033	2114	16	0.0001647892	0.000000195939
12	132807034	133841510	2179	16	0.0002522110	0.000000200344
13	19020013	20686719	3869	16	0.0000293939	0.000000189116
13	20686720	22242173	3410	16	0.0001038779	0.000000192869
13	22242174	23594701	3466	16	0.0001600363	0.000000195699
13	23594702	24531936	2833	16	0.0001092647	0.000000193141
13	24531937	25784361	3670	16	0.0001044885	0.000000192900
13	25784362	27284361	2739	16	0.0002866404	0.000000202079
13	27284362	29257550	4329	16	0.0002678719	0.000000201133
13	29257551	30483266	2643	16	0.0000571659	0.000000190516
13	30483267	32301814	3675	16	0.0000690279	0.000000191113
13	32301815	33776902	2390	16	0.0001320517	0.000000194289
13	33776903	35026463	2018	16	0.0002005176	0.000000197739
13	35026464	36046366	1236	16	0.0002318509	0.000000189620
13	36046367	37498184	2869	16	0.0002526959	0.000000200368
13	37498185	38878162	2978	16	0.0000776250	0.000000191547
13	38878163	41069262	3897	16	0.0001940208	0.000000197412
13	41069263	43101026	3221	16	0.0008854594	0.000000232253
13	43101027	44901408	3089	16	0.0005745567	0.000000216587
13	44901409	46495213	2295	16	0.0001751476	0.000000196461
13	46495214	47431078	1615	16	0.0002371994	0.000000199587
13	47431079	49383961	3307	16	0.0001245964	0.000000193913
13	49383962	51591090	3481	16	0.0000944778	0.000000192396
13	51591091	53339621	1675	16	0.0002285999	0.000000199154
13	53339622	54682863	2232	16	-0.0000218309	0.000000186535
13	54682864	55817130	2058	16	0.0003091019	0.000000197021
13	55817131	57554216	2356	16	0.0001261539	0.000000178201
13	57554217	58410625	1318	16	0.0000723416	0.000000107784
13	58410626	59302270	1518	16	-0.0000156321	0.000000125102
13	59302271	60854777	2781	16	0.0000685879	0.000000191091
13	60854778	61591948	1702	16	0.0004269608	0.000000199881
13	61591949	63971558	5089	16	0.0002126237	0.000000198349
13	63971559	65200601	2825	16	0.0002130480	0.000000198370
13	65200602	67844452	3954	16	0.0000095384	0.000000188116
13	67844453	70724515	6181	16	0.0000876872	0.000000192054
13	70724516	71526790	1799	16	0.0000894827	0.000000192144
13	71526791	73934088	4211	16	0.0002021376	0.000000197821
13	73934089	75670142	3284	16	0.0000787654	0.000000191604
13	75670143	77410554	3382	16	0.0000389301	0.000000189597
13	77410555	78808812	2125	16	0.0004735401	0.000000211496
13	78808813	80585675	2560	16	0.0000639385	0.000000190857
13	80585676	82581813	3769	16	0.0002093647	0.000000198185
13	82581814	84133143	2824	16	0.0000129866	0.000000188289
13	84133144	85610915	2866	16	0.0001523544	0.000000195312
13	85610916	88559881	5993	16	0.0000794468	0.000000191638
13	88559882	90521310	3415	16	0.0000075616	0.000000188016
13	90521311	93129690	5135	16	0.0000964088	0.000000192493
13	93129691	93586454	696	16	0.0000498511	0.000000089133
13	93586455	96087557	5290	16	-0.0000358537	0.000000185828
13	96087558	97519209	1868	16	0.0001060321	0.000000192978
13	97519210	98938918	1947	16	-0.0000249115	0.000000186380
13	98938919	100574094	3389	16	0.0006969096	0.000000222752
13	100574095	102300522	3366	16	0.0000721746	0.000000191272
13	102300523	104066709	3520	16	0.0000093701	0.000000188107
13	104066710	104844113	1588	16	0.0003947024	0.000000207524
13	104844114	106247553	2840	16	0.0000848657	0.000000191911
13	106247554	106749999	1311	16	0.0000443007	0.000000189867
13	106750000	108189876	2578	16	0.0004506168	0.000000210341
13	108189877	109121209	1982	16	0.0003967469	0.000000207627
13	109121210	109815111	1621	16	0.0001957501	0.000000197499
13	109815112	111232072	3531	16	0.0000089669	0.000000188087
13	111232073	112247591	2422	16	0.0001687361	0.000000196138
13	112247592	113572487	2489	16	-0.0000328900	0.000000185978
13	113572488	115109852	2974	16	0.0000742605	0.000000191377
14	19002084	21589401	3914	16	0.0001070030	0.000000193027
14	21589402	23018664	3732	16	0.0000053327	0.000000187904
14	23018665	24905122	3443	16	0.0003521952	0.000000205382
14	24905123	26135685	2880	16	-0.0000408305	0.000000185578
14	26135686	28466532	3858	16	0.0001276233	0.000000194066
14	28466533	29972144	2224	16	0.0001386502	0.000000194622
14	29972145	32383264	3333	16	0.0001023555	0.000000192793
14	32383265	34846250	4981	16	0.0002248905	0.000000198967
14	34846251	35859592	2242	16	0.0003562640	0.000000205587
14	35859593	38667724	3863	16	-0.0000538711	0.000000184921
14	38667725	40341989	3192	16	0.0002836050	0.000000201926
14	40341990	41615501	3181	16	0.0002376998	0.000000199613
14	41615502	43137388	2744	16	0.0001876909	0.000000197093
14	43137389	44543226	2748	16	0.0001680719	0.000000196104
14	44543227	46081895	2269	16	0.0002346167	0.000000199457
14	46081896	46749129	1353	16	0.0003720851	0.000000115832
14	46749130	48573585	3748	16	0.0002168522	0.000000198562
14	48573586	49005470	926	16	0.0000631912	0.000000080518
14	49005471	50507759	2466	16	0.0002084407	0.000000198138
14	50507760	51493571	1627	16	0.0001866064	0.000000197038
14	51493572	53474382	4118	16	0.0001203788	0.000000193701
14	53474383	53997830	1062	16	0.0001461354	0.000000113804
14	53997831	55233680	1735	16	0.0001539157	0.000000195391
14	55233681	56216879	1832	16	0.0002367338	0.000000188991
14	56216880	57481261	2625	16	0.0002006009	0.000000197743
14	57481262	59448335	3407	16	0.0000955700	0.000000192451
14	59448336	61680423	3301	16	0.0000896200	0.000000192151
14	61680424	63790014	3733	16	0.0002617786	0.000000200826
14	63790015	65220297	1950	16	0.0003636650	0.000000205960
14	65220298	66399554	2014	16	0.0002692664	0.000000201203
14	66399555	67992316	2120	16	0.0006442090	0.000000219207
14	67992317	71131956	5533	16	0.0004791452	0.000000211779
14	71131957	72889614	2991	16	0.0000651861	0.000000190920
14	72889615	76444766	5682	16	0.0000578697	0.000000190551
14	76444767	77229471	1613	16	0.0000522829	0.000000190270
14	77229472	78561944	3115	16	0.0001913691	0.000000197278
14	78561945	80186578	2310	16	-0.0000119364	0.000000187034
14	80186579	81579713	2533	16	0.0001645517	0.000000195927
14	81579714	83138096	2517	16	0.0002863317	0.000000202063
14	83138097	84241632	2130	16	-0.0000650068	0.000000184359
14	84241633	85746318	2825	16	0.0001043103	0.000000192891
14	85746319	86647001	1597	16	-0.0000597779	0.000000184623
14	86647002	87635340	1758	16	0.0001703112	0.000000196217
14	87635341	89497642	3211	16	0.0005697775	0.000000216346
14	89497643	91296859	3390	16	0.0001303502	0.000000194203
14	91296860	93132298	3668	16	0.0001533117	0.000000195360
14	93132299	94325284	2066	16	0.0002465965	0.000000200061
14	94325285	95750866	3762	16	-0.0000628410	0.000000184469
14	95750867	96262414	1479	16	0.0002421998	0.000000199839
14	96262415	98341161	3835	16	0.0002562146	0.000000200546
14	98341162	99138531	1959	16	0.0002903530	0.000000201822
14	99138532	101534306	3976	16	0.0001260284	0.000000193986
14	101534307	103012101	2424	16	0.0003922359	0.000000207400
14	103012102	105001722	3381	16	0.0002270625	0.000000199077
14	105001723	106340357	2152	16	0.0001662886	0.000000196014
14	106340358	107289453	3124	16	0.0001629797	0.000000195847
15	20001200	21131603	205	13	-0.0000998645	0.000000023286
15	21131604	24195126	2390	16	0.0002577543	0.000000200623
15	24195127	25108589	3663	16	0.0000974865	0.000000192547
15	25108590	27298111	4357	16	0.0000054290	0.000000187909
15	27298112	29338501	2791	16	-0.0000202753	0.000000186613
15	29338502	30165567	1441	16	0.0002001922	0.000000197723
15	30165568	31591820	1642	16	-0.0000351513	0.000000185864
15	31591821	32441810	1402	16	0.0004945904	0.000000212557
15	32441811	34015424	2809	16	0.0000829195	0.000000191813
15	34015425	35083250	2559	16	0.0003055975	0.000000203034
15	35083251	37456501	4174	16	0.0001804635	0.000000196728
15	37456502	38530776	1955	16	0.0001665943	0.000000196030
15	38530777	40384131	3381	16	0.0004405004	0.000000209832
15	40384132	41177513	1160	16	0.0000864047	0.000000182735
15	41177514	42776398	2384	16	0.0001937646	0.000000197399
15	42776399	44198048	1111	16	0.0003829783	0.000000143866
15	44198049	46618786	2634	16	0.0001176774	0.000000193565
15	46618787	48136047	2679	16	0.0001060423	0.000000192978
15	48136048	50008042	2076	16	0.0002922470	0.000000202361
15	50008043	51677559	2993	16	0.0003823390	0.000000206901
15	51677560	53069095	1940	16	0.0002283398	0.000000199141
15	53069096	54508527	3064	16	0.0000954594	0.000000192445
15	54508528	55136268	1455	16	0.0000826160	0.000000190911
15	55136269	56901772	3811	16	0.0001517570	0.000000195282
15	56901773	58441365	2485	16	0.0001872790	0.000000197072
15	58441366	59694115	2210	16	0.0000072377	0.000000188000
15	59694116	61265835	2677	16	0.0000380617	0.000000189553
15	61265836	63215221	3478	16	0.0000651770	0.000000190919
15	63215222	65104667	2615	16	0.0003573439	0.000000205641
15	65104668	67094766	3115	16	0.0002297547	0.000000199212
15	67094767	69017998	3087	16	0.0006776101	0.000000221779
15	69017999	70133340	1257	16	0.0003254276	0.000000204033
15	70133341	71922648	3043	16	0.0001102374	0.000000193190
15	71922649	73628713	1639	16	0.0000026583	0.000000187326
15	73628714	76398623	3088	16	0.0001277528	0.000000194072
15	76398624	78516052	3324	16	0.0002598630	0.000000200729
15	78516053	80860977	4974	16	0.0001929546	0.000000197358
15	80860978	84260467	3939	16	0.0004090476	0.000000208247
15	84260468	86652904	4393	16	-0.0000053084	0.000000187368
15	86652905	88369942	3459	16	0.0001184263	0.000000193602
15	88369943	90475550	3448	16	0.0001146477	0.000000193412
15	90475551	92164391	3487	16	0.0001921818	0.000000197319
15	92164392	93780901	3710	16	0.0004256515	0.000000209083
15	93780902	94924329	3066	16	0.0001469448	0.000000195040
15	94924330	96141595	2471	16	0.0000383066	0.000000189565
15	96141596	98030909	3375	16	0.0002070335	0.000000198067
15	98030910	99244058	3127	16	0.0000041485	0.000000187844
15	99244059	100636846	3209	16	0.0000769368	0.000000191512
15	100636847	101552693	2223	16	0.0003545864	0.000000205502
15	101552694	102520965	1958	16	0.0001948323	0.000000197453
16	60054	1207205	2661	16	0.0000584482	0.000000190580
16	1207206	2764828	2985	16	0.0002432429	0.000000199892
16	2764829	4001195	1942	16	0.0001615067	0.000000195773
16	4001196	5118344	2073	16	0.0002676036	0.000000201119
16	5118345	5891579	2282	16	0.0000935826	0.000000192351
16	5891580	6893550	3030	16	0.0001185376	0.000000193608
16	6893551	7529120	2423	16	0.0000281390	0.000000189053
16	7529121	8338518	2738	16	0.0002615992	0.000000200817
16	8338519	9799418	4103	16	0.0000983215	0.000000192589
16	9799419	10426031	1710	16	0.0001512912	0.000000195259
16	10426032	11520160	2712	16	0.0008578141	0.000000230860
16	11520161	12613097	2280	16	0.0005239485	0.000000214036
16	12613098	13154436	1772	16	0.0001217907	0.000000193772
16	13154437	14464001	2715	16	-0.0000454741	0.000000185344
16	14464002	16154059	1578	16	0.0001631485	0.000000195856
16	16154060	17644748	2093	16	-0.0000368323	0.000000185779
16	17644749	18643606	1173	16	0.0001330120	0.000000194337
16	18643607	20150570	2544	16	0.0000559492	0.000000190454
16	20150571	22448903	2401	16	0.0002230445	0.000000198874
16	22448904	24136874	2442	16	0.0000830277	0.000000191819
16	24136875	25986861	3931	16	0.0001482203	0.000000195104
16	25986862	27445754	3293	16	0.0000982442	0.000000192586
16	27445755	29036612	1562	16	0.0008746424	0.000000231708
16	29036613	31382942	2125	16	0.0001418536	0.000000194783
16	31382943	46399472	1178	16	0.0001296757	0.000000194169
16	46399473	49007925	1591	16	0.0002038648	0.000000197908
16	49007926	52035822	4661	16	0.0025957128	0.000000318431
16	52035823	53382571	2209	16	0.0002256170	0.000000199004
16	53382572	55903773	5181	16	0.0000411995	0.000000189711
16	55903774	57664329	3052	16	0.0004164491	0.000000208620
16	57664330	59045404	2991	16	0.0001015328	0.000000192751
16	59045405	60745693	3047	16	0.0000147339	0.000000188378
16	60745694	62229848	1954	16	0.0002874558	0.000000202120
16	62229849	63691588	2450	16	0.0001102922	0.000000193193
16	63691589	65938565	4132	16	-0.0000534559	0.000000184941
16	65938566	68841362	3037	16	0.0002770139	0.000000201594
16	68841363	71054027	2451	16	0.0002577253	0.000000200622
16	71054028	72935149	2309	16	0.0001636642	0.000000195882
16	72935150	74971502	3514	16	0.0001410326	0.000000194742
16	74971503	75977953	1751	16	0.0000460263	0.000000189954
16	75977954	77523677	3934	16	0.0001463195	0.000000195008
16	77523678	78456291	3439	16	0.0003631551	0.000000205934
16	78456292	79134814	2244	16	0.0000262406	0.000000188957
16	79134815	80297373	3037	16	0.0002698238	0.000000201231
16	80297374	81772535	3794	16	0.0002704664	0.000000201264
16	81772536	82747727	2609	16	0.0001886043	0.000000197139
16	82747728	83477207	2522	16	0.0003251860	0.000000204021
16	83477208	84445882	3133	16	0.0001723175	0.000000196318
16	84445883	85148684	2416	16	0.0001998022	0.000000197703
16	85148685	86156598	2467	16	0.0003667867	0.000000206117
16	86156599	86815410	2034	16	0.0000942564	0.000000192385
16	86815411	87647348	1682	16	0.0002480029	0.000000200132
16	87647349	89041164	4030	16	0.0003407720	0.000000204806
16	89041165	90292811	2684	16	0.0003609997	0.000000205826
17	56	1172398	2910	16	0.0000344947	0.000000189373
17	1172399	1928730	1857	16	0.0003125523	0.000000203384
17	1928731	3702311	3757	16	0.0000433714	0.000000189821
17	3702312	4696260	2181	16	0.0001888841	0.000000197153
17	4696261	5741333	2355	16	0.0002830369	0.000000201897
17	5741334	7317397	3413	16	0.0000950188	0.000000192423
17	7317398	8306424	1629	16	0.0000036827	0.000000187821
17	8306425	9965920	3313	16	0.0001492154	0.000000195154
17	9965921	11102814	2256	16	0.0000576395	0.000000190539
17	11102815	12534768	2594	16	0.0000929841	0.000000192320
17	12534769	13180371	1615	16	0.0000373301	0.000000189516
17	13180372	13894636	1942	16	0.0000822702	0.000000191781
17	13894637	15019096	3025	16	0.0001848709	0.000000196951
17	15019097	16412341	1958	16	0.0001626816	0.000000195832
17	16412342	18856319	3515	16	0.0000670961	0.000000191016
17	18856320	21290356	2395	16	-0.0000724945	0.000000183982
17	21290357	27334243	3202	16	0.0003721604	0.000000206388
17	27334244	29786490	2488	16	-0.0000706703	0.000000184074
17	29786491	31538424	2806	16	-0.0000240128	0.000000186425
17	31538425	32912797	3218	16	0.0005493341	0.000000215316
17	32912798	34469035	2493	16	0.0000219849	0.000000188743
17	34469036	36809343	2771	16	0.0002375646	0.000000199606
17	36809344	38877403	2407	16	0.0011045117	0.000000243290
17	38877404	39899809	2228	16	0.0004272044	0.000000209162
17	39899810	41772086	2190	16	0.0008247860	0.000000229195
17	41772087	43056904	1749	16	0.0002257341	0.000000199010
17	43056905	45876021	2509	16	0.0004056291	0.000000208074
17	45876022	47517399	2725	16	0.0003828713	0.000000206928
17	47517400	49898956	3600	16	0.0001636641	0.000000195882
17	49898957	50719054	1309	16	0.0000468384	0.000000124620
17	50719055	51826117	2094	16	0.0000441858	0.000000187647
17	51826118	53599431	3049	16	-0.0000017484	0.000000187547
17	53599432	55357540	2890	16	0.0001494979	0.000000195168
17	55357541	57487511	2815	16	0.0002463800	0.000000200050
17	57487512	59312754	1279	16	0.0004850478	0.000000174478
17	59312755	61545588	2343	16	0.0000547002	0.000000190391
17	61545589	63148127	1533	16	0.0002604128	0.000000200757
17	63148128	64800429	3572	16	0.0002213196	0.000000198787
17	64800430	67858769	5026	16	0.0000936436	0.000000192354
17	67858770	69387816	3072	16	0.0001491745	0.000000195152
17	69387817	72672202	6598	16	0.0002546202	0.000000200465
17	72672203	74375559	2501	16	0.0000649448	0.000000190908
17	74375560	76263412	4262	16	0.0001442166	0.000000194902
17	76263413	77298635	2624	16	0.0002713207	0.000000201307
17	77298636	78837587	3615	16	0.0001310816	0.000000194240
17	78837588	80034407	2654	16	-0.0000384630	0.000000185697
17	80034408	81194907	2621	16	0.0005425072	0.000000214972
18	10644	912485	2323	16	0.0000986913	0.000000192608
18	912486	1942910	2178	16	0.0004477700	0.000000210198
18	1942911	3891657	4700	16	-0.0000492900	0.000000185151
18	3891658	5834179	4178	16	0.0000143474	0.000000188358
18	5834180	7090484	2402	16	0.0000112195	0.000000188200
18	7090485	8498930	2666	16	0.0001001704	0.000000192683
18	8498931	11075912	6313	16	0.0001242218	0.000000193895
18	11075913	11905439	1732	16	-0.0000195381	0.000000186651
18	11905440	14440798	5376	16	0.0003739839	0.000000206480
18	14440799	19485843	1406	16	0.0002330914	0.000000199380
18	19485844	20649471	1683	16	0.0006386648	0.000000219817
18	20649472	22996650	3386	16	0.0001412176	0.000000194751
18	22996651	24026190	1430	16	0.0002097690	0.000000198205
18	24026191	25927681	3001	16	0.0000977605	0.000000192561
18	25927682	26875586	1346	16	0.0001601714	0.000000136332
18	26875587	27866477	1852	16	0.0005208781	0.000000205487
18	27866478	30264065	4247	16	0.0000673200	0.000000191027
18	30264066	31780066	1794	16	0.0001180558	0.000000193140
18	31780067	33861963	2995	16	0.0000501623	0.000000190163
18	33861964	35075249	1836	16	-0.0000280149	0.000000186223
18	35075250	36365489	2204	16	-0.0000404224	0.000000185598
18	36365490	37684366	1773	16	0.0000816014	0.000000187325
18	37684367	39892647	3818	16	0.0000868636	0.000000192012
18	39892648	42922105	4845	16	0.0004763201	0.000000211636
18	42922106	44299245	2705	16	0.0002835345	0.000000201922
18	44299246	45939731	2811	16	0.0000477989	0.000000190044
18	45939732	47730583	3610	16	0.0000758108	0.000000191455
18	47730584	51062184	5895	16	0.0002339254	0.000000199422
18	51062185	51554174	1478	16	0.0001776896	0.000000102687
18	51554175	55213837	5101	16	0.0001543066	0.000000195410
18	55213838	56530219	3040	16	0.0004846685	0.000000212057
18	56530220	57630482	2586	16	0.0002717473	0.000000201328
18	57630483	59020750	2148	16	0.0002717868	0.000000201330
18	59020751	60277714	2708	16	-0.0000089327	0.000000187185
18	60277715	61820251	2665	16	-0.0000185248	0.000000186702
18	61820252	63463401	3051	16	0.0000407271	0.000000189687
18	63463402	64252800	1599	16	0.0001417506	0.000000159758
18	64252801	66125816	4160	16	0.0001490556	0.000000195146
18	66125817	67175819	1702	16	-0.0000725515	0.000000183979
18	67175820	68621178	2377	16	0.0002320664	0.000000199329
18	68621179	69621617	2440	16	-0.0000062974	0.000000187318
18	69621618	71038473	3237	16	0.0000355371	0.000000189426
18	71038474	71971461	2302	16	0.0001343482	0.000000194405
18	71971462	73526986	2654	16	-0.0000135744	0.000000186951
18	73526987	74813814	2928	16	0.0004201096	0.000000208804
18	74813815	75976316	3517	16	0.0001584485	0.000000195619
18	75976317	77149990	3005	16	0.0001060154	0.000000192977
18	77149991	78017157	2204	16	0.0007271672	0.000000224276
19	80840	610728	1167	16	0.0001836962	0.000000196891
19	610729	2098395	3385	16	0.0001065969	0.000000193006
19	2098396	3019659	2220	16	0.0002887857	0.000000202187
19	3019660	4348966	3003	16	0.0000967656	0.000000192511
19	4348967	5811851	3098	16	-0.0000029525	0.000000187486
19	5811852	6684884	1668	16	0.0001250739	0.000000193937
19	6684885	8347512	4251	16	0.0001714231	0.000000196273
19	8347513	9238392	1754	16	0.0002577619	0.000000200623
19	9238393	11284027	3747	16	0.0007245814	0.000000224146
19	11284028	13471126	3005	16	-0.0000256396	0.000000186343
19	13471127	14486346	1675	16	0.0001874694	0.000000197082
19	14486347	15648609	2516	16	0.0005032129	0.000000212992
19	15648610	16374415	2651	16	0.0000213237	0.000000188710
19	16374416	18409861	4153	16	0.0001657826	0.000000195989
19	18409862	19877470	2103	16	0.0005299837	0.000000214341
19	19877471	20905756	2359	16	0.0000891142	0.000000192125
19	20905757	22732895	4885	16	0.0001123745	0.000000193298
19	22732896	23467745	1836	16	0.0001033731	0.000000154054
19	23467746	28557892	2915	16	0.0002084849	0.000000198140
19	28557893	29790946	3133	16	0.0000353591	0.000000189417
19	29790947	30727953	1956	16	0.0000016630	0.000000187719
19	30727954	32746519	2713	16	0.0001868982	0.000000197053
19	32746520	34262951	3296	16	0.0003774955	0.000000206657
19	34262952	36469294	3950	16	0.0002775997	0.000000201623
19	36469295	37527032	1823	16	0.0007777707	0.000000224605
19	37527033	40170618	4171	16	0.0004121270	0.000000208402
19	40170619	40984600	1176	16	0.0000683129	0.000000191077
19	40984601	42131572	2048	16	0.0002510962	0.000000200288
19	42131573	43862454	2902	16	-0.0000176120	0.000000186748
19	43862455	44744107	1612	16	0.0000252132	0.000000188906
19	44744108	46102696	2545	16	0.0001165492	0.000000193508
19	46102697	47150081	2124	16	0.0008769944	0.000000231826
19	47150082	49282226	3862	16	0.0006546235	0.000000220621
19	49282227	51532566	4247	16	0.0000465992	0.000000189983
19	51532567	52985289	3516	16	0.0001347103	0.000000194423
19	52985290	54602361	5483	16	0.0001137682	0.000000193368
19	54602362	55728079	3215	16	0.0000064771	0.000000187961
19	55728080	57521334	4156	16	-0.0000983842	0.000000182678
19	57521335	59118838	3173	16	0.0002543128	0.000000200450
20	60479	697599	1342	16	0.0002402987	0.000000199744
20	697600	2469500	4250	16	0.0002449554	0.000000199978
20	2469501	3828412	2743	16	0.0001849579	0.000000196955
20	3828413	5477849	4169	16	0.0000200223	0.000000188644
20	5477850	7084072	3429	16	0.0003782783	0.000000206696
20	7084073	8117010	2009	16	0.0002300592	0.000000199228
20	8117011	9730920	2989	16	0.0000221698	0.000000188752
20	9730921	11249535	3044	16	0.0001892701	0.000000197172
20	11249536	12447498	2433	16	-0.0000262257	0.000000185870
20	12447499	13689863	2627	16	0.0004201645	0.000000208807
20	13689864	15958358	3964	16	0.0005391223	0.000000214801
20	15958359	17487231	3680	16	0.0003187561	0.000000203697
20	17487232	18972202	3239	16	0.0000901823	0.000000192179
20	18972203	20959709	3153	16	0.0003679024	0.000000206173
20	20959710	22491455	1903	16	0.0003385017	0.000000204692
20	22491456	23293789	1436	16	0.0001465799	0.000000195021
20	23293790	24717723	2868	16	0.0003221661	0.000000203869
20	24717724	25344230	1507	16	0.0001740970	0.000000150532
20	25344231	31614822	4041	16	0.0003027821	0.000000202892
20	31614823	32813440	1238	16	0.0000274235	0.000000189017
20	32813441	34960445	2227	16	-0.0000348153	0.000000185881
20	34960446	36909529	2305	16	0.0001545419	0.000000195422
20	36909530	38436760	2294	16	0.0004329053	0.000000209449
20	38436761	39610855	2022	16	0.0003952208	0.000000207550
20	39610856	40585688	1343	16	0.0002673735	0.000000178401
20	40585689	41615459	1916	16	0.0003135522	0.000000203435
20	41615460	42680175	1849	16	0.0003269300	0.000000204109
20	42680176	44839055	3607	16	0.0006602346	0.000000220904
20	44839056	47199979	4283	16	0.0000368105	0.000000189490
20	47199980	49239657	3780	16	0.0004058363	0.000000208085
20	49239658	52472548	6319	16	0.0002500824	0.000000200237
20	52472549	54055265	2898	16	0.0001620984	0.000000195803
20	54055266	56447958	5055	16	0.0001363829	0.000000194507
20	56447959	58406571	3313	16	0.0002714184	0.000000201312
20	58406572	59561723	2003	16	0.0002444483	0.000000199953
20	59561724	61301854	4417	16	0.0000932570	0.000000192334
20	61301855	62190179	2387	16	0.0002737908	0.000000201431
20	62190180	62965162	1660	16	0.0010313318	0.000000239603
21	9411243	15950981	3001	16	0.0000602453	0.000000190671
21	15950982	18053164	3169	16	0.0009915058	0.000000237596
21	18053165	19480374	2770	16	0.0000034533	0.000000187809
21	19480375	20962338	3499	16	-0.0000433401	0.000000185451
21	20962339	22072763	2584	16	0.0000940460	0.000000192374
21	22072764	23362874	2973	16	0.0000592625	0.000000190621
21	23362875	24696230	2547	16	0.0000063567	0.000000187955
21	24696231	26469121	4197	16	-0.0000552265	0.000000184852
21	26469122	27271018	1248	16	0.0002070451	0.000000155920
21	27271019	29125225	4161	16	-0.0001047522	0.000000182357
21	29125226	31197024	3995	16	0.0003309145	0.000000204310
21	31197025	32668641	2696	16	0.0003035890	0.000000202933
21	32668642	34376998	3360	16	-0.0000029042	0.000000187489
21	34376999	35225464	1287	16	0.0004240146	0.000000209001
21	35225465	36524372	2365	16	0.0000455239	0.000000189929
21	36524373	37870778	2675	16	0.0001465425	0.000000195019
21	37870779	38711703	1618	16	0.0002960684	0.000000202554
21	38711704	40482901	3477	16	0.0004901525	0.000000212333
21	40482902	41389526	2470	16	0.0001106534	0.000000193211
21	41389527	43321527	4606	16	0.0002015625	0.000000197792
21	43321528	44506267	3435	16	0.0002853708	0.000000202015
21	44506268	46177104	3275	16	0.0006734849	0.000000221571
21	46177105	47492225	3099	16	0.0002464486	0.000000200053
21	47492226	48119751	1690	16	0.0003178013	0.000000203649
22	16050408	17674294	1673	16	0.0001190057	0.000000193632
22	17674295	18296087	1482	16	0.0001709558	0.000000196249
22	18296088	19912357	2923	16	-0.0000320897	0.000000186018
22	19912358	22357324	3271	16	0.0006157732	0.000000218663
22	22357325	23712646	3560	16	0.0000632246	0.000000190821
22	23712647	24984203	2302	16	0.0000474200	0.000000190025
22	24984204	26791627	3560	16	0.0001086568	0.000000193110
22	26791628	27834751	2656	16	-0.0000510263	0.000000185064
22	27834752	29651798	2376	16	0.0002626915	0.000000200872
22	29651799	31439917	2632	16	0.0005848323	0.000000217104
22	31439918	32664985	1779	16	0.0004741731	0.000000211528
22	32664986	34494913	3916	16	0.0001092822	0.000000193142
22	34494914	35530984	2449	16	-0.0000306313	0.000000186092
22	35530985	37570268	4064	16	0.0002576993	0.000000200620
22	37570269	39307893	2705	16	0.0001238000	0.000000193873
22	39307894	40545796	1897	16	0.0014481524	0.000000260606
22	40545797	42690817	2569	16	0.0004058139	0.000000208084
22	42690818	43714199	2350	16	0.0002092033	0.000000198177
22	43714200	44995307	3141	16	-0.0000345658	0.000000185893
22	44995308	46470494	3647	16	0.0001960867	0.000000197516
22	46470495	47596317	2649	16	0.0000498462	0.000000190147
22	47596318	48903702	3245	16	0.0000153278	0.000000188407
22	48903703	49824533	4122	16	0.0001843546	0.000000196925
22	49824534	51243297	3167	16	0.0002465062	0.000000200056
