chr	start	end	num_snp	k	local_h2g	var
1	10583	1892606	121	18	0.0000690722	0.000000009687
1	1892607	3582735	734	38	-0.0000783106	0.000000040113
1	3582736	4380810	516	38	0.0001395169	0.000000032652
1	4380811	5913892	1837	38	0.0001499223	0.000000045975
1	5913893	7247334	727	38	0.0000573549	0.000000040311
1	7247335	9365198	1254	38	0.0001226476	0.000000045274
1	9365199	10806983	527	38	0.0000712616	0.000000029714
1	10806984	11777840	375	38	0.0000142292	0.000000024193
1	11777841	12779465	417	38	0.0000938364	0.000000028766
1	12779466	14891510	1183	38	0.0000551618	0.000000043541
1	14891511	16897729	1113	38	0.0001349411	0.000000045590
1	16897730	18662898	1107	38	0.0001602925	0.000000046241
1	18662899	20469148	1185	38	0.0001333052	0.000000045548
1	20469149	21736587	798	38	0.0001835861	0.000000044242
1	21736588	23086882	930	38	0.0001618910	0.000000046282
1	23086883	23920589	347	33	0.0001183347	0.000000021565
1	23920590	25516844	878	38	0.0000162841	0.000000042542
1	25516845	27401866	654	38	0.0000092663	0.000000029315
1	27401867	30161880	935	38	0.0000918593	0.000000044483
1	30161881	32438684	1863	38	0.0001332220	0.000000045546
1	32438685	34799757	1150	38	0.0001189663	0.000000045180
1	34799758	37549182	938	38	-0.0000216109	0.000000041569
1	37549183	38731846	596	38	0.0001872977	0.000000036861
1	38731847	40200566	741	38	0.0002145156	0.000000045728
1	40200567	41975326	1012	38	0.0000813645	0.000000044214
1	41975327	43758456	1078	38	0.0000514140	0.000000042838
1	43758457	44969182	618	38	0.0002813745	0.000000034842
1	44969183	46899500	806	38	0.0001215036	0.000000030577
1	46899501	48002575	511	38	-0.0000430917	0.000000020118
1	48002576	48978187	554	38	-0.0000067368	0.000000029585
1	48978188	49894176	457	35	0.0000613683	0.000000022203
1	49894177	51713725	482	30	0.0000146498	0.000000017326
1	51713726	54226261	967	38	0.0000562792	0.000000043570
1	54226262	56413116	1415	38	0.0001466208	0.000000045890
1	56413117	57021727	519	35	0.0001609366	0.000000025002
1	57021728	58865398	1522	38	0.0002441538	0.000000048395
1	58865399	59890408	768	38	-0.0000992169	0.000000028833
1	59890409	61922364	1199	38	0.0001697998	0.000000046485
1	61922365	63455088	946	38	0.0000698371	0.000000043918
1	63455089	65041703	1316	38	0.0000906371	0.000000044452
1	65041704	66939403	1327	38	0.0001834968	0.000000046837
1	66939404	68477894	1338	38	0.0000861509	0.000000044337
1	68477895	69687615	754	38	0.0001504295	0.000000035915
1	69687616	71372469	1100	38	0.0000869016	0.000000044356
1	71372470	71684404	174	13	0.0000454917	0.000000006951
1	71684405	74326906	1580	38	0.0003945237	0.000000049657
1	74326907	76728134	1653	38	0.0001012626	0.000000044725
1	76728135	79661197	1955	38	0.0001770288	0.000000046671
1	79661198	81354190	1197	38	0.0001565201	0.000000045018
1	81354191	83991747	2148	38	0.0000305471	0.000000042909
1	83991748	84844494	562	38	0.0001164969	0.000000024369
1	84844495	86454750	1270	38	0.0000936888	0.000000044530
1	86454751	88128630	1116	38	0.0000917703	0.000000044481
1	88128631	90066302	998	38	0.0002396418	0.000000048279
1	90066303	91886316	1034	38	0.0001658550	0.000000046384
1	91886317	93536458	1042	38	0.0000960175	0.000000039321
1	93536459	94506190	526	31	0.0001694057	0.000000021450
1	94506191	96150892	1098	38	0.0000167297	0.000000042467
1	96150893	97885248	1127	38	0.0000571514	0.000000041255
1	97885249	99800603	1263	38	0.0002564307	0.000000048710
1	99800604	100826404	652	38	0.0001040972	0.000000025482
1	100826405	102041015	874	38	0.0000774677	0.000000036355
1	102041016	102898744	672	38	0.0000886970	0.000000024162
1	102898745	103914210	595	29	0.0000571667	0.000000016747
1	103914211	106087841	1231	38	0.0000776862	0.000000044033
1	106087842	108409664	1636	38	0.0000733257	0.000000044007
1	108409665	110303930	1037	38	0.0001462251	0.000000045880
1	110303931	111741736	951	38	0.0001250412	0.000000045336
1	111741737	113273305	1308	38	0.0002739112	0.000000049159
1	113273306	114873844	882	38	0.0000150942	0.000000042512
1	114873845	115880592	585	38	0.0000542905	0.000000026738
1	115880593	118839066	1599	38	0.0000927379	0.000000044506
1	118839067	144977493	1161	38	0.0001772564	0.000000046677
1	144977494	148361252	774	38	0.0002128967	0.000000039571
1	148361253	151538880	550	37	0.0001007168	0.000000025732
1	151538881	153180828	965	38	0.0000432015	0.000000032569
1	153180829	154770402	742	38	0.0002249111	0.000000040909
1	154770403	156336132	462	38	0.0000936929	0.000000028508
1	156336133	158027411	1139	38	0.0002343702	0.000000048144
1	158027412	159913047	1277	38	0.0001023491	0.000000044753
1	159913048	162346720	1537	38	0.0000353839	0.000000043033
1	162346721	165191701	2365	38	0.0003595526	0.000000051359
1	165191702	166460516	993	38	0.0000974918	0.000000044628
1	166460517	169086323	1930	38	0.0001980743	0.000000047212
1	169086324	170557775	1356	38	0.0000730652	0.000000041059
1	170557776	173097906	1658	38	0.0000973136	0.000000044623
1	173097907	175089767	727	38	-0.0000296480	0.000000021134
1	175089768	177433380	1509	38	0.0001118735	0.000000044997
1	177433381	178944308	898	38	0.0003473488	0.000000044050
1	178944309	178954469	2	1	-0.0000060172	0.000000000009
1	178954470	181144120	1474	38	0.0000362497	0.000000043055
1	181144121	182755355	1070	38	0.0002342884	0.000000048142
1	182755356	184595512	1271	38	-0.0000200589	0.000000041609
1	184595513	186810022	871	38	0.0000433990	0.000000035996
1	186810023	188759944	1472	38	0.0001293345	0.000000045446
1	188759945	189904129	607	22	0.0000737398	0.000000016921
1	189904130	191868929	1501	38	0.0000765553	0.000000040545
1	191868930	194107441	1312	38	0.0001353165	0.000000045600
1	194107442	196176200	1582	38	0.0001066219	0.000000044863
1	196176201	197311513	494	23	-0.0000102455	0.000000014691
1	197311514	199239883	1015	38	0.0002201363	0.000000045440
1	199239884	200137648	626	38	0.0003132087	0.000000032945
1	200137649	201589974	1220	38	0.0000235228	0.000000042728
1	201589975	203334733	1018	38	0.0000900315	0.000000044436
1	203334734	204681067	801	38	0.0003681180	0.000000050711
1	204681068	206073264	1044	38	0.0000761923	0.000000044081
1	206073265	208410363	1138	38	-0.0000782502	0.000000040114
1	208410364	210787749	1690	38	0.0000689948	0.000000043896
1	210787750	212842329	1268	38	0.0004020005	0.000000052449
1	212842330	214578265	1062	38	0.0002589615	0.000000048775
1	214578266	216243633	1250	38	-0.0000148830	0.000000041742
1	216243634	218705512	2279	38	0.0000725088	0.000000043986
1	218705513	219590570	626	38	0.0000617630	0.000000025410
1	219590571	221858230	1494	38	0.0000854256	0.000000044318
1	221858231	222230219	335	26	0.0000535622	0.000000018071
1	222230220	224938519	910	38	0.0000420995	0.000000040782
1	224938520	226810859	904	38	0.0001193674	0.000000045190
1	226810860	229156247	1395	38	0.0000637067	0.000000043760
1	229156248	230685254	856	38	0.0000564336	0.000000043573
1	230685255	232090251	1035	38	0.0000789561	0.000000044152
1	232090252	233429283	1093	38	0.0000338737	0.000000042994
1	233429284	234599433	1009	38	0.0000388877	0.000000043123
1	234599434	235819435	697	38	0.0000991889	0.000000041557
1	235819436	237555627	1307	38	0.0000425083	0.000000043216
1	237555628	238567806	861	38	0.0001849638	0.000000046875
1	238567807	239925313	1087	38	0.0000471563	0.000000043335
1	239925314	240564090	634	38	0.0001380793	0.000000034489
1	240564091	241582219	888	38	0.0000964420	0.000000044601
1	241582220	242071601	373	38	0.0000884614	0.000000021973
1	242071602	244109498	1089	38	0.0002060754	0.000000047417
1	244109499	245506745	875	38	0.0001714970	0.000000046529
1	245506746	247344517	1337	38	0.0000640675	0.000000043770
1	247344518	249239465	834	38	0.0001144222	0.000000042639
2	10133	1781021	1322	38	0.0000091007	0.000000042358
2	1781022	3973778	1791	38	-0.0000465256	0.000000040929
2	3973779	5708336	1387	38	0.0000780471	0.000000044129
2	5708337	6836253	1252	38	0.0000357196	0.000000043041
2	6836254	8422146	1314	38	0.0003044009	0.000000049943
2	8422147	10298468	1289	38	0.0001819469	0.000000046797
2	10298469	12419149	1813	38	0.0002995489	0.000000049818
2	12419150	14335307	1553	38	0.0003336588	0.000000050694
2	14335308	16329734	1729	38	0.0002229221	0.000000047850
2	16329735	18647422	1826	38	0.0001031991	0.000000044775
2	18647423	19692403	794	38	0.0002291442	0.000000040160
2	19692404	21050489	1255	38	-0.0001276873	0.000000038844
2	21050490	23341382	1354	38	0.0001617879	0.000000046280
2	23341383	24686917	847	38	0.0001421802	0.000000039732
2	24686918	26894984	1036	38	-0.0000356734	0.000000041208
2	26894985	28598776	711	38	0.0000959535	0.000000032813
2	28598777	29217558	453	37	0.0001636686	0.000000027344
2	29217559	30463710	1173	38	0.0001553662	0.000000046115
2	30463711	31550449	1130	38	0.0001979363	0.000000047208
2	31550450	33363776	800	38	0.0000945774	0.000000044553
2	33363777	35345027	1730	38	0.0000319708	0.000000042945
2	35345028	36122005	839	38	0.0001211720	0.000000033203
2	36122006	38132711	1849	38	0.0001751643	0.000000046623
2	38132712	39031336	609	38	-0.0000549073	0.000000035277
2	39031337	40281482	615	38	-0.0000100760	0.000000031544
2	40281483	43309589	2767	38	0.0002625013	0.000000048866
2	43309590	44313802	824	38	0.0002235750	0.000000047433
2	44313803	46482633	1928	38	0.0001088247	0.000000044919
2	46482634	47318771	770	38	0.0001264985	0.000000045286
2	47318772	48213000	493	38	0.0001973212	0.000000039686
2	48213001	50022256	1503	38	0.0002231598	0.000000047856
2	50022257	50818927	811	38	0.0002372885	0.000000037544
2	50818928	52491132	1643	38	0.0004563968	0.000000053847
2	52491133	53508451	1096	38	0.0000850272	0.000000043701
2	53508452	54685225	858	38	-0.0000001914	0.000000042119
2	54685226	56203344	1206	38	0.0000624429	0.000000043728
2	56203345	57429099	956	38	0.0002035201	0.000000043631
2	57429100	58297314	651	38	0.0000494469	0.000000027460
2	58297315	60291999	1310	38	0.0000786764	0.000000044145
2	60292000	62429043	1028	38	0.0001411136	0.000000045749
2	62429044	64625912	1112	38	0.0002639521	0.000000048904
2	64625913	65933443	874	38	0.0002845168	0.000000049432
2	65933444	67226165	1138	38	0.0001396287	0.000000045710
2	67226166	68010175	926	38	0.0001817981	0.000000041436
2	68010176	69139563	1013	38	0.0001237718	0.000000044003
2	69139564	70755197	961	38	0.0000701978	0.000000043927
2	70755198	73174847	1764	38	0.0001359304	0.000000045615
2	73174848	75630085	1416	38	-0.0000135938	0.000000041775
2	75630086	76913660	1068	38	0.0001478047	0.000000045920
2	76913661	78079263	878	38	0.0000052136	0.000000042258
2	78079264	80050402	1993	38	0.0001270588	0.000000045388
2	80050403	81620840	1121	38	0.0001000803	0.000000044695
2	81620841	85140679	2379	38	0.0001920489	0.000000047057
2	85140680	88038506	1182	38	0.0001469166	0.000000045898
2	88038507	89154525	438	38	0.0000311697	0.000000020508
2	89154526	95326451	8	3	0.0000067814	0.000000000823
2	95326452	98995200	841	38	0.0001875715	0.000000042446
2	98995201	101822328	1887	38	0.0005251775	0.000000055613
2	101822329	102688764	598	38	0.0001526468	0.000000026893
2	102688765	103588214	949	38	0.0000042716	0.000000027065
2	103588215	105125033	776	38	0.0000317312	0.000000029975
2	105125034	106210057	837	38	0.0000607574	0.000000037643
2	106210058	107408266	934	38	0.0001340778	0.000000043489
2	107408267	108429176	897	38	0.0002425346	0.000000032998
2	108429177	110572431	1119	38	0.0000609931	0.000000043691
2	110572432	113921855	1380	38	0.0000974675	0.000000044627
2	113921856	116772469	1653	38	0.0001110460	0.000000044976
2	116772470	118367465	1009	38	0.0000201758	0.000000030530
2	118367466	121303782	2004	38	0.0001326669	0.000000045532
2	121303783	123302905	1199	38	0.0000480316	0.000000043358
2	123302906	124732249	1168	38	0.0000719748	0.000000034160
2	124732250	125840920	875	38	0.0000069906	0.000000034033
2	125840921	127373763	1060	38	0.0001196166	0.000000032312
2	127373764	128034346	592	38	0.0001151551	0.000000030329
2	128034347	129474440	825	38	0.0001392125	0.000000038968
2	129474441	130067169	455	35	0.0000051837	0.000000017501
2	130067170	130658084	450	32	0.0001302313	0.000000021116
2	130658085	133042783	466	38	0.0001211322	0.000000026761
2	133042784	135158577	1711	38	-0.0000330353	0.000000041275
2	135158578	137042793	840	38	0.0001670307	0.000000035572
2	137042794	138698116	1210	38	0.0001352250	0.000000045511
2	138698117	140100270	1001	38	0.0002589215	0.000000037245
2	140100271	141805350	1377	38	0.0002153587	0.000000047656
2	141805351	142518601	707	38	0.0003158659	0.000000035386
2	142518602	144519483	1468	38	0.0001301963	0.000000045468
2	144519484	146445569	858	38	0.0000921025	0.000000039565
2	146445570	147277161	375	24	0.0001203042	0.000000017612
2	147277162	150210291	1467	38	0.0000967487	0.000000044609
2	150210292	151731461	1026	38	0.0001934777	0.000000046053
2	151731462	152486781	575	38	0.0000534772	0.000000023513
2	152486782	154005055	1007	38	0.0001149074	0.000000042652
2	154005056	155391134	1132	38	0.0000800161	0.000000044179
2	155391135	157560634	1205	38	0.0002500212	0.000000048546
2	157560635	158533217	342	33	0.0001289485	0.000000021167
2	158533218	159577081	697	38	0.0000788601	0.000000031438
2	159577082	161769732	1358	38	0.0001964237	0.000000047169
2	161769733	163503550	700	38	0.0003459275	0.000000034714
2	163503551	164466637	512	37	0.0000589349	0.000000021553
2	164466638	165178839	410	29	-0.0000056433	0.000000018143
2	165178840	167160269	1345	38	0.0001575433	0.000000046171
2	167160270	167355969	170	13	0.0000162816	0.000000007108
2	167355970	169968235	1605	38	0.0000206059	0.000000042653
2	169968236	171226244	954	38	0.0000193852	0.000000041409
2	171226245	173138904	995	38	0.0000113700	0.000000042416
2	173138905	175588928	1593	38	0.0000792529	0.000000044160
2	175588929	177363635	974	38	0.0000652592	0.000000043800
2	177363636	178553182	1029	38	0.0000020272	0.000000036909
2	178553183	181312738	2169	38	0.0002141915	0.000000047626
2	181312739	182266030	687	38	0.0002284508	0.000000030183
2	182266031	184357607	1275	38	0.0000956954	0.000000044582
2	184357608	185280172	609	37	0.0000531600	0.000000021993
2	185280173	189882064	2462	38	0.0002385065	0.000000048250
2	189882065	191973356	1044	38	0.0002758456	0.000000044280
2	191973357	195861163	1667	38	0.0001037648	0.000000044789
2	195861164	196447455	330	24	0.0001146347	0.000000015889
2	196447456	198078109	859	38	0.0001155726	0.000000031868
2	198078110	199311124	596	32	0.0003254433	0.000000028370
2	199311125	201576283	1229	38	0.0003487185	0.000000051081
2	201576284	202818636	506	38	0.0002327908	0.000000031732
2	202818637	205799240	1328	38	0.0000828355	0.000000044252
2	205799241	206735703	646	38	0.0001582713	0.000000043938
2	206735704	208645398	1163	38	0.0001090313	0.000000044924
2	208645399	209941528	711	38	0.0001327600	0.000000034012
2	209941529	212379517	1663	38	0.0000679898	0.000000043870
2	212379518	214014281	1423	38	0.0001167814	0.000000045124
2	214014282	215573794	1034	38	0.0001935644	0.000000043893
2	215573795	217715660	1454	38	0.0000764212	0.000000044087
2	217715661	218395479	503	38	0.0000154960	0.000000026675
2	218395480	220454550	888	38	0.0001456834	0.000000045779
2	220454551	222521175	1785	38	0.0000474307	0.000000043342
2	222521176	224859418	1620	38	0.0001096819	0.000000044941
2	224859419	225840003	723	38	0.0000905356	0.000000029190
2	225840004	228119841	1546	38	0.0002765572	0.000000049227
2	228119842	229370786	904	38	0.0002445482	0.000000041671
2	229370787	231843388	1811	38	-0.0000219881	0.000000041559
2	231843389	233550002	770	38	0.0000588773	0.000000042856
2	233550003	235150986	1422	38	-0.0000125936	0.000000041801
2	235150987	236043549	702	38	0.0000197230	0.000000042371
2	236043550	237449031	860	38	0.0004592375	0.000000053920
2	237449032	238760980	1043	38	-0.0000249952	0.000000041482
2	238760981	239952642	792	38	0.0001370878	0.000000042185
2	239952643	241560083	1151	38	0.0000936498	0.000000044529
2	241560084	242149920	364	36	-0.0000560893	0.000000017773
2	242149921	243188919	199	16	0.0000485529	0.000000011058
3	60157	1441778	1206	38	0.0002355337	0.000000048174
3	1441779	2992119	1627	38	0.0000643290	0.000000043776
3	2992120	4431646	1474	38	0.0000580627	0.000000043615
3	4431647	6083182	1402	38	0.0000426773	0.000000043220
3	6083183	7083386	879	38	0.0000676312	0.000000043861
3	7083387	8648560	1709	38	0.0002676654	0.000000048999
3	8648561	9543182	762	38	0.0001427830	0.000000045791
3	9543183	11019664	921	38	0.0000936895	0.000000044530
3	11019665	13070798	1273	38	0.0001445868	0.000000045838
3	13070799	14816899	1379	38	0.0001514015	0.000000046013
3	14816900	16282441	978	38	0.0000160192	0.000000042535
3	16282442	17891117	1021	38	0.0004155702	0.000000052798
3	17891118	19125143	736	38	0.0000696307	0.000000030861
3	19125144	20091347	328	29	0.0000640057	0.000000019172
3	20091348	21643706	1297	38	0.0004631474	0.000000054020
3	21643707	22204243	865	38	0.0001351066	0.000000044295
3	22204244	23804864	1122	38	0.0000023881	0.000000042185
3	23804865	25461557	1395	38	0.0003427595	0.000000050928
3	25461558	26877768	960	38	0.0001416914	0.000000045156
3	26877769	27840909	641	38	-0.0000220132	0.000000026392
3	27840910	29142259	919	38	0.0001072533	0.000000044879
3	29142260	30717954	1329	38	0.0002008418	0.000000047283
3	30717955	32351714	1230	38	0.0000953942	0.000000044574
3	32351715	33255591	454	38	0.0001326445	0.000000032051
3	33255592	35283457	1217	38	0.0001623912	0.000000046208
3	35283458	36486841	870	38	0.0000979425	0.000000038511
3	36486842	38356115	1033	38	0.0003944851	0.000000052256
3	38356116	40221297	1272	38	-0.0000214078	0.000000041574
3	40221298	41064527	297	20	0.0000078157	0.000000013658
3	41064528	42540001	964	38	0.0001311414	0.000000042896
3	42540002	45165152	1259	38	0.0002395901	0.000000048278
3	45165153	46657499	997	38	-0.0000157538	0.000000041719
3	46657500	47727211	304	21	0.0000492074	0.000000014300
3	47727212	49316971	358	17	0.0002208599	0.000000016780
3	49316972	51832014	657	27	0.0002984412	0.000000025417
3	51832015	54081389	996	38	0.0001298325	0.000000045459
3	54081390	55348859	1113	38	0.0000489754	0.000000043382
3	55348860	56433906	712	38	0.0001879656	0.000000038589
3	56433907	58157518	955	38	0.0001478686	0.000000045922
3	58157519	60272905	1762	38	0.0001981999	0.000000047215
3	60272906	62355665	1759	38	0.0000716801	0.000000043965
3	62355666	63669285	1243	38	0.0000544233	0.000000043522
3	63669286	65273537	1320	38	0.0000623987	0.000000043727
3	65273538	66270446	580	38	0.0001396553	0.000000042423
3	66270447	68286913	1333	38	0.0000361776	0.000000043053
3	68286914	69276761	690	38	0.0000472584	0.000000038156
3	69276762	70449027	833	38	0.0000734759	0.000000041933
3	70449028	72529328	1389	38	0.0001469756	0.000000045899
3	72529329	74321816	1437	38	-0.0000120283	0.000000041815
3	74321817	75704948	569	38	0.0000994145	0.000000027049
3	75704949	77508834	1102	38	0.0001527995	0.000000046049
3	77508835	79024540	896	38	0.0001664889	0.000000041905
3	79024541	81427309	1278	38	0.0001074465	0.000000038755
3	81427310	82643885	708	38	0.0001534416	0.000000025735
3	82643886	84367478	845	38	0.0003887996	0.000000037764
3	84367479	85582230	627	33	0.0003085081	0.000000029703
3	85582231	87409731	1255	38	0.0000716369	0.000000035606
3	87409732	88298372	501	26	0.0000273497	0.000000014157
3	88298373	94255315	1203	38	0.0000693134	0.000000039152
3	94255316	95311970	755	26	0.0000382409	0.000000019935
3	95311971	98215949	1531	38	0.0001305168	0.000000045476
3	98215950	99373761	790	38	0.0001579413	0.000000030238
3	99373762	100592216	602	36	0.0000603749	0.000000024447
3	100592217	103084959	1426	38	0.0001846928	0.000000046868
3	103084960	104581612	1156	38	0.0001043610	0.000000036102
3	104581613	106982810	1592	38	-0.0000163902	0.000000041703
3	106982811	109522394	1705	38	0.0000516310	0.000000043450
3	109522395	110513769	685	34	0.0000896962	0.000000021167
3	110513770	112815698	1488	38	0.0000654513	0.000000043805
3	112815699	113947862	664	38	0.0000590676	0.000000029571
3	113947863	115447079	759	38	0.0002067085	0.000000043713
3	115447080	116800152	1038	38	0.0000451854	0.000000042851
3	116800153	118530250	1308	38	0.0000961425	0.000000044593
3	118530251	120523054	1159	38	0.0000224817	0.000000042701
3	120523055	121974096	776	38	0.0000637035	0.000000024111
3	121974097	123517767	944	38	0.0000515965	0.000000041718
3	123517768	124936641	1155	38	0.0001895037	0.000000046991
3	124936642	126214942	904	38	0.0001294042	0.000000038287
3	126214943	128194860	1232	38	0.0002332969	0.000000048116
3	128194861	130244734	760	38	0.0001119632	0.000000035356
3	130244735	131836515	1121	38	0.0002407377	0.000000043810
3	131836516	133252172	1051	38	0.0000362662	0.000000038218
3	133252173	135456905	1614	38	0.0001481413	0.000000045929
3	135456906	137371082	853	38	0.0001936634	0.000000034806
3	137371083	139954596	1595	38	0.0000374078	0.000000043085
3	139954597	141339096	833	38	0.0001777919	0.000000045564
3	141339097	143164627	1076	38	0.0000775672	0.000000044116
3	143164628	144410815	807	38	0.0000932682	0.000000035219
3	144410816	145664618	1041	38	0.0002069945	0.000000037708
3	145664619	146726628	861	38	0.0001776562	0.000000034481
3	146726629	149043236	1374	38	0.0000003772	0.000000042134
3	149043237	150252003	805	38	0.0000411427	0.000000041622
3	150252004	151348729	643	38	0.0001050590	0.000000036292
3	151348730	153256570	1260	38	0.0002342497	0.000000048141
3	153256571	154714217	962	38	-0.0000335653	0.000000027877
3	154714218	156008699	684	38	0.0001125316	0.000000033237
3	156008700	157312027	908	38	0.0000670744	0.000000034975
3	157312028	159477889	1411	38	-0.0000030199	0.000000042046
3	159477890	161524503	1244	38	0.0001291321	0.000000041291
3	161524504	163253204	1581	38	0.0000636926	0.000000036345
3	163253205	165055468	1167	38	0.0000655000	0.000000030076
3	165055469	167117428	1168	38	0.0002341080	0.000000040716
3	167117429	168580959	750	38	0.0000463553	0.000000029755
3	168580960	170964908	1380	38	0.0001019617	0.000000044743
3	170964909	172295730	879	38	-0.0000160744	0.000000041711
3	172295731	173477284	730	38	0.0001287736	0.000000041971
3	173477285	175116538	1299	38	0.0005153905	0.000000055362
3	175116539	176320286	806	38	-0.0000226922	0.000000028666
3	176320287	178107164	1088	38	-0.0000268822	0.000000041433
3	178107165	179374585	784	38	0.0003192811	0.000000041357
3	179374586	181511165	919	38	0.0001164588	0.000000041828
3	181511166	183769682	1182	38	0.0001295605	0.000000045452
3	183769683	185068254	718	38	0.0002116785	0.000000044963
3	185068255	186890343	975	38	0.0001261068	0.000000045363
3	186890344	188856213	1444	38	0.0000743686	0.000000044034
3	188856214	190226606	1359	38	0.0000831113	0.000000044259
3	190226607	192343813	1540	38	0.0000639636	0.000000043767
3	192343814	194059670	685	38	0.0001584756	0.000000045674
3	194059671	194786673	367	38	0.0000000056	0.000000024926
3	194786674	195971407	320	38	0.0002583438	0.000000027998
3	195971408	197075986	378	38	0.0001763487	0.000000027837
3	197075987	197946621	330	35	0.0000043470	0.000000018065
4	10240	694714	179	15	0.0000290352	0.000000010560
4	694715	1478710	415	30	0.0001193326	0.000000023014
4	1478711	2842978	452	38	0.0001251111	0.000000029567
4	2842979	3846039	452	38	0.0001620800	0.000000033060
4	3846040	4684115	409	38	0.0000841650	0.000000027588
4	4684116	5502387	675	38	0.0002006903	0.000000047279
4	5502388	6773042	1031	38	0.0000745618	0.000000044039
4	6773043	7539691	634	38	0.0001674176	0.000000046424
4	7539692	8152234	543	38	0.0000866131	0.000000040458
4	8152235	9326478	435	38	-0.0000085633	0.000000026736
4	9326479	10699151	1141	38	0.0001413048	0.000000044194
4	10699152	12323033	1368	38	0.0002018678	0.000000047309
4	12323034	14272000	1611	38	0.0002696030	0.000000049049
4	14272001	15147445	712	38	0.0000702093	0.000000036255
4	15147446	15927008	491	38	0.0001192790	0.000000027980
4	15927009	17383321	1217	38	0.0001954409	0.000000047144
4	17383322	18841873	929	38	0.0001654062	0.000000042912
4	18841874	20544556	1114	38	0.0000761515	0.000000038210
4	20544557	22319346	1417	38	0.0000675966	0.000000043860
4	22319347	24135528	1254	38	0.0000747060	0.000000044043
4	24135529	25609321	1058	38	0.0001151886	0.000000045083
4	25609322	27343721	993	38	0.0001031208	0.000000044773
4	27343722	27965867	470	38	-0.0000175266	0.000000020436
4	27965868	29762207	1380	38	0.0001599269	0.000000046232
4	29762208	30454534	374	32	0.0000657520	0.000000017049
4	30454535	31782980	914	38	0.0001417738	0.000000043514
4	31782981	33172765	806	38	0.0001768338	0.000000035141
4	33172766	35151414	929	38	0.0000178364	0.000000024116
4	35151415	36020435	770	38	0.0001293453	0.000000027055
4	36020436	37255046	1050	38	0.0000668789	0.000000036083
4	37255047	38907021	1371	38	0.0001008441	0.000000044714
4	38907022	40202608	678	38	0.0000255082	0.000000032457
4	40202609	42213057	1249	38	0.0001307446	0.000000045482
4	42213058	43965044	1163	38	0.0000316321	0.000000042850
4	43965045	45189156	897	38	0.0001037052	0.000000030460
4	45189157	47411895	1115	38	0.0003190826	0.000000045907
4	47411896	48123599	469	32	-0.0000811885	0.000000015043
4	48123600	53877432	896	38	0.0000252504	0.000000034844
4	53877433	55429555	996	38	-0.0000151861	0.000000041734
4	55429556	56547643	728	38	0.0000439835	0.000000033870
4	56547644	58935007	1576	38	0.0000315172	0.000000042933
4	58935008	60741086	1206	38	0.0001862305	0.000000046474
4	60741087	62371762	1047	38	0.0004526855	0.000000048387
4	62371763	64341000	1068	38	0.0001974974	0.000000045637
4	64341001	66600491	1263	38	0.0000642423	0.000000043254
4	66600492	68059496	890	38	0.0001920923	0.000000037154
4	68059497	68854764	515	38	0.0000335986	0.000000020151
4	68854765	71049151	1177	38	0.0002578627	0.000000041325
4	71049152	72140557	488	32	0.0000870500	0.000000018343
4	72140558	74592389	1019	38	0.0000193544	0.000000037268
4	74592390	77130706	1472	38	0.0001366543	0.000000045634
4	77130707	79093978	1312	38	0.0001214299	0.000000045243
4	79093979	80990296	1178	38	0.0001080727	0.000000042217
4	80990297	82125314	495	37	0.0002437705	0.000000025778
4	82125315	83372592	727	38	0.0000200252	0.000000031207
4	83372593	84799655	891	38	0.0001248426	0.000000041698
4	84799656	86930608	1233	38	0.0000478037	0.000000043352
4	86930609	87534647	278	21	0.0000279752	0.000000010698
4	87534648	89238027	1078	38	0.0000756902	0.000000044068
4	89238028	90231563	595	38	-0.0000141301	0.000000027357
4	90231564	91560676	774	38	0.0000632203	0.000000031548
4	91560677	94233298	1207	38	0.0000183733	0.000000042596
4	94233299	96182187	1273	38	0.0002446532	0.000000048408
4	96182188	97540702	1136	38	0.0001394219	0.000000045705
4	97540703	99424066	1011	38	-0.0000064976	0.000000028316
4	99424067	100678359	787	38	0.0000087037	0.000000033222
4	100678360	103221355	1627	38	-0.0000043411	0.000000042012
4	103221356	105305293	1068	38	0.0001171447	0.000000039175
4	105305294	107501304	1156	38	0.0006056913	0.000000057681
4	107501305	108815347	753	38	0.0000260077	0.000000028385
4	108815348	111256566	1463	38	0.0001022141	0.000000044749
4	111256567	113870101	1419	38	0.0001019788	0.000000044743
4	113870102	115666245	1110	38	0.0001211717	0.000000045236
4	115666246	117276928	885	38	0.0000755418	0.000000025931
4	117276929	118479917	1022	38	0.0001744269	0.000000036189
4	118479918	119933511	1086	38	0.0000808108	0.000000034900
4	119933512	120392683	304	19	0.0001861332	0.000000014984
4	120392684	122657986	1560	38	0.0002857885	0.000000049465
4	122657987	124286480	865	38	0.0001095168	0.000000030354
4	124286481	125210861	509	38	0.0002059451	0.000000028932
4	125210862	126480885	843	38	0.0000658224	0.000000035371
4	126480886	127275476	563	38	0.0001292577	0.000000025452
4	127275477	127830292	416	33	0.0000271926	0.000000018064
4	127830293	128996664	446	21	0.0001218428	0.000000019149
4	128996665	130591884	908	38	0.0000231729	0.000000039088
4	130591885	131283820	451	31	0.0000784630	0.000000020545
4	131283821	132954032	915	38	0.0001153678	0.000000037241
4	132954033	134628433	1106	38	0.0000747448	0.000000034659
4	134628434	136566406	1154	38	0.0001560973	0.000000040433
4	136566407	138541970	1246	38	0.0000127768	0.000000042452
4	138541971	139556510	717	38	0.0002223665	0.000000038273
4	139556511	141084630	810	38	0.0003007237	0.000000049848
4	141084631	143443264	1478	38	0.0001417254	0.000000045764
4	143443265	146178186	1171	38	0.0000447654	0.000000039901
4	146178187	148521872	1187	38	0.0000653395	0.000000043802
4	148521873	150683579	1118	38	0.0000622513	0.000000043723
4	150683580	152782183	912	38	0.0000575225	0.000000032765
4	152782184	154477640	831	38	0.0001667610	0.000000046407
4	154477641	155056125	388	35	-0.0000151480	0.000000019155
4	155056126	157485096	1629	38	0.0000673955	0.000000043855
4	157485097	158743717	663	38	0.0000482507	0.000000029124
4	158743718	161058863	1089	38	0.0001266285	0.000000042780
4	161058864	161826434	599	38	-0.0000064544	0.000000026452
4	161826435	163243678	1043	38	0.0001052636	0.000000042058
4	163243679	164478233	744	38	0.0001910226	0.000000035505
4	164478234	165823447	937	38	0.0000264831	0.000000042371
4	165823448	167018857	715	38	0.0001381892	0.000000041437
4	167018858	167852916	493	33	0.0000102882	0.000000018049
4	167852917	169676824	1190	38	0.0001208258	0.000000045227
4	169676825	170776509	517	38	0.0000954171	0.000000026018
4	170776510	172558634	1030	38	0.0001981765	0.000000043321
4	172558635	174264131	904	38	0.0001204146	0.000000037714
4	174264132	176570715	1319	38	0.0000174294	0.000000042572
4	176570716	178991909	1706	38	0.0002598249	0.000000048798
4	178991910	180122042	739	38	0.0001489943	0.000000037847
4	180122043	182066806	1656	38	0.0000756984	0.000000044068
4	182066807	183371274	1294	38	0.0000193454	0.000000042621
4	183371275	184929454	947	38	0.0001694131	0.000000046475
4	184929455	186909089	1393	38	0.0000545987	0.000000043526
4	186909090	188472980	1082	38	-0.0000614834	0.000000040545
4	188472981	189693510	768	38	0.0001913717	0.000000047039
4	189693511	191043593	585	38	-0.0000358853	0.000000030627
5	11940	982251	411	32	0.0000999649	0.000000023358
5	982252	2132441	832	38	0.0000213063	0.000000042671
5	2132442	3361940	1580	38	0.0000873399	0.000000044367
5	3361941	4632109	1075	38	0.0001754760	0.000000046631
5	4632110	5973232	1438	38	-0.0000267335	0.000000041437
5	5973233	7143217	1135	38	0.0002366670	0.000000048203
5	7143218	8446335	1222	38	0.0001810974	0.000000046776
5	8446336	9718831	1260	38	0.0000820410	0.000000044231
5	9718832	11173270	1354	38	0.0000287163	0.000000042862
5	11173271	13464831	1160	38	0.0002419821	0.000000048339
5	13464832	14757803	1101	38	0.0000740767	0.000000044027
5	14757804	16963612	1376	38	0.0002100727	0.000000047520
5	16963613	18051591	539	38	0.0000370804	0.000000030112
5	18051592	19917715	1303	38	0.0000990547	0.000000044668
5	19917716	22152072	1065	38	0.0000792052	0.000000038546
5	22152073	23494323	924	38	0.0000343357	0.000000034649
5	23494324	26184850	1795	38	0.0001961481	0.000000047162
5	26184851	26857603	419	33	0.0001273799	0.000000019791
5	26857604	27984512	580	38	0.0002176148	0.000000029399
5	27984513	29714819	1193	38	-0.0000032273	0.000000038152
5	29714820	31390248	1380	38	0.0004304533	0.000000053180
5	31390249	33500179	1341	38	-0.0000594868	0.000000040596
5	33500180	35048969	994	38	-0.0000720827	0.000000040273
5	35048970	36433953	1005	38	0.0000717818	0.000000040508
5	36433954	38802409	1477	38	0.0001908268	0.000000047025
5	38802410	40287728	1136	38	0.0000245793	0.000000038952
5	40287729	41888709	1250	38	0.0002917668	0.000000042195
5	41888710	43983498	915	38	0.0000804212	0.000000030713
5	43983499	50163397	972	38	0.0001631844	0.000000032493
5	50163398	52134621	1350	38	0.0001226217	0.000000045187
5	52134622	53703043	1301	38	0.0000448338	0.000000043276
5	53703044	55417348	1138	38	-0.0000101673	0.000000041863
5	55417349	56621101	951	38	0.0002165992	0.000000047687
5	56621102	57340072	587	38	0.0000597896	0.000000024011
5	57340073	58524621	1153	38	0.0002473159	0.000000048476
5	58524622	60935906	1439	38	0.0002805983	0.000000049331
5	60935907	61672994	527	34	0.0003194372	0.000000028469
5	61672995	63218986	1047	38	0.0002158332	0.000000039732
5	63218987	63968303	356	26	0.0000777302	0.000000016108
5	63968304	65911285	1228	38	0.0000150888	0.000000042512
5	65911286	67850859	1483	38	0.0002051401	0.000000047393
5	67850860	71240455	861	38	0.0002250867	0.000000042719
5	71240456	73759325	1787	38	0.0000447440	0.000000043273
5	73759326	75798865	1288	38	0.0001757920	0.000000046639
5	75798866	77623331	1310	38	-0.0000056911	0.000000041978
5	77623332	79393143	1151	38	0.0002301526	0.000000048036
5	79393144	80481470	856	38	0.0002203553	0.000000047263
5	80481471	82025647	892	38	0.0000817074	0.000000044136
5	82025648	83972688	1019	38	0.0000342597	0.000000042917
5	83972689	85767289	1396	38	0.0002167056	0.000000047603
5	85767290	87389990	632	38	0.0000628298	0.000000028395
5	87389991	88891529	586	38	0.0002381673	0.000000029250
5	88891530	90422653	860	38	0.0001823370	0.000000039559
5	90422654	91840541	647	38	0.0003618063	0.000000034697
5	91840542	93809983	786	38	0.0003582669	0.000000042528
5	93809984	95963518	1315	38	0.0001323828	0.000000045524
5	95963519	97315600	921	38	0.0000631513	0.000000031631
5	97315601	99260991	1134	38	0.0000429056	0.000000041235
5	99260992	101578768	1315	38	0.0001661580	0.000000046392
5	101578769	103320004	1067	38	0.0000976154	0.000000043072
5	103320005	104851482	1036	38	0.0002238684	0.000000041656
5	104851483	105893054	399	28	0.0001801595	0.000000025914
5	105893055	107264195	1156	38	0.0001410385	0.000000045747
5	107264196	108633933	897	38	0.0002845403	0.000000043642
5	108633934	110821143	1470	38	0.0000436094	0.000000043244
5	110821144	111981561	862	38	0.0001082496	0.000000043518
5	111981562	113396284	1170	38	0.0002790073	0.000000049290
5	113396285	114830369	1100	38	0.0001557406	0.000000046124
5	114830370	115831046	885	38	0.0001414192	0.000000042123
5	115831047	117346212	1315	38	0.0000675524	0.000000043859
5	117346213	118608819	806	38	0.0001756910	0.000000045250
5	118608820	119669041	713	38	0.0000212625	0.000000033715
5	119669042	120452165	566	36	0.0001599267	0.000000028260
5	120452166	122556904	1401	38	0.0000314561	0.000000042932
5	122556905	123798099	991	38	0.0001624081	0.000000046295
5	123798100	125785648	1837	38	0.0000864515	0.000000044344
5	125785649	127344603	805	38	0.0002806432	0.000000043284
5	127344604	129519024	1547	38	0.0000892317	0.000000044416
5	129519025	132139648	1128	38	0.0001860768	0.000000039570
5	132139649	134777400	1518	38	0.0001468639	0.000000045896
5	134777401	136376049	1209	38	0.0001589969	0.000000046208
5	136376050	139265071	1220	38	0.0000723593	0.000000043983
5	139265072	140645970	587	38	-0.0000262748	0.000000021724
5	140645971	142981247	1503	38	0.0000095558	0.000000042369
5	142981248	144943353	1432	38	0.0001490947	0.000000045954
5	144943354	147181997	1484	38	0.0001075741	0.000000044887
5	147181998	148662623	1155	38	-0.0000209003	0.000000041587
5	148662624	150561297	1437	38	0.0001185356	0.000000045169
5	150561298	152867773	1809	38	0.0000788486	0.000000044063
5	152867774	153773087	950	38	0.0000351780	0.000000031425
5	153773088	155373504	1182	38	-0.0000192617	0.000000041629
5	155373505	156628699	765	38	0.0000022537	0.000000031007
5	156628700	158825697	1762	38	0.0003482469	0.000000051069
5	158825698	159973943	704	38	0.0000504943	0.000000039876
5	159973944	161482132	1097	38	0.0000692092	0.000000041046
5	161482133	162743907	870	38	0.0000915421	0.000000037316
5	162743908	163771581	836	38	-0.0000357412	0.000000035339
5	163771582	165642394	1191	38	0.0001285624	0.000000045426
5	165642395	166847739	873	38	0.0002687432	0.000000049027
5	166847740	168525317	1288	38	-0.0000057105	0.000000041977
5	168525318	169505663	857	38	0.0001591693	0.000000046212
5	169505664	171074291	1193	38	0.0001238046	0.000000045304
5	171074292	172678326	1124	38	0.0000542955	0.000000043519
5	172678327	173642870	926	38	0.0001516435	0.000000046019
5	173642871	175450594	1458	38	0.0002125748	0.000000047584
5	175450595	177251506	518	38	0.0001293170	0.000000031456
5	177251507	178413463	782	38	0.0001239199	0.000000045307
5	178413464	179401243	596	38	0.0002230535	0.000000042753
5	179401244	180559932	573	38	0.0000747483	0.000000035001
5	180559933	180885155	79	12	0.0000759368	0.000000007564
6	73924	1452361	1248	38	-0.0000116526	0.000000041825
6	1452362	2458935	794	38	0.0002197159	0.000000046467
6	2458936	3573592	997	38	0.0001700888	0.000000046493
6	3573593	4617816	1080	38	-0.0000238012	0.000000041513
6	4617817	5791471	1096	38	0.0000401482	0.000000043155
6	5791472	6785206	1058	38	0.0000335125	0.000000042985
6	6785207	7808935	922	38	0.0000693659	0.000000043906
6	7808936	9020025	1209	38	0.0001667705	0.000000046408
6	9020026	10540316	1309	38	0.0000672238	0.000000043851
6	10540317	11790815	1012	38	0.0000956641	0.000000044581
6	11790816	13209387	1210	38	0.0001119626	0.000000045000
6	13209388	14802923	1293	38	0.0001635288	0.000000046324
6	14802924	17386404	1884	38	0.0003348009	0.000000050723
6	17386405	19207486	1431	38	0.0001132040	0.000000045032
6	19207487	21684064	2081	38	-0.0000318713	0.000000041305
6	21684065	22748306	1078	38	-0.0000397546	0.000000041103
6	22748307	23936618	1140	38	0.0001691563	0.000000046469
6	23936619	24852274	741	38	-0.0000101915	0.000000041689
6	24852275	25684586	922	38	0.0000723905	0.000000040610
6	25684587	26791232	876	38	0.0001974003	0.000000032012
6	26791233	28017818	541	27	0.0001632748	0.000000022547
6	28017819	28917607	573	26	0.0001426386	0.000000017933
6	28917608	29737970	879	38	0.0000336835	0.000000024775
6	29737971	30798167	1755	38	0.0000483707	0.000000038443
6	30798168	31571217	1585	38	0.0002890161	0.000000046430
6	31571218	32682663	1144	38	0.0004192368	0.000000048391
6	32682664	33236496	1165	38	0.0000751405	0.000000038441
6	33236497	35455755	1297	38	0.0003295655	0.000000050589
6	35455756	37572595	1404	38	0.0001231304	0.000000045287
6	37572596	39295676	1523	38	0.0000516079	0.000000043450
6	39295677	40345114	808	38	0.0000923606	0.000000036994
6	40345115	42038720	1299	38	0.0000503458	0.000000043417
6	42038721	43756168	694	38	0.0001173791	0.000000040128
6	43756169	45406562	1142	38	0.0000498637	0.000000043405
6	45406563	47311897	1494	38	0.0000235156	0.000000042728
6	47311898	48391124	895	38	0.0000809543	0.000000028775
6	48391125	50386144	1441	38	0.0001415532	0.000000037399
6	50386145	52210475	1368	38	0.0001302910	0.000000045471
6	52210476	53279101	813	38	0.0000792414	0.000000038203
6	53279102	55468269	2025	38	0.0000272291	0.000000042823
6	55468270	56105312	645	29	0.0000496744	0.000000016971
6	56105313	57599464	780	38	0.0001861670	0.000000035892
6	57599465	61880511	375	14	0.0000081906	0.000000010275
6	61880512	63552887	1063	31	-0.0000591194	0.000000021810
6	63552888	65765741	1225	38	0.0000087174	0.000000036222
6	65765742	67329214	1613	38	0.0001485596	0.000000045853
6	67329215	68849482	1350	38	0.0001190156	0.000000042411
6	68849483	69523447	585	37	0.0001326653	0.000000022350
6	69523448	71609509	1710	38	0.0000390453	0.000000043127
6	71609510	73450096	1506	38	0.0000073671	0.000000042313
6	73450097	75462002	1240	38	0.0001956659	0.000000047150
6	75462003	77414880	1030	38	0.0000116870	0.000000033983
6	77414881	78957727	1357	38	0.0000919678	0.000000033734
6	78957728	80691169	1328	38	0.0000060865	0.000000042280
6	80691170	81929221	1061	38	0.0001695738	0.000000026736
6	81929222	83127148	846	38	0.0000939057	0.000000034125
6	83127149	85209988	1189	38	0.0001126434	0.000000044497
6	85209989	87069499	1397	38	0.0001656295	0.000000042227
6	87069500	88822139	1197	38	0.0001612488	0.000000044447
6	88822140	89973051	887	38	0.0002512204	0.000000046151
6	89973052	91843195	1467	38	0.0001878943	0.000000046950
6	91843196	93428643	1276	38	0.0000803347	0.000000044187
6	93428644	94118141	701	38	0.0002429306	0.000000032161
6	94118142	94441174	208	11	0.0000623714	0.000000007709
6	94441175	97093510	1923	38	0.0000791410	0.000000044157
6	97093511	97842283	554	36	0.0002686889	0.000000024489
6	97842284	100630145	1821	38	0.0003399273	0.000000050855
6	100630146	102636771	1291	38	0.0000291685	0.000000042873
6	102636772	103983394	926	38	0.0001700508	0.000000031735
6	103983395	106056732	1377	38	0.0001565333	0.000000046145
6	106056733	107450305	1184	38	-0.0000187463	0.000000041642
6	107450306	108464379	603	38	0.0000996513	0.000000031121
6	108464380	110304246	1066	38	0.0000328324	0.000000040372
6	110304247	112345013	1185	38	0.0001916141	0.000000047046
6	112345014	114220832	1394	38	0.0002170337	0.000000047699
6	114220833	116131395	1147	38	0.0001251074	0.000000039294
6	116131396	117672971	1042	38	-0.0000753463	0.000000033550
6	117672972	118963114	844	38	0.0000713421	0.000000029716
6	118963115	119963277	753	38	0.0001063156	0.000000027986
6	119963278	120512127	502	26	0.0000599835	0.000000015987
6	120512128	121905675	1068	38	0.0000867913	0.000000030197
6	121905676	123856180	1440	38	0.0000542367	0.000000043517
6	123856181	125424382	1240	38	0.0002118081	0.000000047564
6	125424383	127540460	1017	38	0.0003198042	0.000000047912
6	127540461	129861030	1484	38	0.0002425371	0.000000048354
6	129861031	130935453	1034	38	0.0000626266	0.000000043733
6	130935454	132765668	1364	38	0.0000611617	0.000000043695
6	132765669	134244242	1239	38	0.0000229262	0.000000042713
6	134244243	136224176	1219	38	0.0001688666	0.000000046461
6	136224177	137614217	632	38	0.0000247973	0.000000031500
6	137614218	138822628	925	38	0.0000380956	0.000000043102
6	138822629	139845435	687	38	0.0000007090	0.000000036704
6	139845436	142288478	1369	38	-0.0000045495	0.000000042007
6	142288479	145319809	2130	38	0.0001352031	0.000000045597
6	145319810	146665423	901	36	0.0000795988	0.000000022669
6	146665424	148920351	1835	38	0.0000296428	0.000000042885
6	148920352	150253403	1055	38	0.0000817655	0.000000044224
6	150253404	151912702	1615	38	-0.0000027498	0.000000042053
6	151912703	153094495	1033	38	0.0000281977	0.000000042848
6	153094496	154974119	1760	38	0.0000704349	0.000000043933
6	154974120	156763325	1355	38	0.0002272642	0.000000047961
6	156763326	158218718	621	38	0.0000819851	0.000000037157
6	158218719	160580496	2050	38	0.0000720054	0.000000043973
6	160580497	162169563	1389	38	0.0000618824	0.000000043713
6	162169564	162931202	703	38	0.0001102125	0.000000040202
6	162931203	164383520	1382	38	0.0001284140	0.000000045422
6	164383521	165586863	1285	38	-0.0000076314	0.000000041928
6	165586864	167024732	1526	38	0.0000359416	0.000000043047
6	167024733	168042834	870	38	0.0000484905	0.000000041984
6	168042835	169382049	1225	38	0.0000841713	0.000000044286
6	169382050	170330172	829	38	0.0000406929	0.000000032163
6	170330173	171051269	481	38	0.0000678199	0.000000025312
7	16161	972751	139	18	0.0000860574	0.000000011768
7	972752	1353066	117	16	0.0001798101	0.000000012925
7	1353067	2062397	240	26	0.0000203699	0.000000017472
7	2062398	2772226	355	38	0.0001099168	0.000000027993
7	2772227	4573427	1713	38	0.0001439751	0.000000045822
7	4573428	5416231	300	38	-0.0000314772	0.000000022433
7	5416232	5854525	152	18	0.0000077425	0.000000010594
7	5854526	6573856	233	29	0.0000880207	0.000000018451
7	6573857	7808751	840	38	0.0000302843	0.000000042902
7	7808752	9123422	1516	38	0.0001022754	0.000000044751
7	9123423	9987498	846	38	0.0001989293	0.000000047234
7	9987499	11299197	1163	38	0.0002594956	0.000000048789
7	11299198	12635460	1616	38	0.0001662775	0.000000046395
7	12635461	13884201	1332	38	0.0001228629	0.000000045280
7	13884202	15143656	1243	38	0.0001923401	0.000000047064
7	15143657	16902068	1585	38	0.0000263743	0.000000042801
7	16902069	19481546	1987	38	0.0000893604	0.000000044419
7	19481547	20124907	570	38	0.0000904610	0.000000029442
7	20124908	22507628	2313	38	0.0001930763	0.000000047083
7	22507629	23471441	575	38	0.0000798121	0.000000034361
7	23471442	25077258	1321	38	0.0001910664	0.000000047032
7	25077259	25909554	920	38	-0.0000464150	0.000000040585
7	25909555	28360308	1933	38	0.0001245486	0.000000045323
7	28360309	31137288	2070	38	0.0000543770	0.000000043521
7	31137289	33555767	2064	38	0.0001149961	0.000000045078
7	33555768	36213537	2044	38	0.0000072323	0.000000042310
7	36213538	37555183	1131	38	-0.0000050865	0.000000041993
7	37555184	38966702	1300	38	0.0000865542	0.000000044347
7	38966703	39862669	622	38	0.0002515751	0.000000032552
7	39862670	42001810	1277	38	0.0003105652	0.000000050101
7	42001811	43159073	866	38	0.0001030430	0.000000040449
7	43159074	44763827	952	38	0.0000692670	0.000000041307
7	44763828	45952921	690	38	0.0002311638	0.000000039954
7	45952922	46986719	1024	38	0.0000502667	0.000000037116
7	46986720	49212277	1823	38	0.0001787661	0.000000046716
7	49212278	51675321	1918	38	0.0000376572	0.000000043091
7	51675322	53176311	1585	38	0.0000633676	0.000000043752
7	53176312	54222975	906	38	0.0000731903	0.000000032911
7	54222976	55691583	1132	38	0.0001951689	0.000000047137
7	55691584	57382637	594	37	0.0001513766	0.000000026860
7	57382638	63307358	412	24	0.0001079712	0.000000021467
7	63307359	63641124	147	9	-0.0000251411	0.000000004658
7	63641125	65689808	741	35	-0.0000021867	0.000000024701
7	65689809	68234073	1558	38	0.0001787032	0.000000046714
7	68234074	69085363	508	38	0.0000808640	0.000000026067
7	69085364	71874884	1577	38	0.0001377707	0.000000045663
7	71874885	73334601	231	25	0.0000468776	0.000000013495
7	73334602	76458563	552	38	0.0002605610	0.000000039423
7	76458564	78093858	1157	38	0.0000621627	0.000000043721
7	78093859	79888068	1429	38	0.0001469684	0.000000045899
7	79888069	82022685	1514	38	0.0000429045	0.000000043226
7	82022686	83801202	1433	38	0.0000490518	0.000000043384
7	83801203	85572181	1054	38	0.0002332827	0.000000036929
7	85572182	87825003	1202	38	0.0002941195	0.000000045439
7	87825004	90661783	2557	38	0.0002654225	0.000000048941
7	90661784	92493751	725	38	0.0002746250	0.000000038416
7	92493752	93966600	754	38	0.0001835600	0.000000040278
7	93966601	96073507	1327	38	0.0001546192	0.000000046095
7	96073508	97099569	612	38	0.0003986161	0.000000037760
7	97099570	98715473	802	38	0.0001310270	0.000000039789
7	98715474	100196650	381	31	0.0000677037	0.000000017765
7	100196651	101199252	405	38	0.0002335273	0.000000030651
7	101199253	103197509	695	38	0.0002287389	0.000000041265
7	103197510	104159524	950	38	0.0000358635	0.000000041573
7	104159525	105682904	841	38	0.0002714047	0.000000049095
7	105682905	107780177	1394	38	0.0000270265	0.000000042818
7	107780178	109647593	1246	38	-0.0000121982	0.000000041724
7	109647594	112618683	1614	38	0.0002298029	0.000000048027
7	112618684	113712386	543	36	0.0002410716	0.000000027052
7	113712387	116780177	1509	38	0.0002290622	0.000000048007
7	116780178	118351580	898	38	0.0000628208	0.000000027295
7	118351581	121045272	1104	38	0.0000853906	0.000000034932
7	121045273	121933629	450	34	0.0000830105	0.000000020912
7	121933630	124156804	1608	38	0.0000019262	0.000000042173
7	124156805	124167551	9	2	0.0000133640	0.000000000828
7	124167552	126519169	1820	38	0.0000472870	0.000000043339
7	126519170	126869220	376	22	0.0001164116	0.000000015023
7	126869221	128778385	1080	38	0.0000640154	0.000000042902
7	128778386	130422413	738	38	0.0000053953	0.000000036996
7	130422414	132805847	1674	38	0.0000242995	0.000000042748
7	132805848	134307595	1030	38	0.0002034316	0.000000040530
7	134307596	135591082	971	38	0.0001219510	0.000000044476
7	135591083	136876561	937	38	0.0002287118	0.000000042382
7	136876562	138744678	1083	38	0.0000812486	0.000000044211
7	138744679	139933176	492	38	0.0000744805	0.000000027340
7	139933177	140235209	162	26	0.0000207643	0.000000010679
7	140235210	141226556	522	38	0.0000140983	0.000000023263
7	141226557	142656309	900	38	0.0000303404	0.000000031898
7	142656310	144968288	1128	38	0.0000713392	0.000000043956
7	144968289	146427959	1050	38	0.0000313442	0.000000036201
7	146427960	147815317	1419	38	0.0001509366	0.000000046001
7	147815318	149840657	1023	38	0.0001803616	0.000000046757
7	149840658	150711504	547	38	0.0000146087	0.000000024962
7	150711505	152249805	701	38	0.0000899605	0.000000044435
7	152249806	153674018	906	38	0.0000536608	0.000000043502
7	153674019	154964729	903	38	0.0001301154	0.000000045466
7	154964730	156065249	819	38	0.0001497603	0.000000045971
7	156065250	157634596	927	38	0.0001332559	0.000000045460
7	157634597	159128574	824	38	0.0001762480	0.000000045264
8	10422	1044216	692	38	0.0000901516	0.000000044440
8	1044217	1163244	126	15	0.0000857999	0.000000010690
8	1163245	2042941	720	38	0.0000241187	0.000000042743
8	2042942	2573278	556	38	0.0000723779	0.000000038113
8	2573279	3392925	1109	38	0.0002053219	0.000000047398
8	3392926	3783016	865	38	0.0001720694	0.000000046544
8	3783017	4480475	1263	38	0.0001068879	0.000000044869
8	4480476	5146926	956	38	0.0002129524	0.000000047594
8	5146927	6142796	1749	38	0.0000411006	0.000000043180
8	6142797	7153078	910	38	0.0001327265	0.000000045533
8	7153079	9154693	1134	38	0.0001398622	0.000000045716
8	9154694	9640786	462	33	0.0000787995	0.000000028805
8	9640787	10463196	929	38	0.0001501392	0.000000045980
8	10463197	11278997	734	38	0.0000591261	0.000000043643
8	11278998	13491774	1466	38	0.0000999575	0.000000044691
8	13491775	13944991	683	38	0.0000379947	0.000000033204
8	13944992	15991659	2239	38	0.0000397314	0.000000043144
8	15991660	17387875	1138	38	-0.0000380038	0.000000041148
8	17387876	17836398	525	38	-0.0000321853	0.000000029614
8	17836399	19492839	1750	38	0.0000499094	0.000000043406
8	19492840	20060855	602	38	-0.0000116359	0.000000034412
8	20060856	21661736	1530	38	0.0001664606	0.000000046400
8	21661737	22897056	704	38	0.0001685633	0.000000046454
8	22897057	24674717	1270	38	0.0001566240	0.000000046147
8	24674718	25483453	527	38	0.0000800616	0.000000024530
8	25483454	26682524	1145	38	0.0001321222	0.000000045518
8	26682525	28162391	1509	38	0.0001295367	0.000000045451
8	28162392	29327895	655	38	0.0000999087	0.000000032744
8	29327896	31133728	1060	38	0.0002150231	0.000000047647
8	31133729	31548359	274	27	0.0001296562	0.000000016273
8	31548360	32977217	1043	38	0.0001947576	0.000000043234
8	32977218	35317231	1444	38	0.0003394632	0.000000045310
8	35317232	37379388	804	38	0.0002051639	0.000000037832
8	37379389	38938805	531	38	0.0000557236	0.000000028383
8	38938806	40703336	1178	38	0.0002627528	0.000000048873
8	40703337	41721453	739	38	0.0001831883	0.000000043195
8	41721454	42773822	302	26	0.0000878370	0.000000017364
8	42773823	46841314	105	10	0.0000006742	0.000000005152
8	46841315	50082469	828	38	0.0002275865	0.000000038578
8	50082470	53302929	2247	38	0.0000861940	0.000000044338
8	53302930	54418043	811	38	0.0000306502	0.000000029183
8	54418044	55945580	1028	38	0.0000757331	0.000000039575
8	55945581	56956382	733	38	0.0001460190	0.000000033159
8	56956383	59068650	1606	38	0.0000198284	0.000000042633
8	59068651	59728099	618	38	0.0002293102	0.000000030036
8	59728100	62329098	1764	38	0.0000537213	0.000000043504
8	62329099	63349305	757	38	0.0001989572	0.000000029597
8	63349306	65232871	1288	38	0.0000909793	0.000000042988
8	65232872	66489089	730	38	0.0001421332	0.000000033485
8	66489090	69863056	1758	38	0.0002088609	0.000000047489
8	69863057	70867978	890	38	0.0000367810	0.000000041337
8	70867979	72289453	981	38	0.0000654675	0.000000037420
8	72289454	73817198	1493	38	0.0001059776	0.000000044846
8	73817199	75445063	1167	38	0.0001544374	0.000000046091
8	75445064	76456541	700	38	0.0001117440	0.000000026858
8	76456542	79132860	1839	38	0.0000483031	0.000000043365
8	79132861	81956394	1558	38	0.0001683889	0.000000046449
8	81956395	82693738	512	38	-0.0000582415	0.000000018556
8	82693739	84225588	1177	38	0.0001150180	0.000000034666
8	84225589	85955618	961	38	0.0001477782	0.000000033289
8	85955619	87411708	516	33	0.0001543684	0.000000022654
8	87411709	89085480	1108	38	0.0002024159	0.000000044553
8	89085481	90638161	957	38	0.0002225493	0.000000038962
8	90638162	93554385	1526	38	0.0003506142	0.000000051130
8	93554386	95005526	773	38	0.0001558686	0.000000038966
8	95005527	96534805	1158	38	0.0001078975	0.000000044895
8	96534806	99401580	2074	38	-0.0000258710	0.000000041459
8	99401581	101620957	811	38	0.0000297191	0.000000030094
8	101620958	104123305	1896	38	-0.0000254703	0.000000041470
8	104123306	104988751	705	34	0.0001909585	0.000000023924
8	104988752	107410753	1830	38	0.0000718226	0.000000043969
8	107410754	108648176	1106	38	-0.0000304506	0.000000035131
8	108648177	109248172	510	30	0.0000739539	0.000000016677
8	109248173	110484313	955	38	0.0001596838	0.000000028423
8	110484314	111850846	736	38	-0.0000239737	0.000000021363
8	111850847	113064319	748	29	0.0000506880	0.000000018581
8	113064320	116096494	2152	38	0.0002586960	0.000000048769
8	116096495	119685456	2546	38	0.0001137859	0.000000045047
8	119685457	121201699	1226	38	0.0001678790	0.000000045569
8	121201700	124861458	2674	38	0.0000313762	0.000000042930
8	124861459	125683718	574	38	0.0000949298	0.000000029726
8	125683719	126410916	463	38	0.0000459217	0.000000024835
8	126410917	128659110	1811	38	0.0001152869	0.000000045085
8	128659111	130381138	1459	38	0.0000174530	0.000000042572
8	130381139	131639624	933	38	0.0001863884	0.000000045525
8	131639625	133351143	1611	38	0.0000402678	0.000000043158
8	133351144	134570000	1381	38	0.0000093060	0.000000042363
8	134570001	136035604	1570	38	0.0001247364	0.000000045328
8	136035605	137524150	1269	38	-0.0000334090	0.000000041179
8	137524151	139254829	1754	38	0.0001112114	0.000000044980
8	139254830	140725642	1394	38	0.0000378047	0.000000043095
8	140725643	143044913	1508	38	0.0000625540	0.000000043731
8	143044914	144236880	707	38	0.0002521902	0.000000041265
8	144236881	146303866	586	38	0.0002222217	0.000000040325
9	10023	1079706	1028	38	0.0002148166	0.000000047642
9	1079707	1916876	1196	38	0.0003318862	0.000000050649
9	1916877	3190063	1423	38	0.0000962578	0.000000044596
9	3190064	4495327	1364	38	0.0000165572	0.000000042549
9	4495328	4884925	427	38	0.0000677599	0.000000029539
9	4884926	6557588	1053	38	0.0001863074	0.000000046909
9	6557589	7154922	581	38	0.0001095972	0.000000037436
9	7154923	8456298	1802	38	0.0002038015	0.000000047359
9	8456299	9166402	770	38	0.0000395341	0.000000043139
9	9166403	10879252	2021	38	0.0002247944	0.000000047898
9	10879253	12276488	1419	38	0.0001616781	0.000000046277
9	12276489	14836362	2511	38	0.0001738493	0.000000046589
9	14836363	16659654	1610	38	0.0002467231	0.000000048461
9	16659655	18661050	2041	38	0.0001395942	0.000000045709
9	18661051	20463533	1588	38	-0.0000045874	0.000000042006
9	20463534	22206558	1428	38	0.0001476638	0.000000045917
9	22206559	24158517	1347	38	0.0002269185	0.000000047866
9	24158518	25330809	693	38	0.0001736801	0.000000044160
9	25330810	26111756	583	38	0.0000864005	0.000000041660
9	26111757	28224282	1929	38	0.0001524162	0.000000046039
9	28224283	28811583	550	38	0.0000042110	0.000000024696
9	28811584	30387391	1515	38	0.0001584775	0.000000046195
9	30387392	31310382	816	35	0.0000668192	0.000000026890
9	31310383	32019367	643	33	0.0000314090	0.000000019342
9	32019368	33578333	1272	38	-0.0000284593	0.000000041393
9	33578334	34642242	573	33	0.0002373708	0.000000024358
9	34642243	36743282	1025	38	0.0000080397	0.000000042330
9	36743283	38641598	1358	38	0.0000113533	0.000000042416
9	38641599	65472189	171	24	0.0000811798	0.000000012882
9	65472190	72512710	1088	38	0.0000615940	0.000000043619
9	72512711	72753754	213	15	0.0001236639	0.000000010258
9	72753755	74253039	1218	38	0.0001433636	0.000000045720
9	74253040	76203945	1221	38	0.0001162024	0.000000045109
9	76203946	76973080	514	28	-0.0000520549	0.000000014871
9	76973081	78900182	1677	38	0.0000518168	0.000000043455
9	78900183	79471207	489	38	0.0000349889	0.000000030399
9	79471208	81079054	1135	38	0.0000250052	0.000000042766
9	81079055	82590927	1267	38	0.0002831862	0.000000049398
9	82590928	84211232	1650	38	0.0000998309	0.000000044688
9	84211233	85440800	633	38	-0.0000123452	0.000000032255
9	85440801	86938195	1281	38	-0.0000693834	0.000000040342
9	86938196	88109332	962	38	0.0002093361	0.000000045162
9	88109333	88590416	201	17	0.0000161135	0.000000009488
9	88590417	90136245	1190	38	0.0002028629	0.000000047335
9	90136246	92528697	1658	38	0.0001858981	0.000000046899
9	92528698	94167202	1218	38	0.0001804671	0.000000046759
9	94167203	96671697	1601	38	0.0001015567	0.000000044732
9	96671698	98922039	1247	38	0.0001779737	0.000000046695
9	98922040	101592858	1578	38	0.0001438235	0.000000045818
9	101592859	104624436	2133	38	0.0000563280	0.000000043571
9	104624437	105967975	1511	38	0.0001484948	0.000000045938
9	105967976	107581748	1663	38	0.0001154186	0.000000045089
9	107581749	109298753	1236	38	0.0000596309	0.000000043656
9	109298754	110695061	1068	38	0.0001692002	0.000000046470
9	110695062	112778023	2286	38	0.0001306614	0.000000045480
9	112778024	114831081	1800	38	0.0000657485	0.000000043813
9	114831082	115693144	689	38	0.0001501159	0.000000028938
9	115693145	117019800	1164	38	0.0000465185	0.000000043319
9	117019801	117921959	893	38	0.0001206811	0.000000045137
9	117921960	121321536	3043	38	0.0002643296	0.000000048913
9	121321537	122260296	788	38	0.0003484897	0.000000040993
9	122260297	124871321	1590	38	0.0004180943	0.000000052863
9	124871322	126971886	1207	38	0.0001938807	0.000000047104
9	126971887	129059664	962	38	0.0001358993	0.000000045615
9	129059665	130055509	616	38	0.0001743912	0.000000034908
9	130055510	132165469	925	38	0.0000655586	0.000000043808
9	132165470	133223216	583	38	0.0001264741	0.000000037012
9	133223217	134127887	532	38	0.0000966946	0.000000035478
9	134127888	135298841	728	38	0.0002649275	0.000000044431
9	135298842	137041121	1131	38	0.0000966637	0.000000044607
9	137041122	137589363	331	38	0.0001155846	0.000000025523
9	137589364	138938977	1092	38	0.0000625036	0.000000043729
9	138938978	139500341	196	25	0.0001867105	0.000000017979
9	139500342	141144795	348	35	-0.0000254107	0.000000021074
10	60523	751338	234	18	0.0000297917	0.000000016130
10	751339	1523543	621	38	0.0001140373	0.000000037722
10	1523544	2254499	941	38	0.0000898313	0.000000044431
10	2254500	3352698	1268	38	0.0001404786	0.000000045732
10	3352699	4572273	1226	38	0.0001872703	0.000000046934
10	4572274	5983761	1398	38	0.0001773545	0.000000046679
10	5983762	7171483	1217	38	0.0000734927	0.000000044012
10	7171484	8774664	1583	38	0.0000796809	0.000000044171
10	8774665	10249395	1234	38	0.0001325021	0.000000045527
10	10249396	12586796	1957	38	0.0001352235	0.000000045597
10	12586797	13321599	747	38	0.0000316087	0.000000042936
10	13321600	15026067	1634	38	0.0000161663	0.000000042539
10	15026068	16551766	1113	38	0.0000054622	0.000000042264
10	16551767	18537266	1515	38	0.0002646562	0.000000048922
10	18537267	19716877	1275	38	0.0001371519	0.000000045647
10	19716878	22772282	2020	38	0.0002105573	0.000000047532
10	22772283	23175131	277	20	0.0000798120	0.000000015912
10	23175132	25578595	1546	38	0.0001459543	0.000000045873
10	25578596	26888683	1280	38	0.0001840982	0.000000045293
10	26888684	29323235	1941	38	0.0001601660	0.000000046238
10	29323236	29783691	527	38	0.0001192251	0.000000029332
10	29783692	30458837	711	38	0.0000970634	0.000000040037
10	30458838	31907518	1016	38	0.0002147381	0.000000047553
10	31907519	33707967	1330	38	-0.0000199611	0.000000041611
10	33707968	35109354	1037	38	0.0001404908	0.000000045733
10	35109355	36572507	910	38	0.0001137044	0.000000038915
10	36572508	37790028	756	38	0.0000388423	0.000000031519
10	37790029	42372578	581	18	0.0000337092	0.000000011835
10	42372579	43894770	685	38	0.0000806688	0.000000031399
10	43894771	44730074	695	38	0.0000231389	0.000000027209
10	44730075	48760449	1440	38	0.0000456416	0.000000043296
10	48760450	50840914	1298	38	0.0001709210	0.000000046514
10	50840915	53616628	1471	38	0.0000594078	0.000000043650
10	53616629	55103571	1489	38	0.0002904796	0.000000049585
10	55103572	57031139	1977	38	0.0002416529	0.000000048331
10	57031140	57662145	513	25	-0.0000102703	0.000000012532
10	57662146	58959527	1247	38	-0.0000020080	0.000000024790
10	58959528	60289986	1121	38	0.0000264815	0.000000030606
10	60289987	61891408	1142	38	0.0001424597	0.000000045783
10	61891409	62659678	659	38	0.0002108952	0.000000030833
10	62659679	63341694	326	25	0.0002640315	0.000000020702
10	63341695	65794113	1791	38	0.0004868120	0.000000054628
10	65794114	67549614	1255	38	0.0002655438	0.000000045396
10	67549615	69900147	2021	38	0.0002170720	0.000000047700
10	69900148	70195990	196	14	0.0000028230	0.000000008079
10	70195991	72220849	1522	38	0.0000626352	0.000000043733
10	72220850	73508511	1348	38	0.0001091105	0.000000044927
10	73508512	75422549	715	38	0.0001559137	0.000000029002
10	75422550	78706813	1604	38	0.0000970458	0.000000044617
10	78706814	80876748	1906	38	0.0001720441	0.000000046543
10	80876749	82414678	973	38	0.0000623603	0.000000043726
10	82414679	84383744	1573	38	-0.0000619552	0.000000040533
10	84383745	85458702	1149	38	0.0001070080	0.000000035144
10	85458703	87937576	2201	38	0.0001092516	0.000000044930
10	87937577	89127063	482	38	0.0001627562	0.000000027404
10	89127064	91013380	1410	38	0.0001046650	0.000000044812
10	91013381	92006580	844	38	0.0001253271	0.000000037668
10	92006581	93335046	996	38	0.0000909172	0.000000039535
10	93335047	95396367	1179	38	0.0000671131	0.000000043848
10	95396368	96221242	534	38	0.0000172740	0.000000023765
10	96221243	97822356	1043	38	0.0001496385	0.000000040009
10	97822357	100241301	1513	38	0.0001687255	0.000000046458
10	100241302	100668399	339	17	-0.0000445266	0.000000010250
10	100668400	102949238	1301	38	0.0000525209	0.000000043473
10	102949239	104380409	510	35	0.0003004521	0.000000026976
10	104380410	106695047	1392	38	0.0003187748	0.000000050312
10	106695048	108726685	1604	38	0.0001202711	0.000000045213
10	108726686	110317704	1457	38	0.0000251048	0.000000042769
10	110317705	112561492	1629	38	0.0000818935	0.000000044227
10	112561493	115328431	1955	38	0.0000522522	0.000000043466
10	115328432	116421405	919	38	0.0000267114	0.000000042810
10	116421406	119523933	2017	38	0.0000280706	0.000000042845
10	119523934	120591352	755	38	0.0000074207	0.000000039460
10	120591353	122407322	1253	38	-0.0000400965	0.000000041094
10	122407323	123231464	740	38	0.0000285185	0.000000038019
10	123231465	123900544	496	38	0.0000735952	0.000000029180
10	123900545	125869345	1453	38	0.0002137427	0.000000047614
10	125869346	128001097	1805	38	0.0000860840	0.000000044335
10	128001098	129154361	938	38	0.0000829630	0.000000044255
10	129154362	130844283	1682	38	0.0001055631	0.000000044835
10	130844284	131741326	812	38	0.0000941171	0.000000039961
10	131741327	132580244	897	38	0.0001618163	0.000000043424
10	132580245	134336328	1736	38	0.0001089077	0.000000044921
10	134336329	134494672	59	6	-0.0000170022	0.000000002659
10	134494673	135523864	458	38	0.0000992819	0.000000028736
11	70855	1213589	363	38	0.0001197201	0.000000025376
11	1213590	3665480	1438	38	0.0000640422	0.000000043769
11	3665481	4746708	864	38	0.0002295167	0.000000047932
11	4746709	6322868	2139	38	-0.0000052501	0.000000041989
11	6322869	7436700	1006	38	0.0000563370	0.000000043571
11	7436701	8333273	834	38	-0.0000440080	0.000000040994
11	8333274	9087316	492	36	-0.0000435800	0.000000023556
11	9087317	10952026	1188	38	0.0001103964	0.000000044960
11	10952027	12564228	1959	38	0.0000455625	0.000000043294
11	12564229	13373123	787	38	0.0002555339	0.000000042640
11	13373124	15742551	1651	38	0.0001151529	0.000000045082
11	15742552	17578401	1121	38	0.0001465146	0.000000045887
11	17578402	19569534	1481	38	0.0001675538	0.000000046428
11	19569535	21017137	1370	38	0.0001617236	0.000000046278
11	21017138	22374141	1175	38	0.0001559613	0.000000046130
11	22374142	24088516	1499	38	0.0000756331	0.000000044067
11	24088517	26045752	1714	38	0.0002514978	0.000000048584
11	26045753	27020460	815	38	0.0001527845	0.000000034525
11	27020461	28481592	769	38	0.0000973419	0.000000031401
11	28481593	30141356	978	38	0.0001553679	0.000000038953
11	30141357	32276900	1307	38	0.0000822741	0.000000044150
11	32276901	33958738	996	38	0.0000907107	0.000000044454
11	33958739	35502604	1554	38	0.0001034959	0.000000044782
11	35502605	37116814	1352	38	0.0000658321	0.000000043815
11	37116815	39382002	1484	38	0.0000797239	0.000000039506
11	39382003	42310002	2243	38	0.0000503572	0.000000043417
11	42310003	44693798	1926	38	-0.0000249787	0.000000041482
11	44693799	47006136	1316	38	0.0003512390	0.000000051146
11	47006137	49866049	1081	35	0.0004331338	0.000000038389
11	49866050	54695472	433	10	0.0000938773	0.000000010896
11	54695473	55082656	33	5	0.0000420335	0.000000002616
11	55082657	58457494	2734	38	0.0000729193	0.000000043997
11	58457495	58780548	181	9	-0.0000015477	0.000000005341
11	58780549	62223770	1711	38	-0.0000200108	0.000000041610
11	62223771	63804568	451	38	0.0000489984	0.000000021802
11	63804569	65898630	770	38	0.0002204524	0.000000046226
11	65898631	68005824	470	38	0.0002762929	0.000000030986
11	68005825	69516129	861	38	-0.0000043054	0.000000041753
11	69516130	70926291	852	38	0.0000906221	0.000000044452
11	70926292	72286016	582	38	-0.0000176860	0.000000023376
11	72286017	74412350	999	38	0.0002324106	0.000000048093
11	74412351	76797208	1291	38	0.0001889522	0.000000046977
11	76797209	78355057	787	38	0.0001284028	0.000000034156
11	78355058	80722372	2068	38	0.0000314941	0.000000042933
11	80722373	81266711	641	38	0.0000774654	0.000000029279
11	81266712	84381271	2583	38	0.0001032492	0.000000044776
11	84381272	86619300	1525	38	0.0002459574	0.000000048441
11	86619301	87430234	735	38	-0.0000346358	0.000000025222
11	87430235	89208935	1175	38	0.0002790035	0.000000049290
11	89208936	90966489	990	38	0.0000786758	0.000000031859
11	90966490	92077143	834	38	0.0000835601	0.000000032069
11	92077144	93276156	805	38	0.0003539530	0.000000041903
11	93276157	94242259	550	36	0.0000504380	0.000000021252
11	94242260	95726040	1115	38	0.0001714959	0.000000046529
11	95726041	97057057	942	38	0.0001676816	0.000000046431
11	97057058	98705064	1368	38	0.0001584231	0.000000046106
11	98705065	100417168	1770	38	0.0001779306	0.000000046694
11	100417169	101331120	953	38	0.0002173479	0.000000039343
11	101331121	103959635	2459	38	0.0000352385	0.000000043029
11	103959636	104873283	664	32	0.0000696104	0.000000019316
11	104873284	106520893	1139	38	0.0000364929	0.000000035304
11	106520894	107844199	994	38	0.0002870983	0.000000049411
11	107844200	108437036	222	13	0.0000201353	0.000000008767
11	108437037	109866115	722	38	0.0001865565	0.000000037013
11	109866116	111114396	999	38	0.0001979653	0.000000043316
11	111114397	112459487	700	38	0.0004185055	0.000000039375
11	112459488	114257727	1496	38	0.0002793529	0.000000049299
11	114257728	114830665	505	33	0.0000327495	0.000000019042
11	114830666	116383347	1163	38	0.0002412445	0.000000048320
11	116383348	117747109	1020	38	0.0000587125	0.000000043632
11	117747110	119215475	840	38	0.0000976932	0.000000044633
11	119215476	120766805	1073	38	0.0000152944	0.000000042517
11	120766806	121175942	399	28	0.0000986607	0.000000020226
11	121175943	122591909	920	38	0.0002444717	0.000000048403
11	122591910	123500116	653	38	0.0000246464	0.000000040766
11	123500117	124495527	1007	38	0.0000800730	0.000000032746
11	124495528	126311319	1383	38	0.0002607929	0.000000048823
11	126311320	127316678	1034	38	0.0001549380	0.000000046104
11	127316679	128188536	635	38	-0.0000509368	0.000000027177
11	128188537	130342574	1443	38	0.0002277067	0.000000047973
11	130342575	131074611	702	38	0.0001772845	0.000000041493
11	131074612	133000045	1950	38	0.0000858412	0.000000044329
11	133000046	134205992	899	38	0.0001426856	0.000000045789
11	134205993	134946451	821	38	0.0000762056	0.000000044081
12	61107	1080330	516	38	0.0000284029	0.000000032616
12	1080331	2544785	824	38	0.0000446881	0.000000043272
12	2544786	3677036	868	38	0.0000612354	0.000000043697
12	3677037	4417678	619	38	0.0000939408	0.000000038494
12	4417679	5321471	873	38	0.0000665440	0.000000043833
12	5321472	6419752	996	38	-0.0000042267	0.000000042015
12	6419753	8377535	808	38	0.0000445509	0.000000043268
12	8377536	9031394	209	24	-0.0000581931	0.000000011225
12	9031395	10481533	1058	38	-0.0000143733	0.000000041755
12	10481534	11754845	744	38	0.0000920677	0.000000032457
12	11754846	12733527	718	38	0.0000206842	0.000000042655
12	12733528	15241483	1909	38	0.0001360586	0.000000045619
12	15241484	16310459	463	38	0.0002826208	0.000000030304
12	16310460	18087872	1283	38	0.0001175984	0.000000045145
12	18087873	20863942	2219	38	0.0000434222	0.000000043239
12	20863943	23820633	2140	38	-0.0000395799	0.000000041107
12	23820634	25371082	1428	38	0.0000992135	0.000000044672
12	25371083	27799772	2101	38	0.0000662925	0.000000043827
12	27799773	29651254	1519	38	0.0000214812	0.000000042502
12	29651255	30512405	1173	38	0.0000963740	0.000000043473
12	30512406	32165591	1336	38	0.0000217073	0.000000042682
12	32165592	33076988	836	38	0.0001417884	0.000000039808
12	33076989	37856716	1038	36	0.0001504971	0.000000029709
12	37856717	39227168	460	17	-0.0000018428	0.000000012416
12	39227169	40816184	1308	38	0.0001067185	0.000000041319
12	40816185	41658585	820	38	0.0000255181	0.000000026340
12	41658586	43984473	2123	38	0.0000075882	0.000000042319
12	43984474	46024228	1093	38	0.0000675580	0.000000036358
12	46024229	47714792	914	38	0.0002017689	0.000000044882
12	47714793	49001865	1021	38	0.0000285186	0.000000042856
12	49001866	51776493	1012	38	0.0002265337	0.000000047943
12	51776494	53039003	1085	38	0.0000692825	0.000000043904
12	53039004	54778822	992	38	0.0002517879	0.000000048504
12	54778823	55665836	579	38	0.0001517890	0.000000028812
12	55665837	57548859	654	38	0.0001756297	0.000000034343
12	57548860	59308665	854	38	0.0001391957	0.000000037081
12	59308666	61123728	1085	38	0.0001580638	0.000000040483
12	61123729	64032460	2314	38	0.0001764118	0.000000046655
12	64032461	65559694	718	38	0.0001097373	0.000000037097
12	65559695	67181143	985	38	0.0001923114	0.000000044639
12	67181144	67909728	703	38	0.0002422191	0.000000029860
12	67909729	69826541	1468	38	0.0001122222	0.000000045006
12	69826542	70957986	1112	38	-0.0000151268	0.000000038105
12	70957987	72645074	1160	38	-0.0000378906	0.000000041151
12	72645075	73818453	739	38	0.0000654685	0.000000028802
12	73818454	76511313	1740	38	0.0001598921	0.000000046231
12	76511314	78570569	1613	38	0.0000488883	0.000000043380
12	78570570	80448149	905	38	0.0001798713	0.000000040441
12	80448150	81467766	739	38	0.0001085940	0.000000026440
12	81467767	83502665	1280	38	0.0002521888	0.000000047821
12	83502666	84303843	616	37	0.0002891368	0.000000025263
12	84303844	85990425	1045	38	0.0002573406	0.000000033462
12	85990426	89682121	1966	38	0.0000872797	0.000000044366
12	89682122	92066154	1514	38	0.0001283996	0.000000045422
12	92066155	94514566	1762	38	0.0000304171	0.000000042905
12	94514567	96020784	1150	38	0.0000697145	0.000000043915
12	96020785	97108838	845	38	0.0000356349	0.000000041048
12	97108839	99305986	1751	38	0.0000073891	0.000000042314
12	99305987	101447640	1362	38	0.0002057676	0.000000047409
12	101447641	101862689	265	21	0.0000605082	0.000000013512
12	101862690	102964985	615	38	0.0000358054	0.000000030845
12	102964986	104848695	1431	38	0.0001954876	0.000000047145
12	104848696	106436212	1459	38	0.0001563657	0.000000046140
12	106436213	106958747	404	38	0.0001413891	0.000000024754
12	106958748	109025900	1369	38	0.0000035352	0.000000042215
12	109025901	110336718	699	38	0.0001204930	0.000000037030
12	110336719	113263517	695	38	0.0001075590	0.000000033621
12	113263518	113986708	362	32	0.0001092931	0.000000020497
12	113986709	115036601	1050	38	0.0000648664	0.000000043790
12	115036602	115503215	370	38	-0.0000188735	0.000000018809
12	115503216	117087470	1261	38	0.0001316036	0.000000045504
12	117087471	118135374	785	38	0.0002822582	0.000000049287
12	118135375	119754109	1200	38	-0.0000027718	0.000000042053
12	119754110	122007650	1131	38	0.0002105922	0.000000047533
12	122007651	124977979	1104	38	0.0003330351	0.000000050678
12	124977980	126445504	1079	38	-0.0000140649	0.000000041763
12	126445505	127875097	1302	38	0.0002164991	0.000000047685
12	127875098	129237296	1232	38	0.0000998135	0.000000044688
12	129237297	130377920	1208	38	0.0000721771	0.000000043978
12	130377921	131786750	1337	38	-0.0000151210	0.000000041736
12	131786751	132807033	618	38	0.0002134969	0.000000036934
12	132807034	133841510	314	31	0.0000026128	0.000000016768
13	19020013	20686719	693	38	0.0000011598	0.000000029107
13	20686720	22242173	1068	38	0.0000524865	0.000000043472
13	22242174	23594701	1191	38	0.0000940525	0.000000044540
13	23594702	24531936	977	38	0.0000790418	0.000000044154
13	24531937	25784361	1168	38	0.0001918834	0.000000047053
13	25784362	27284361	1095	38	0.0000858705	0.000000044243
13	27284362	29257550	1548	38	0.0000850290	0.000000044308
13	29257551	30483266	1013	38	0.0001904905	0.000000047017
13	30483267	32301814	1432	38	0.0000885307	0.000000044398
13	32301815	33776902	1159	38	0.0001746351	0.000000046610
13	33776903	35026463	967	38	0.0000718978	0.000000039047
13	35026464	36046366	467	38	0.0000960448	0.000000024771
13	36046367	37498184	1241	38	0.0002170698	0.000000047699
13	37498185	38878162	1377	38	0.0003978364	0.000000051822
13	38878163	41069262	1754	38	0.0000216545	0.000000042680
13	41069263	43101026	1253	38	0.0001969406	0.000000047182
13	43101027	44901408	1577	38	0.0000616129	0.000000043707
13	44901409	46495213	944	38	0.0001296178	0.000000045453
13	46495214	47431078	688	38	0.0000637555	0.000000031476
13	47431079	49383961	1359	38	-0.0000333811	0.000000041267
13	49383962	51591090	1400	38	0.0000140714	0.000000042485
13	51591091	53339621	687	38	-0.0000102519	0.000000037972
13	53339622	54682863	1148	38	0.0001233487	0.000000045292
13	54682864	55817130	846	38	0.0000942910	0.000000029032
13	55817131	57554216	932	34	0.0000023309	0.000000021532
13	57554217	58410625	547	29	0.0002513365	0.000000021293
13	58410626	59302270	672	31	0.0001401894	0.000000021455
13	59302271	60854777	1278	38	0.0000735693	0.000000044014
13	60854778	61591948	668	38	0.0002337586	0.000000030742
13	61591949	63971558	1867	38	0.0000993166	0.000000044675
13	63971559	65200601	1047	38	0.0000973783	0.000000024973
13	65200602	67844452	1667	38	0.0000723222	0.000000043982
13	67844453	70724515	2575	38	0.0001084923	0.000000044911
13	70724516	71526790	702	38	0.0000861791	0.000000036493
13	71526791	73934088	1730	38	0.0001280094	0.000000045412
13	73934089	75670142	1439	38	0.0001257261	0.000000045353
13	75670143	77410554	1628	38	0.0001715186	0.000000046529
13	77410555	78808812	976	38	0.0001384374	0.000000037662
13	78808813	80585675	1215	38	0.0001680798	0.000000046441
13	80585676	82581813	1528	38	0.0000696818	0.000000043914
13	82581814	84133143	1099	38	0.0001255355	0.000000032379
13	84133144	85610915	1066	38	0.0000516761	0.000000036551
13	85610916	88559881	2125	38	0.0000797452	0.000000044172
13	88559882	90521310	1315	38	0.0001793265	0.000000041803
13	90521311	93129690	2036	38	-0.0000338174	0.000000041255
13	93129691	93586454	283	22	-0.0000400148	0.000000012104
13	93586455	96087557	2097	38	0.0001200050	0.000000045206
13	96087558	97519209	750	38	0.0001092792	0.000000032813
13	97519210	98938918	809	38	0.0000093787	0.000000042365
13	98938919	100574094	1456	38	0.0002186458	0.000000047740
13	100574095	102300522	1475	38	0.0001427102	0.000000045790
13	102300523	104066709	1763	38	0.0002314380	0.000000048069
13	104066710	104844113	730	38	0.0001508266	0.000000036096
13	104844114	106247553	1412	38	0.0001161098	0.000000045106
13	106247554	106749999	589	38	0.0000350802	0.000000027769
13	106750000	108189876	1218	38	0.0001211727	0.000000045236
13	108189877	109121209	902	38	0.0001170556	0.000000045131
13	109121210	109815111	732	38	0.0000853123	0.000000033648
13	109815112	111232072	1279	38	0.0000702666	0.000000043929
13	111232073	112247591	817	38	0.0001060992	0.000000044762
13	112247592	113572487	889	38	0.0000992811	0.000000044674
13	113572488	115109852	659	38	0.0001914897	0.000000041599
14	19002084	21589401	953	38	-0.0000060538	0.000000041968
14	21589402	23018664	1396	38	-0.0000760672	0.000000040170
14	23018665	24905122	1095	38	0.0001437031	0.000000045815
14	24905123	26135685	1234	38	0.0001139250	0.000000045050
14	26135686	28466532	1574	38	0.0001595193	0.000000046221
14	28466533	29972144	873	38	0.0002252124	0.000000040831
14	29972145	32383264	1177	38	0.0003931157	0.000000052134
14	32383265	34846250	2103	38	0.0000469658	0.000000043330
14	34846251	35859592	464	38	0.0001827042	0.000000027746
14	35859593	38667724	1599	38	0.0001736057	0.000000046583
14	38667725	40341989	1134	38	0.0001971446	0.000000047188
14	40341990	41615501	1076	38	0.0002570151	0.000000033115
14	41615502	43137388	950	38	0.0000731316	0.000000033336
14	43137389	44543226	931	38	0.0001466776	0.000000040363
14	44543227	46081895	775	38	0.0002148109	0.000000034752
14	46081896	46749129	511	22	0.0000841752	0.000000014448
14	46749130	48573585	1524	38	-0.0000009427	0.000000042100
14	48573586	49005470	289	18	0.0000406642	0.000000011187
14	49005471	50507759	964	38	0.0002826109	0.000000049383
14	50507760	51493571	677	38	0.0001269983	0.000000037368
14	51493572	53474382	1573	38	0.0000764892	0.000000044089
14	53474383	53997830	397	26	0.0000620415	0.000000016123
14	53997831	55233680	758	38	0.0002096080	0.000000045342
14	55233681	56216879	559	33	0.0000455163	0.000000023141
14	56216880	57481261	1260	38	0.0000900220	0.000000044436
14	57481262	59448335	1438	38	0.0000904672	0.000000044448
14	59448336	61680423	1380	38	0.0000630569	0.000000043744
14	61680424	63790014	1614	38	0.0000866167	0.000000044349
14	63790015	65220297	646	38	0.0002464849	0.000000035648
14	65220298	66399554	754	38	0.0001128274	0.000000038549
14	66399555	67992316	691	38	0.0000110881	0.000000023607
14	67992317	71131956	2204	38	0.0002109571	0.000000047542
14	71131957	72889614	1405	38	0.0002327512	0.000000048102
14	72889615	76444766	2014	38	0.0001574084	0.000000046167
14	76444767	77229471	595	38	0.0001192874	0.000000035801
14	77229472	78561944	1081	38	0.0001282551	0.000000045418
14	78561945	80186578	1204	38	0.0000346092	0.000000042926
14	80186579	81579713	1147	38	0.0001762015	0.000000046650
14	81579714	83138096	1030	38	0.0001107263	0.000000042631
14	83138097	84241632	932	38	0.0000879891	0.000000038513
14	84241633	85746318	1134	38	0.0002424964	0.000000048353
14	85746319	86647001	629	38	0.0001186793	0.000000031268
14	86647002	87635340	711	38	0.0000683684	0.000000032191
14	87635341	89497642	1302	38	-0.0000043515	0.000000042012
14	89497643	91296859	1283	38	0.0002171162	0.000000047701
14	91296860	93132298	1254	38	0.0001584844	0.000000046195
14	93132299	94325284	749	38	0.0000537922	0.000000037980
14	94325285	95750866	1507	38	0.0000075850	0.000000042319
14	95750867	96262414	665	38	0.0001287275	0.000000037498
14	96262415	98341161	1513	38	0.0001550859	0.000000046107
14	98341162	99138531	850	38	0.0000261285	0.000000032558
14	99138532	101534306	1529	38	0.0000218183	0.000000042684
14	101534307	103012101	704	38	0.0000813167	0.000000044213
14	103012102	105001722	875	38	0.0000834593	0.000000044268
14	105001723	106340357	256	31	0.0001573403	0.000000020557
14	106340358	107289453	208	14	0.0000606606	0.000000014427
15	20001200	21131603	7	1	0.0000048615	0.000000000692
15	21131604	24195126	524	38	0.0000805196	0.000000033440
15	24195127	25108589	632	38	0.0000376747	0.000000028090
15	25108590	27298111	1604	38	0.0001046145	0.000000044811
15	27298112	29338501	997	38	0.0000310420	0.000000042921
15	29338502	30165567	562	38	0.0000495133	0.000000029921
15	30165568	31591820	510	38	0.0000723812	0.000000032464
15	31591821	32441810	485	38	0.0001266788	0.000000027240
15	32441811	34015424	1262	38	0.0000725901	0.000000043988
15	34015425	35083250	689	38	0.0000686917	0.000000037674
15	35083251	37456501	1820	38	0.0001307490	0.000000045482
15	37456502	38530776	710	38	0.0000093965	0.000000034952
15	38530777	40384131	1572	38	0.0001256438	0.000000045351
15	40384132	41177513	386	32	0.0002725207	0.000000026094
15	41177514	42776398	757	38	0.0001181624	0.000000040664
15	42776399	44198048	409	20	0.0000727137	0.000000017394
15	44198049	46618786	932	38	0.0000366854	0.000000039176
15	46618787	48136047	1302	38	0.0003176424	0.000000050283
15	48136048	50008042	925	38	0.0000432963	0.000000035650
15	50008043	51677559	1101	38	0.0001261093	0.000000045363
15	51677560	53069095	771	38	0.0001132910	0.000000034878
15	53069096	54508527	1332	38	0.0001185065	0.000000045081
15	54508528	55136268	573	38	0.0000394349	0.000000030513
15	55136269	56901772	1060	38	0.0001757787	0.000000046639
15	56901773	58441365	1208	38	0.0001065664	0.000000044861
15	58441366	59694115	895	38	0.0001273791	0.000000045396
15	59694116	61265835	1166	38	0.0002275550	0.000000047969
15	61265836	63215221	1626	38	0.0001661250	0.000000046391
15	63215222	65104667	894	38	0.0002158243	0.000000046540
15	65104668	67094766	999	38	0.0002461537	0.000000048446
15	67094767	69017998	1245	38	0.0002236719	0.000000047869
15	69017999	70133340	528	38	0.0000419969	0.000000029389
15	70133341	71922648	1180	38	0.0000965946	0.000000044605
15	71922649	73628713	717	38	0.0000261667	0.000000026441
15	73628714	76398623	969	38	0.0000876814	0.000000044376
15	76398624	78516052	1055	38	0.0003925311	0.000000052119
15	78516053	80860977	1830	38	0.0000376337	0.000000043091
15	80860978	84260467	1469	38	0.0003093158	0.000000050069
15	84260468	86652904	1589	38	0.0000203611	0.000000042647
15	86652905	88369942	1443	38	0.0000517477	0.000000043453
15	88369943	90475550	1209	38	0.0000099847	0.000000042380
15	90475551	92164391	1100	38	0.0000167876	0.000000042555
15	92164392	93780901	1315	38	0.0001899353	0.000000047003
15	93780902	94924329	1088	38	0.0000346329	0.000000043014
15	94924330	96141595	1050	38	0.0000839929	0.000000044281
15	96141596	98030909	1321	38	0.0001223833	0.000000045267
15	98030910	99244058	1037	38	0.0000483782	0.000000043367
15	99244059	100636846	1004	38	0.0000085854	0.000000042258
15	100636847	101552693	659	38	0.0001098245	0.000000044425
15	101552694	102520965	672	38	0.0000286012	0.000000042859
16	60054	1207205	395	38	0.0002857493	0.000000035719
16	1207206	2764828	555	38	0.0000463988	0.000000034274
16	2764829	4001195	440	38	0.0000988532	0.000000033910
16	4001196	5118344	545	38	0.0000441365	0.000000040662
16	5118345	5891579	648	38	0.0000900869	0.000000042274
16	5891580	6893550	1191	38	0.0001781376	0.000000046699
16	6893551	7529120	889	38	0.0001188591	0.000000045177
16	7529121	8338518	984	38	0.0003250500	0.000000050473
16	8338519	9799418	1312	38	-0.0000178158	0.000000041666
16	9799419	10426031	735	38	0.0001417890	0.000000037662
16	10426032	11520160	746	38	0.0000280694	0.000000042845
16	11520161	12613097	688	38	0.0001866126	0.000000046917
16	12613098	13154436	618	38	0.0000423113	0.000000033143
16	13154437	14464001	1051	38	0.0001814647	0.000000046785
16	14464002	16154059	416	38	0.0002545656	0.000000033137
16	16154060	17644748	651	38	0.0001160874	0.000000041991
16	17644749	18643606	334	32	0.0000826945	0.000000020235
16	18643607	20150570	758	38	0.0000809463	0.000000040744
16	20150571	22448903	726	38	0.0001272326	0.000000036689
16	22448904	24136874	874	38	0.0001046906	0.000000044813
16	24136875	25986861	1301	38	0.0003698915	0.000000051625
16	25986862	27445754	1149	38	0.0001247728	0.000000045329
16	27445755	29036612	496	38	0.0003894591	0.000000033883
16	29036613	31382942	420	38	-0.0000338474	0.000000024481
16	31382943	46399472	222	20	0.0000877384	0.000000013711
16	46399473	49007925	595	38	0.0001196304	0.000000027060
16	49007926	52035822	1921	38	0.0001056799	0.000000044838
16	52035823	53382571	866	38	0.0002545860	0.000000040812
16	53382572	55903773	2088	38	0.0001496266	0.000000045967
16	55903774	57664329	1104	38	0.0001236412	0.000000045300
16	57664330	59045404	843	38	0.0000940195	0.000000044539
16	59045405	60745693	1084	38	-0.0000479540	0.000000040892
16	60745694	62229848	792	38	0.0000992510	0.000000030940
16	62229849	63691588	980	38	0.0000405529	0.000000043166
16	63691589	65938565	1694	38	0.0000909168	0.000000044459
16	65938566	68841362	1139	38	0.0001194622	0.000000045192
16	68841363	71054027	597	38	0.0002695032	0.000000039139
16	71054028	72935149	737	38	0.0001607573	0.000000040552
16	72935150	74971502	1240	38	0.0000640604	0.000000043769
16	74971503	75977953	436	37	0.0001687601	0.000000027390
16	75977954	77523677	1384	38	0.0000730755	0.000000044001
16	77523678	78456291	1111	38	0.0001661972	0.000000046393
16	78456292	79134814	918	38	0.0001415541	0.000000045760
16	79134815	80297373	1294	38	0.0002028130	0.000000047333
16	80297374	81772535	1363	38	0.0003194597	0.000000050329
16	81772536	82747727	965	38	0.0001052472	0.000000044827
16	82747728	83477207	1050	38	-0.0000334323	0.000000041265
16	83477208	84445882	1225	38	0.0001023038	0.000000044752
16	84445883	85148684	767	38	0.0001394585	0.000000045706
16	85148685	86156598	748	38	0.0000907054	0.000000044454
16	86156599	86815410	852	38	0.0002931119	0.000000049653
16	86815411	87647348	613	38	0.0000306084	0.000000042910
16	87647349	89041164	566	38	0.0000703678	0.000000043931
16	89041165	90292811	519	38	0.0001629797	0.000000039235
17	56	1172398	407	38	0.0000266884	0.000000028911
17	1172399	1928730	373	38	0.0001307174	0.000000026922
17	1928731	3702311	1045	38	0.0001062212	0.000000044852
17	3702312	4696260	521	38	0.0000563445	0.000000032735
17	4696261	5741333	744	38	-0.0000086169	0.000000035262
17	5741334	7317397	1007	38	-0.0000152334	0.000000041733
17	7317398	8306424	419	38	0.0000684008	0.000000030575
17	8306425	9965920	1148	38	-0.0000004161	0.000000042113
17	9965921	11102814	864	38	0.0001730279	0.000000046568
17	11102815	12534768	958	38	0.0001293433	0.000000045446
17	12534769	13180371	562	38	-0.0000147837	0.000000032107
17	13180372	13894636	682	38	-0.0000699226	0.000000037043
17	13894637	15019096	1221	38	0.0001025201	0.000000044757
17	15019097	16412341	557	38	0.0000594732	0.000000031878
17	16412342	18856319	963	38	0.0002029912	0.000000047338
17	18856320	21290356	689	38	-0.0000036634	0.000000033503
17	21290357	27334243	983	38	0.0001098951	0.000000044947
17	27334244	29786490	736	38	0.0002589291	0.000000035457
17	29786491	31538424	936	38	0.0001232732	0.000000045290
17	31538425	32912797	1533	38	0.0000679505	0.000000043869
17	32912798	34469035	871	38	0.0001182839	0.000000045162
17	34469036	36809343	765	38	0.0001087547	0.000000044917
17	36809344	38877403	680	38	0.0001227458	0.000000039577
17	38877404	39899809	594	38	0.0001181689	0.000000025337
17	39899810	41772086	516	38	0.0001186280	0.000000025854
17	41772087	43056904	529	38	0.0002495349	0.000000031991
17	43056905	45876021	1214	38	0.0004213322	0.000000052946
17	45876022	47517399	880	38	0.0001062046	0.000000041478
17	47517400	49898956	1257	38	0.0001528468	0.000000046050
17	49898957	50719054	588	35	0.0001530688	0.000000025389
17	50719055	51826117	823	38	0.0001046600	0.000000028028
17	51826118	53599431	1199	38	0.0002237284	0.000000047870
17	53599432	55357540	1122	38	0.0000647915	0.000000043788
17	55357541	57487511	1103	38	0.0001245502	0.000000045323
17	57487512	59312754	402	26	0.0000275449	0.000000015990
17	59312755	61545588	774	38	0.0001629663	0.000000045010
17	61545589	63148127	499	38	0.0001282460	0.000000027027
17	63148128	64800429	1310	38	0.0000201805	0.000000042642
17	64800430	67858769	1673	38	0.0002550035	0.000000048674
17	67858770	69387816	1336	38	0.0000994907	0.000000044679
17	69387817	72672202	2423	38	-0.0000479105	0.000000040893
17	72672203	74375559	644	38	0.0001561556	0.000000041467
17	74375560	76263412	1152	38	0.0001215485	0.000000045246
17	76263413	77298635	675	38	0.0000849331	0.000000044305
17	77298636	78837587	902	38	-0.0000158467	0.000000041717
17	78837588	80034407	408	38	0.0001272373	0.000000029537
17	80034408	81194907	519	38	0.0000801492	0.000000029432
18	10644	912485	650	38	0.0001009013	0.000000042638
18	912486	1942910	786	38	0.0000119247	0.000000032621
18	1942911	3891657	1414	38	-0.0000211759	0.000000041580
18	3891658	5834179	1473	38	0.0000891412	0.000000044414
18	5834180	7090484	991	38	-0.0000097426	0.000000041874
18	7090485	8498930	1039	38	0.0002121901	0.000000047574
18	8498931	11075912	2213	38	0.0001183109	0.000000045163
18	11075913	11905439	497	38	0.0002255399	0.000000034091
18	11905440	14440798	1303	38	0.0001397386	0.000000045713
18	14440799	19485843	329	22	0.0000675707	0.000000016264
18	19485844	20649471	633	38	0.0000551236	0.000000028113
18	20649472	22996650	1475	38	0.0003038881	0.000000049929
18	22996651	24026190	627	38	0.0000791067	0.000000031444
18	24026191	25927681	1490	38	0.0001684475	0.000000046451
18	25927682	26875586	631	35	-0.0000249390	0.000000019827
18	26875587	27866477	692	38	0.0001783537	0.000000027467
18	27866478	30264065	1805	38	0.0000267794	0.000000042812
18	30264066	31780066	849	38	0.0001574341	0.000000030819
18	31780067	33861963	1307	38	0.0001442482	0.000000045742
18	33861964	35075249	892	38	0.0000159243	0.000000041580
18	35075250	36365489	1072	38	0.0001728424	0.000000042154
18	36365490	37684366	812	38	0.0002331646	0.000000033097
18	37684367	39892647	1780	38	0.0000478449	0.000000043353
18	39892648	42922105	2098	38	0.0002143379	0.000000047629
18	42922106	44299245	1192	38	0.0000234922	0.000000042727
18	44299246	45939731	1073	38	0.0002718516	0.000000049107
18	45939732	47730583	1321	38	0.0000116733	0.000000042424
18	47730584	51062184	2443	38	0.0002052942	0.000000047397
18	51062185	51554174	466	21	0.0000530290	0.000000014398
18	51554175	55213837	2153	38	0.0002070855	0.000000047443
18	55213838	56530219	1057	38	0.0000810773	0.000000044206
18	56530220	57630482	1029	38	0.0000982043	0.000000044646
18	57630483	59020750	975	38	0.0000933620	0.000000041580
18	59020751	60277714	1157	38	0.0000601887	0.000000043670
18	60277715	61820251	1170	38	0.0001943425	0.000000047116
18	61820252	63463401	1262	38	0.0001113444	0.000000044984
18	63463402	64252800	725	35	0.0000509752	0.000000022608
18	64252801	66125816	1672	38	0.0000843978	0.000000044292
18	66125817	67175819	713	38	0.0001692224	0.000000036312
18	67175820	68621178	922	38	-0.0000090436	0.000000041892
18	68621179	69621617	919	38	0.0000741881	0.000000042298
18	69621618	71038473	1247	38	0.0001430194	0.000000045797
18	71038474	71971461	960	38	0.0000449143	0.000000043278
18	71971462	73526986	1297	38	0.0001024525	0.000000044755
18	73526987	74813814	1084	38	0.0000277779	0.000000042837
18	74813815	75976316	1160	38	0.0003017359	0.000000049874
18	75976317	77149990	932	38	0.0001647700	0.000000046356
18	77149991	78017157	473	38	0.0002629859	0.000000032675
19	80840	610728	90	18	0.0000876518	0.000000009011
19	610729	2098395	316	38	0.0001111821	0.000000026928
19	2098396	3019659	338	38	0.0002774644	0.000000030256
19	3019660	4348966	406	38	0.0001358165	0.000000032557
19	4348967	5811851	579	38	0.0001270745	0.000000045388
19	5811852	6684884	284	38	0.0002621561	0.000000025661
19	6684885	8347512	754	38	0.0000093488	0.000000042364
19	8347513	9238392	391	38	0.0000240849	0.000000019154
19	9238393	11284027	751	38	0.0001753719	0.000000041702
19	11284028	13471126	701	38	-0.0000495310	0.000000038257
19	13471127	14486346	314	38	0.0000638701	0.000000021009
19	14486347	15648609	526	38	0.0001233054	0.000000033514
19	15648610	16374415	648	38	0.0001277630	0.000000030482
19	16374416	18409861	797	38	0.0000545709	0.000000043526
19	18409862	19877470	498	38	0.0001040412	0.000000030978
19	19877471	20905756	317	31	0.0000097195	0.000000016783
19	20905757	22732895	838	38	0.0001596894	0.000000032744
19	22732896	23467745	317	18	0.0001050107	0.000000014318
19	23467746	28557892	741	38	0.0001961176	0.000000029693
19	28557893	29790946	1171	38	0.0000720426	0.000000043974
19	29790947	30727953	682	38	0.0001173052	0.000000038149
19	30727954	32746519	1192	38	0.0001793568	0.000000046731
19	32746520	34262951	909	38	0.0001962693	0.000000047165
19	34262952	36469294	1060	38	0.0001478927	0.000000045923
19	36469295	37527032	445	27	0.0001105981	0.000000018862
19	37527033	40170618	1052	38	0.0001841285	0.000000046853
19	40170619	40984600	305	28	0.0000692572	0.000000016473
19	40984601	42131572	461	38	0.0000567143	0.000000029511
19	42131573	43862454	444	34	0.0000334096	0.000000021487
19	43862455	44744107	505	38	0.0000812663	0.000000024897
19	44744108	46102696	599	38	0.0001920910	0.000000041270
19	46102697	47150081	457	38	0.0000742634	0.000000029621
19	47150082	49282226	886	38	0.0001121787	0.000000045005
19	49282227	51532566	888	38	0.0002082882	0.000000047474
19	51532567	52985289	1114	38	-0.0000624287	0.000000040520
19	52985290	54602361	754	38	-0.0000586640	0.000000040617
19	54602362	55728079	501	38	0.0001210969	0.000000036189
19	55728080	57521334	1007	38	0.0000258185	0.000000042787
19	57521335	59118838	822	38	0.0000189406	0.000000042610
20	60479	697599	393	38	0.0000399220	0.000000027301
20	697600	2469500	1728	38	0.0001613001	0.000000046267
20	2469501	3828412	866	38	0.0000785348	0.000000044141
20	3828413	5477849	1377	38	0.0000461299	0.000000043309
20	5477850	7084072	1450	38	0.0000015442	0.000000042164
20	7084073	8117010	1015	38	0.0002830512	0.000000042143
20	8117011	9730920	1532	38	0.0000679854	0.000000043870
20	9730921	11249535	1438	38	0.0002120036	0.000000047569
20	11249536	12447498	1061	38	0.0001880864	0.000000046868
20	12447499	13689863	1108	38	0.0000686673	0.000000043888
20	13689864	15958358	1993	38	0.0000915790	0.000000044476
20	15958359	17487231	1803	38	0.0001209136	0.000000045230
20	17487232	18972202	1158	38	0.0001479697	0.000000045925
20	18972203	20959709	1735	38	0.0000343169	0.000000043005
20	20959710	22491455	860	38	0.0000492572	0.000000031957
20	22491456	23293789	812	38	0.0001289067	0.000000035534
20	23293790	24717723	1106	38	0.0000952862	0.000000044571
20	24717724	25344230	575	28	0.0003087182	0.000000025680
20	25344231	31614822	1139	38	0.0000777949	0.000000044122
20	31614823	32813440	459	35	0.0000068188	0.000000021899
20	32813441	34960445	768	38	0.0000210934	0.000000026142
20	34960446	36909529	882	38	-0.0000075644	0.000000038299
20	36909530	38436760	1069	38	0.0001316744	0.000000044033
20	38436761	39610855	926	38	0.0002143110	0.000000046242
20	39610856	40585688	556	38	0.0002002815	0.000000030476
20	40585689	41615459	1037	38	0.0000588348	0.000000043635
20	41615460	42680175	684	38	0.0000314588	0.000000039301
20	42680176	44839055	1365	38	0.0002774818	0.000000049251
20	44839056	47199979	1870	38	0.0000091613	0.000000042359
20	47199980	49239657	1407	38	0.0000181163	0.000000042589
20	49239658	52472548	2509	38	0.0000763931	0.000000044086
20	52472549	54055265	1269	38	0.0000606901	0.000000043683
20	54055266	56447958	2104	38	0.0001495774	0.000000045966
20	56447959	58406571	1477	38	0.0003059099	0.000000049981
20	58406572	59561723	1026	38	0.0001936969	0.000000047099
20	59561724	61301854	1330	38	0.0001608658	0.000000046256
20	61301855	62190179	496	38	0.0000627855	0.000000034352
20	62190180	62965162	376	38	0.0000958607	0.000000024513
21	9411243	15950981	524	38	0.0000389056	0.000000029055
21	15950982	18053164	1286	38	0.0000033436	0.000000042210
21	18053165	19480374	877	38	0.0002985052	0.000000049791
21	19480375	20962338	1270	38	0.0001841807	0.000000046855
21	20962339	22072763	844	38	-0.0000058873	0.000000040587
21	22072764	23362874	1137	38	0.0000651437	0.000000043797
21	23362875	24696230	859	38	0.0001772571	0.000000040202
21	24696231	26469121	1445	38	0.0001268465	0.000000045382
21	26469122	27271018	458	31	-0.0000219574	0.000000020323
21	27271019	29125225	1663	38	0.0000171648	0.000000042565
21	29125226	31197024	1475	38	0.0000724399	0.000000043985
21	31197025	32668641	1058	38	0.0001497853	0.000000035557
21	32668642	34376998	1077	38	-0.0000038003	0.000000042026
21	34376999	35225464	478	38	0.0001977663	0.000000032021
21	35225465	36524372	1008	38	0.0001906199	0.000000047020
21	36524373	37870778	939	38	0.0000412179	0.000000043183
21	37870779	38711703	584	38	-0.0000259075	0.000000024854
21	38711704	40482901	1536	38	-0.0000412680	0.000000041064
21	40482902	41389526	891	38	0.0000504305	0.000000040478
21	41389527	43321527	1682	38	0.0000922121	0.000000044492
21	43321528	44506267	1172	38	0.0000490668	0.000000043384
21	44506268	46177104	995	38	0.0000288243	0.000000042864
21	46177105	47492225	877	38	-0.0000138924	0.000000041767
21	47492226	48119751	398	29	0.0000816419	0.000000023729
22	16050408	17674294	345	38	0.0000579875	0.000000022284
22	17674295	18296087	377	38	0.0001043523	0.000000024647
22	18296088	19912357	902	38	0.0000679644	0.000000043870
22	19912358	22357324	941	38	0.0001719057	0.000000046539
22	22357325	23712646	672	38	0.0000677526	0.000000036020
22	23712647	24984203	604	38	0.0000741401	0.000000030127
22	24984204	26791627	1299	38	0.0000662128	0.000000043825
22	26791628	27834751	1295	38	0.0000895732	0.000000044425
22	27834752	29651798	975	38	0.0001203769	0.000000045216
22	29651799	31439917	955	38	0.0002088446	0.000000047488
22	31439918	32664985	577	37	0.0001042162	0.000000029540
22	32664986	34494913	1709	38	0.0000227854	0.000000042709
22	34494914	35530984	1117	38	-0.0000318382	0.000000036987
22	35530985	37570268	1534	38	0.0001349534	0.000000045590
22	37570269	39307893	884	38	-0.0000551192	0.000000040708
22	39307894	40545796	567	38	0.0002140293	0.000000039858
22	40545797	42690817	828	38	0.0001614597	0.000000036113
22	42690818	43714199	738	38	0.0001160907	0.000000045106
22	43714200	44995307	1240	38	0.0001838360	0.000000046846
22	44995308	46470494	1105	38	0.0000956975	0.000000044582
22	46470495	47596317	862	38	0.0000932327	0.000000044519
22	47596318	48903702	1509	38	0.0002078168	0.000000047462
22	48903703	49824533	1281	38	0.0001159855	0.000000045103
22	49824534	51243297	692	38	0.0001120339	0.000000041801
