chr	start	end	num_snp	k	local_h2g	var
1	10583	1892606	123	17	0.0000655806	0.000000009158
1	1892607	3582735	704	38	-0.0000401818	0.000000040544
1	3582736	4380810	512	38	0.0000769785	0.000000030318
1	4380811	5913892	1832	38	-0.0000355597	0.000000040662
1	5913893	7247334	725	38	0.0000816609	0.000000040239
1	7247335	9365198	1253	38	0.0002408686	0.000000047715
1	9365199	10806983	523	38	0.0001742479	0.000000031620
1	10806984	11777840	373	38	0.0000344060	0.000000024223
1	11777841	12779465	411	38	0.0000294740	0.000000026264
1	12779466	14891510	1178	38	0.0001325341	0.000000044951
1	14891511	16897729	1111	38	0.0000994076	0.000000044106
1	16897730	18662898	1105	38	0.0001524885	0.000000045460
1	18662899	20469148	1181	38	0.0001369310	0.000000045063
1	20469149	21736587	798	38	0.0001055310	0.000000041699
1	21736588	23086882	930	38	0.0001299830	0.000000044886
1	23086883	23920589	347	33	0.0000433934	0.000000019396
1	23920590	25516844	877	38	0.0001667164	0.000000045823
1	25516845	27401866	652	38	-0.0000071368	0.000000028345
1	27401867	30161880	933	38	0.0001709517	0.000000045931
1	30161881	32438684	1856	38	0.0001612590	0.000000045684
1	32438685	34799757	1150	38	0.0002222663	0.000000047240
1	34799758	37549182	934	38	0.0000068361	0.000000041744
1	37549183	38731846	594	38	0.0001238636	0.000000034622
1	38731847	40200566	740	38	0.0001363528	0.000000043083
1	40200567	41975326	1006	38	0.0000389314	0.000000042563
1	41975327	43758456	1078	38	0.0000655186	0.000000042642
1	43758457	44969182	618	38	0.0003321095	0.000000035721
1	44969183	46899500	805	38	0.0000461704	0.000000028277
1	46899501	48002575	511	38	-0.0000606849	0.000000019398
1	48002576	48978187	554	38	0.0000699184	0.000000031145
1	48978188	49894176	457	35	0.0001174296	0.000000023345
1	49894177	51713725	482	30	0.0000046573	0.000000016846
1	51713726	54226261	967	38	0.0001507909	0.000000045417
1	54226262	56413116	1412	38	0.0000537678	0.000000042941
1	56413117	57021727	519	35	0.0000715076	0.000000022426
1	57021728	58865398	1521	38	0.0001973423	0.000000046604
1	58865399	59890408	768	38	-0.0000519758	0.000000029639
1	59890409	61922364	1197	38	0.0000977689	0.000000044064
1	61922365	63455088	942	38	0.0001360814	0.000000045041
1	63455089	65041703	1316	38	0.0001227803	0.000000044702
1	65041704	66939403	1326	38	0.0001687849	0.000000045876
1	66939404	68477894	1338	38	0.0001797567	0.000000046156
1	68477895	69687615	750	38	0.0001418347	0.000000034911
1	69687616	71372469	1100	38	0.0000503904	0.000000042855
1	71372470	71684404	174	13	0.0000804692	0.000000007753
1	71684405	74326906	1579	38	0.0003183171	0.000000047126
1	74326907	76728134	1652	38	0.0001718976	0.000000045955
1	76728135	79661197	1954	38	0.0000674543	0.000000043290
1	79661198	81354190	1194	38	0.0002128167	0.000000045716
1	81354191	83991747	2143	38	0.0000739496	0.000000043456
1	83991748	84844494	561	38	0.0001093684	0.000000023803
1	84844495	86454750	1270	38	0.0000715127	0.000000043394
1	86454751	88128630	1113	38	0.0001353492	0.000000045023
1	88128631	90066302	993	38	0.0001130429	0.000000044454
1	90066303	91886316	1031	38	0.0001793616	0.000000046146
1	91886317	93536458	1042	38	0.0002642601	0.000000043108
1	93536459	94506190	526	31	0.0001838817	0.000000021563
1	94506191	96150892	1096	38	0.0000659627	0.000000043167
1	96150893	97885248	1126	38	0.0001236177	0.000000042331
1	97885249	99800603	1264	38	0.0002635839	0.000000048295
1	99800604	100826404	652	38	0.0001422505	0.000000026133
1	100826405	102041015	872	38	0.0000490196	0.000000034995
1	102041016	102898744	671	38	0.0000936992	0.000000023902
1	102898745	103914210	594	29	0.0000452226	0.000000016150
1	103914211	106087841	1227	38	-0.0000445520	0.000000040005
1	106087842	108409664	1635	38	0.0001433880	0.000000045228
1	108409665	110303930	1034	38	0.0000576454	0.000000043040
1	110303931	111741736	950	38	0.0001370880	0.000000045067
1	111741737	113273305	1308	38	0.0002727100	0.000000048527
1	113273306	114873844	881	38	0.0000410870	0.000000042618
1	114873845	115880592	584	38	0.0000458919	0.000000026098
1	115880593	118839066	1595	38	0.0002119713	0.000000046978
1	118839067	144977493	1161	38	0.0001751049	0.000000046037
1	144977494	148361252	774	38	0.0002240098	0.000000039369
1	148361253	151538880	550	37	0.0001746222	0.000000027289
1	151538881	153180828	964	38	0.0001426812	0.000000034596
1	153180829	154770402	740	38	0.0002479112	0.000000040909
1	154770403	156336132	462	38	0.0000402589	0.000000026789
1	156336133	158027411	1132	38	0.0003491169	0.000000050477
1	158027412	159913047	1277	38	0.0001643296	0.000000045762
1	159913048	162346720	1526	38	0.0000765519	0.000000043522
1	162346721	165191701	2363	38	0.0001977533	0.000000046615
1	165191702	166460516	993	38	0.0001595223	0.000000045639
1	166460517	169086323	1921	38	0.0000639417	0.000000043201
1	169086324	170557775	1356	38	0.0000660654	0.000000040352
1	170557776	173097906	1657	38	0.0000372356	0.000000042519
1	173097907	175089767	727	38	-0.0000247910	0.000000020973
1	175089768	177433380	1506	38	0.0001983694	0.000000046631
1	177433381	178944308	897	38	0.0002904063	0.000000042077
1	178944309	178954469	2	1	-0.0000041773	0.000000000054
1	178954470	181144120	1472	38	0.0001329208	0.000000044961
1	181144121	182755355	1069	38	0.0002649942	0.000000048331
1	182755356	184595512	1270	38	0.0000005039	0.000000041582
1	184595513	186810022	870	38	0.0001127659	0.000000037212
1	186810023	188759944	1471	38	0.0000880049	0.000000043815
1	188759945	189904129	607	22	-0.0000218949	0.000000014282
1	189904130	191868929	1499	38	0.0000321810	0.000000038892
1	191868930	194107441	1312	38	0.0001137488	0.000000044472
1	194107442	196176200	1582	38	0.0001332250	0.000000044968
1	196176201	197311513	494	23	0.0000896363	0.000000017031
1	197311514	199239883	1014	38	0.0002799127	0.000000046317
1	199239884	200137648	626	38	0.0002645352	0.000000031325
1	200137649	201589974	1220	38	0.0001548370	0.000000045520
1	201589975	203334733	1014	38	0.0000597869	0.000000043095
1	203334734	204681067	800	38	0.0002886364	0.000000047992
1	204681068	206073264	1043	38	0.0000963002	0.000000044026
1	206073265	208410363	1135	38	-0.0000790017	0.000000039553
1	208410364	210787749	1684	38	0.0000619007	0.000000043149
1	210787750	212842329	1266	38	0.0003270942	0.000000049915
1	212842330	214578265	1061	38	0.0000719223	0.000000043404
1	214578266	216243633	1248	38	0.0000271752	0.000000042263
1	216243634	218705512	2278	38	0.0002128766	0.000000047001
1	218705513	219590570	626	38	0.0001007173	0.000000026076
1	219590571	221858230	1494	38	0.0000749479	0.000000043482
1	221858231	222230219	335	26	0.0000622293	0.000000018062
1	222230220	224938519	908	38	0.0000043830	0.000000039120
1	224938520	226810859	903	38	0.0001931485	0.000000046497
1	226810860	229156247	1394	38	0.0000751276	0.000000043486
1	229156248	230685254	854	38	0.0000437887	0.000000042686
1	230685255	232090251	1034	38	0.0000712436	0.000000043387
1	232090252	233429283	1092	38	0.0001864748	0.000000046327
1	233429284	234599433	1009	38	0.0000447761	0.000000042712
1	234599434	235819435	696	38	0.0001401005	0.000000041984
1	235819436	237555627	1305	38	0.0001056425	0.000000044265
1	237555628	238567806	858	38	0.0001471137	0.000000045323
1	238567807	239925313	1084	38	0.0000701005	0.000000043358
1	239925314	240564090	633	38	0.0000956478	0.000000032893
1	240564091	241582219	872	38	0.0000921970	0.000000043922
1	241582220	242071601	368	38	0.0001156966	0.000000022059
1	242071602	244109498	1085	38	0.0002927145	0.000000049038
1	244109499	245506745	864	38	0.0002973974	0.000000049157
1	245506746	247344517	1337	38	0.0000034334	0.000000041657
1	247344518	249239465	831	38	0.0001500774	0.000000042750
2	10133	1781021	1320	38	0.0000995632	0.000000044110
2	1781022	3973778	1788	38	0.0000180402	0.000000042030
2	3973779	5708336	1382	38	0.0001370262	0.000000045065
2	5708337	6836253	1248	38	0.0000753575	0.000000043492
2	6836254	8422146	1313	38	0.0003081344	0.000000049431
2	8422147	10298468	1284	38	0.0001482980	0.000000045353
2	10298469	12419149	1806	38	0.0001421151	0.000000045195
2	12419150	14335307	1551	38	0.0000533816	0.000000042931
2	14335308	16329734	1728	38	0.0002091634	0.000000046906
2	16329735	18647422	1823	38	0.0001303493	0.000000044895
2	18647423	19692403	793	38	0.0002262617	0.000000039511
2	19692404	21050489	1255	38	-0.0000366233	0.000000040635
2	21050490	23341382	1343	38	0.0002447057	0.000000047813
2	23341383	24686917	847	38	0.0001502832	0.000000039439
2	24686918	26894984	1035	38	-0.0000570021	0.000000040115
2	26894985	28598776	711	38	0.0000317545	0.000000030762
2	28598777	29217558	453	37	0.0001383339	0.000000026366
2	29217559	30463710	1170	38	0.0003682688	0.000000050966
2	30463711	31550449	1128	38	0.0000273378	0.000000042267
2	31550450	33363776	800	38	0.0000589117	0.000000043072
2	33363777	35345027	1720	38	0.0001106007	0.000000044391
2	35345028	36122005	839	38	0.0000793546	0.000000031722
2	36122006	38132711	1844	38	0.0000995452	0.000000044109
2	38132712	39031336	609	38	0.0000430999	0.000000037301
2	39031337	40281482	614	38	-0.0000416440	0.000000030323
2	40281483	43309589	2767	38	0.0002148149	0.000000047050
2	43309590	44313802	823	38	0.0000844715	0.000000043211
2	44313803	46482633	1924	38	0.0000951069	0.000000043996
2	46482634	47318771	769	38	0.0001534946	0.000000045400
2	47318772	48213000	490	38	0.0000871724	0.000000036136
2	48213001	50022256	1500	38	0.0001514210	0.000000045433
2	50022257	50818927	811	38	0.0001526402	0.000000034934
2	50818928	52491132	1641	38	0.0005613002	0.000000055891
2	52491133	53508451	1096	38	0.0001081520	0.000000043730
2	53508452	54685225	857	38	0.0000842909	0.000000043720
2	54685226	56203344	1206	38	0.0001428898	0.000000045215
2	56203345	57429099	956	38	0.0003602592	0.000000047087
2	57429100	58297314	651	38	0.0000842256	0.000000027991
2	58297315	60291999	1310	38	0.0000733193	0.000000043440
2	60292000	62429043	1028	38	0.0003331057	0.000000050068
2	62429044	64625912	1110	38	0.0001900173	0.000000046418
2	64625913	65933443	874	38	0.0002408956	0.000000047716
2	65933444	67226165	1138	38	0.0001484080	0.000000045356
2	67226166	68010175	925	38	0.0001095001	0.000000038993
2	68010176	69139563	1013	38	0.0001924789	0.000000045197
2	69139564	70755197	960	38	0.0000265956	0.000000042248
2	70755198	73174847	1757	38	0.0000339921	0.000000042437
2	73174848	75630085	1415	38	0.0000448770	0.000000042714
2	75630086	76913660	1068	38	0.0001406807	0.000000045159
2	76913661	78079263	887	38	0.0000795776	0.000000043600
2	78079264	80050402	1991	38	0.0000096913	0.000000041816
2	80050403	81620840	1117	38	0.0000530576	0.000000042923
2	81620841	85140679	2379	38	0.0001857809	0.000000046309
2	85140680	88038506	1180	38	0.0000770552	0.000000043535
2	88038507	89154525	437	38	0.0001377068	0.000000022867
2	89154526	95326451	9	3	0.0000006397	0.000000000738
2	95326452	98995200	841	38	0.0002871138	0.000000044456
2	98995201	101822328	1886	38	0.0004210084	0.000000052311
2	101822329	102688764	598	38	0.0001649725	0.000000026877
2	102688765	103588214	949	38	0.0000276627	0.000000027304
2	103588215	105125033	775	38	0.0001509483	0.000000032536
2	105125034	106210057	835	38	0.0001757610	0.000000039918
2	106210058	107408266	933	38	0.0001749953	0.000000043898
2	107408267	108429176	897	38	0.0001766725	0.000000030928
2	108429177	110572431	1117	38	0.0002285991	0.000000047402
2	110572432	113921855	1376	38	0.0000458955	0.000000042740
2	113921856	116772469	1647	38	0.0001755136	0.000000046047
2	116772470	118367465	1006	38	0.0000021611	0.000000029420
2	118367466	121303782	2002	38	0.0002287148	0.000000047405
2	121303783	123302905	1195	38	0.0000594827	0.000000043087
2	123302906	124732249	1168	38	-0.0000088891	0.000000031663
2	124732250	125840920	875	38	0.0000535226	0.000000034772
2	125840921	127373763	1060	38	0.0000610513	0.000000030416
2	127373764	128034346	591	38	0.0001225324	0.000000030137
2	128034347	129474440	822	38	0.0001079010	0.000000037426
2	129474441	130067169	455	35	0.0000902975	0.000000019433
2	130067170	130658084	449	32	0.0002328528	0.000000023384
2	130658085	133042783	451	38	0.0001900448	0.000000027515
2	133042784	135158577	1707	38	0.0001059504	0.000000044273
2	135158578	137042793	840	38	0.0000879210	0.000000033117
2	137042794	138698116	1209	38	0.0001636041	0.000000045658
2	138698117	140100270	1000	38	0.0001668665	0.000000034370
2	140100271	141805350	1377	38	0.0001975113	0.000000046609
2	141805351	142518601	706	38	0.0003463644	0.000000035665
2	142518602	144519483	1467	38	0.0001831303	0.000000046242
2	144519484	146445569	858	38	0.0000533101	0.000000038070
2	146445570	147277161	375	24	-0.0000045805	0.000000014229
2	147277162	150210291	1466	38	0.0000164792	0.000000041990
2	150210292	151731461	1026	38	0.0001031810	0.000000043176
2	151731462	152486781	574	38	0.0000414405	0.000000022906
2	152486782	154005055	1007	38	0.0000717893	0.000000040924
2	154005056	155391134	1129	38	0.0001561892	0.000000045554
2	155391135	157560634	1205	38	0.0001130834	0.000000044455
2	157560635	158533217	342	33	0.0001304492	0.000000020948
2	158533218	159577081	694	38	0.0001257685	0.000000031979
2	159577082	161769732	1358	38	0.0002299371	0.000000047436
2	161769733	163503550	698	38	0.0005496846	0.000000039330
2	163503551	164466637	512	37	0.0001632039	0.000000023928
2	164466638	165178839	409	29	-0.0000540342	0.000000016592
2	165178840	167160269	1344	38	0.0000961474	0.000000044022
2	167160270	167355969	170	13	0.0000370104	0.000000007542
2	167355970	169968235	1603	38	0.0000338627	0.000000042433
2	169968236	171226244	951	38	0.0002233044	0.000000045813
2	171226245	173138904	993	38	0.0001108622	0.000000044398
2	173138905	175588928	1592	38	0.0001591891	0.000000045631
2	175588929	177363635	973	38	0.0000470297	0.000000042769
2	177363636	178553182	1029	38	0.0001037085	0.000000039015
2	178553183	181312738	2164	38	0.0002035664	0.000000046763
2	181312739	182266030	687	38	0.0002406419	0.000000030134
2	182266031	184357607	1274	38	-0.0000182528	0.000000041103
2	184357608	185280172	606	36	0.0000202773	0.000000020710
2	185280173	189882064	2460	38	0.0002818628	0.000000048761
2	189882065	191973356	1044	38	0.0002459850	0.000000042982
2	191973357	195861163	1663	38	0.0001944470	0.000000046531
2	195861164	196447455	329	24	0.0000631526	0.000000014310
2	196447456	198078109	859	38	0.0000245840	0.000000029152
2	198078110	199311124	595	32	0.0001225264	0.000000022812
2	199311125	201576283	1228	38	0.0002982507	0.000000049179
2	201576284	202818636	504	38	0.0001777899	0.000000029787
2	202818637	205799240	1323	38	0.0000649762	0.000000043227
2	205799241	206735703	638	38	0.0002388477	0.000000045099
2	206735704	208645398	1163	38	0.0000865940	0.000000043779
2	208645399	209941528	711	38	0.0000944116	0.000000032609
2	209941529	212379517	1663	38	0.0000332227	0.000000042417
2	212379518	214014281	1421	38	0.0001214607	0.000000044668
2	214014282	215573794	1034	38	0.0001357513	0.000000041874
2	215573795	217715660	1445	38	0.0000129840	0.000000041901
2	217715661	218395479	502	38	0.0000699123	0.000000027627
2	218395480	220454550	883	38	0.0002386857	0.000000047146
2	220454551	222521175	1782	38	0.0002414067	0.000000047729
2	222521176	224859418	1619	38	0.0001186689	0.000000044597
2	224859419	225840003	723	38	0.0002242253	0.000000032222
2	225840004	228119841	1542	38	0.0001783628	0.000000046120
2	228119842	229370786	902	38	0.0001308300	0.000000038095
2	229370787	231843388	1809	38	0.0000425148	0.000000042654
2	231843389	233550002	766	38	0.0002181327	0.000000046023
2	233550003	235150986	1417	38	0.0000848563	0.000000043734
2	235150987	236043549	698	38	0.0000328987	0.000000041896
2	236043550	237449031	856	38	0.0003513366	0.000000050534
2	237449032	238760980	1039	38	0.0000386825	0.000000042556
2	238760981	239952642	787	38	0.0001607151	0.000000041829
2	239952643	241560083	1138	38	0.0001959486	0.000000046569
2	241560084	242149920	362	35	0.0000179533	0.000000019246
2	242149921	243188919	200	16	0.0001586899	0.000000013714
3	60157	1441778	1206	38	0.0001212983	0.000000044664
3	1441779	2992119	1625	38	0.0001124725	0.000000044439
3	2992120	4431646	1471	38	0.0000476907	0.000000042786
3	4431647	6083182	1402	38	-0.0000601225	0.000000040035
3	6083183	7083386	875	38	-0.0000265882	0.000000040891
3	7083387	8648560	1707	38	0.0003672371	0.000000050939
3	8648561	9543182	760	38	0.0000796584	0.000000043602
3	9543183	11019664	921	38	0.0000683130	0.000000043312
3	11019665	13070798	1269	38	0.0001392549	0.000000045122
3	13070799	14816899	1374	38	0.0001421768	0.000000045197
3	14816900	16282441	978	38	0.0000605694	0.000000043115
3	16282442	17891117	1021	38	0.0003329207	0.000000050064
3	17891118	19125143	737	38	0.0000491339	0.000000030029
3	19125144	20091347	328	29	0.0000528004	0.000000018646
3	20091348	21643706	1297	38	0.0003428977	0.000000050318
3	21643707	22204243	863	38	0.0000959408	0.000000042649
3	22204244	23804864	1121	38	0.0000780949	0.000000043562
3	23804865	25461557	1395	38	0.0002162671	0.000000047087
3	25461558	26877768	957	38	0.0002123907	0.000000046133
3	26877769	27840909	640	38	0.0000253838	0.000000027163
3	27840910	29142259	919	38	0.0002280269	0.000000047387
3	29142260	30717954	1328	38	0.0002995857	0.000000049213
3	30717955	32351714	1224	38	0.0001086129	0.000000044340
3	32351715	33255591	453	38	0.0000380741	0.000000029160
3	33255592	35283457	1215	38	0.0000932611	0.000000043863
3	35283458	36486841	869	38	0.0002016588	0.000000040578
3	36486842	38356115	1033	38	0.0001464109	0.000000045305
3	38356116	40221297	1270	38	-0.0000074876	0.000000041378
3	40221298	41064527	297	20	-0.0000193776	0.000000012789
3	41064528	42540001	961	38	0.0001795943	0.000000043332
3	42540002	45165152	1257	38	0.0001522723	0.000000045454
3	45165153	46657499	997	38	0.0000735469	0.000000043446
3	46657500	47727211	304	21	0.0000373085	0.000000013818
3	47727212	49316971	357	17	0.0002441241	0.000000017104
3	49316972	51832014	657	27	0.0002266978	0.000000023310
3	51832015	54081389	996	38	0.0000842125	0.000000043718
3	54081390	55348859	1111	38	0.0000336800	0.000000042429
3	55348860	56433906	712	38	0.0001713930	0.000000037690
3	56433907	58157518	952	38	0.0001387758	0.000000045110
3	58157519	60272905	1759	38	0.0001237043	0.000000044726
3	60272906	62355665	1757	38	0.0001751913	0.000000046039
3	62355666	63669285	1240	38	0.0001249644	0.000000044758
3	63669286	65273537	1318	38	0.0000127599	0.000000041895
3	65273538	66270446	578	38	0.0000388389	0.000000039147
3	66270447	68286913	1331	38	0.0000169513	0.000000042002
3	68286914	69276761	688	38	0.0000747736	0.000000038193
3	69276762	70449027	830	38	0.0002014537	0.000000044487
3	70449028	72529328	1388	38	0.0001985917	0.000000046636
3	72529329	74321816	1437	38	-0.0000006217	0.000000041553
3	74321817	75704948	566	38	0.0000932795	0.000000026303
3	75704949	77508834	1102	38	0.0000748756	0.000000043480
3	77508835	79024540	896	38	0.0001589836	0.000000041189
3	79024541	81427309	1277	38	0.0001472899	0.000000039193
3	81427310	82643885	708	38	0.0001271867	0.000000024754
3	82643886	84367478	845	38	0.0000870931	0.000000029653
3	84367479	85582230	627	33	0.0001464904	0.000000025244
3	85582231	87409731	1255	38	0.0001692942	0.000000037637
3	87409732	88298372	501	26	0.0000901185	0.000000015568
3	88298373	94255315	1200	38	0.0000202688	0.000000037313
3	94255316	95311970	755	26	0.0000820227	0.000000020791
3	95311971	98215949	1527	38	0.0000632443	0.000000043183
3	98215950	99373761	791	38	0.0003112283	0.000000033850
3	99373762	100592216	602	36	0.0001231060	0.000000025730
3	100592217	103084959	1423	38	0.0002908059	0.000000048989
3	103084960	104581612	1152	38	0.0001941191	0.000000037677
3	104581613	106982810	1586	38	0.0001298386	0.000000044882
3	106982811	109522394	1703	38	0.0001264528	0.000000044796
3	109522395	110513769	685	34	0.0001016315	0.000000021206
3	110513770	112815698	1487	38	0.0000039506	0.000000041670
3	112815699	113947862	664	38	0.0001574741	0.000000031696
3	113947863	115447079	758	38	0.0002017494	0.000000042960
3	115447080	116800152	1036	38	0.0000450976	0.000000042207
3	116800153	118530250	1307	38	0.0002257447	0.000000047329
3	118530251	120523054	1159	38	0.0000469684	0.000000042768
3	120523055	121974096	776	38	0.0000317713	0.000000022992
3	121974097	123517767	941	38	-0.0000402968	0.000000038662
3	123517768	124936641	1154	38	0.0000206874	0.000000042097
3	124936642	126214942	903	38	0.0000871890	0.000000036644
3	126214943	128194860	1231	38	0.0000651334	0.000000043231
3	128194861	130244734	759	38	0.0002216774	0.000000037619
3	130244735	131836515	1121	38	0.0003040166	0.000000044887
3	131836516	133252172	1050	38	0.0000002624	0.000000036718
3	133252173	135456905	1611	38	0.0000669362	0.000000043277
3	135456906	137371082	852	38	0.0002396684	0.000000035467
3	137371083	139954596	1595	38	0.0001240613	0.000000044735
3	139954597	141339096	831	38	0.0001628639	0.000000044442
3	141339097	143164627	1074	38	0.0000642200	0.000000043208
3	143164628	144410815	805	38	-0.0000181734	0.000000031763
3	144410816	145664618	1039	38	0.0002250138	0.000000037536
3	145664619	146726628	860	38	0.0000671244	0.000000031158
3	146726629	149043236	1373	38	-0.0000012037	0.000000041539
3	149043237	150252003	804	38	0.0000774417	0.000000041921
3	150252004	151348729	641	38	0.0001637653	0.000000037158
3	151348730	153256570	1259	38	0.0002769953	0.000000048637
3	153256571	154714217	961	38	0.0000639559	0.000000029903
3	154714218	156008699	681	38	0.0002066954	0.000000035132
3	156008700	157312027	907	38	0.0000706104	0.000000034616
3	157312028	159477889	1411	38	0.0000789981	0.000000043585
3	159477890	161524503	1243	38	0.0002188509	0.000000042971
3	161524504	163253204	1580	38	-0.0000641429	0.000000032619
3	163253205	165055468	1167	38	0.0000313293	0.000000028821
3	165055469	167117428	1168	38	0.0000314860	0.000000035056
3	167117429	168580959	747	38	0.0001022422	0.000000030709
3	168580960	170964908	1380	38	0.0001470931	0.000000045322
3	170964909	172295730	874	38	0.0000152286	0.000000041958
3	172295731	173477284	729	38	0.0000259101	0.000000038817
3	173477285	175116538	1298	38	0.0002423288	0.000000047752
3	175116539	176320286	805	38	-0.0000241219	0.000000028164
3	176320287	178107164	1083	38	-0.0000477476	0.000000040351
3	178107165	179374585	784	38	0.0001571567	0.000000036736
3	179374586	181511165	918	38	0.0000533281	0.000000039687
3	181511166	183769682	1177	38	-0.0000161233	0.000000041158
3	183769683	185068254	716	38	0.0002551278	0.000000045344
3	185068255	186890343	967	38	0.0002286857	0.000000047404
3	186890344	188856213	1438	38	0.0000802324	0.000000043616
3	188856214	190226606	1358	38	0.0000136714	0.000000041918
3	190226607	192343813	1540	38	0.0001018237	0.000000044167
3	192343814	194059670	680	38	0.0000694521	0.000000042486
3	194059671	194786673	365	38	-0.0000237786	0.000000023826
3	194786674	195971407	320	38	0.0002230588	0.000000026776
3	195971408	197075986	374	38	0.0003357312	0.000000031219
3	197075987	197946621	329	35	-0.0000293321	0.000000016972
4	10240	694714	180	15	0.0000334194	0.000000010618
4	694715	1478710	413	30	0.0001330239	0.000000022913
4	1478711	2842978	448	38	0.0001366998	0.000000029159
4	2842979	3846039	446	38	0.0001600377	0.000000032096
4	3846040	4684115	402	38	0.0000940607	0.000000027073
4	4684116	5502387	675	38	0.0000753562	0.000000043492
4	5502388	6773042	1026	38	0.0000153610	0.000000041961
4	6773043	7539691	628	38	0.0000584563	0.000000043061
4	7539692	8152234	539	38	0.0001293518	0.000000040689
4	8152235	9326478	432	38	0.0000074819	0.000000026540
4	9326479	10699151	1137	38	0.0000403574	0.000000040805
4	10699152	12323033	1366	38	0.0001720172	0.000000045958
4	12323034	14272000	1612	38	0.0001979220	0.000000046619
4	14272001	15147445	712	38	0.0000950956	0.000000036423
4	15147446	15927008	491	38	0.0002480320	0.000000030906
4	15927009	17383321	1216	38	0.0002630675	0.000000048281
4	17383322	18841873	928	38	0.0002654357	0.000000044840
4	18841874	20544556	1112	38	0.0001098830	0.000000038494
4	20544557	22319346	1416	38	0.0000659312	0.000000043251
4	22319347	24135528	1253	38	0.0001789824	0.000000046136
4	24135529	25609321	1054	38	0.0000703451	0.000000043364
4	25609322	27343721	985	38	0.0000447525	0.000000042711
4	27343722	27965867	470	38	-0.0000324770	0.000000019784
4	27965868	29762207	1377	38	0.0000807165	0.000000043629
4	29762208	30454534	374	32	0.0001342955	0.000000018576
4	30454535	31782980	913	38	0.0001748597	0.000000043723
4	31782981	33172765	806	38	0.0002519606	0.000000036621
4	33172766	35151414	925	38	0.0000714889	0.000000025083
4	35151415	36020435	770	38	0.0002083021	0.000000028728
4	36020436	37255046	1050	38	0.0001015325	0.000000036502
4	37255047	38907021	1370	38	0.0000656982	0.000000043246
4	38907022	40202608	678	38	0.0000901089	0.000000033678
4	40202609	42213057	1245	38	0.0000091418	0.000000041802
4	42213058	43965044	1162	38	0.0000644751	0.000000043129
4	43965045	45189156	897	38	0.0002076943	0.000000032722
4	45189157	47411895	1113	38	0.0003691989	0.000000046549
4	47411896	48123599	468	32	0.0000107117	0.000000017083
4	48123600	53877432	896	38	0.0001045404	0.000000036410
4	53877433	55429555	995	38	0.0000405556	0.000000042604
4	55429556	56547643	721	38	0.0000484291	0.000000032954
4	56547644	58935007	1572	38	0.0000699979	0.000000043355
4	58935008	60741086	1203	38	0.0001737584	0.000000045404
4	60741087	62371762	1046	38	0.0004542951	0.000000047782
4	62371763	64341000	1066	38	0.0001862550	0.000000044612
4	64341001	66600491	1260	38	0.0001504806	0.000000044639
4	66600492	68059496	888	38	0.0002991020	0.000000039254
4	68059497	68854764	515	38	0.0000723296	0.000000020875
4	68854765	71049151	1176	38	0.0001702944	0.000000038508
4	71049152	72140557	485	31	0.0000309378	0.000000016527
4	72140558	74592389	1016	38	0.0000899820	0.000000038581
4	74592390	77130706	1472	38	0.0000825837	0.000000043676
4	77130707	79093978	1308	38	0.0001650370	0.000000045780
4	79093979	80990296	1178	38	0.0000844732	0.000000041077
4	80990297	82125314	494	37	0.0002429853	0.000000025376
4	82125315	83372592	726	38	-0.0000263853	0.000000029534
4	83372593	84799655	889	38	0.0001643251	0.000000042091
4	84799656	86930608	1233	38	0.0001007813	0.000000044141
4	86930609	87534647	278	21	0.0000310290	0.000000010639
4	87534648	89238027	1078	38	0.0001117711	0.000000044421
4	89238028	90231563	593	38	0.0000213852	0.000000027730
4	90231564	91560676	773	38	0.0001605900	0.000000033538
4	91560677	94233298	1207	38	0.0000344736	0.000000042449
4	94233299	96182187	1268	38	0.0001180028	0.000000044580
4	96182188	97540702	1134	38	0.0001509838	0.000000045422
4	97540703	99424066	1009	38	-0.0000605394	0.000000026399
4	99424067	100678359	786	38	0.0001197610	0.000000035530
4	100678360	103221355	1626	38	-0.0000039447	0.000000041469
4	103221356	105305293	1068	38	0.0001143033	0.000000038607
4	105305294	107501304	1154	38	0.0005416736	0.000000055390
4	107501305	108815347	753	38	0.0000463760	0.000000028533
4	108815348	111256566	1461	38	-0.0000262595	0.000000040899
4	111256567	113870101	1417	38	-0.0000156772	0.000000041169
4	113870102	115666245	1106	38	0.0001506083	0.000000045412
4	115666246	117276928	884	38	0.0000988331	0.000000026111
4	117276929	118479917	1021	38	0.0001430252	0.000000034857
4	118479918	119933511	1084	38	0.0001326546	0.000000035690
4	119933512	120392683	304	19	0.0000564321	0.000000011527
4	120392684	122657986	1559	38	0.0001633282	0.000000045737
4	122657987	124286480	865	38	0.0000631346	0.000000028792
4	124286481	125210861	509	38	0.0002528459	0.000000029778
4	125210862	126480885	841	38	0.0001742303	0.000000037509
4	126480886	127275476	562	38	0.0001327442	0.000000025144
4	127275477	127830292	416	33	0.0000040541	0.000000017243
4	127830293	128996664	445	21	0.0001166239	0.000000018785
4	128996665	130591884	909	38	0.0001147780	0.000000040998
4	130591885	131283820	451	31	0.0001229982	0.000000021419
4	131283821	132954032	914	38	0.0002245705	0.000000039468
4	132954033	134628433	1104	38	0.0001684125	0.000000036432
4	134628434	136566406	1152	38	0.0001942886	0.000000040815
4	136566407	138541970	1245	38	0.0000809256	0.000000043634
4	138541971	139556510	716	38	0.0002162723	0.000000037566
4	139556511	141084630	807	38	0.0002654300	0.000000048342
4	141084631	143443264	1477	38	0.0000267647	0.000000042252
4	143443265	146178186	1169	38	0.0001338828	0.000000041485
4	146178187	148521872	1185	38	0.0001126453	0.000000044443
4	148521873	150683579	1116	38	0.0001707606	0.000000045926
4	150683580	152782183	912	38	0.0000448061	0.000000032019
4	152782184	154477640	827	38	0.0001673703	0.000000045840
4	154477641	155056125	387	35	0.0000591357	0.000000020705
4	155056126	157485096	1625	38	0.0000327593	0.000000042405
4	157485097	158743717	661	38	-0.0000862328	0.000000025243
4	158743718	161058863	1087	38	0.0002687218	0.000000045691
4	161058864	161826434	599	38	0.0000256251	0.000000026918
4	161826435	163243678	1043	38	0.0000933659	0.000000041219
4	163243679	164478233	742	38	0.0002002806	0.000000035221
4	164478234	165823447	936	38	0.0000416806	0.000000042120
4	165823448	167018857	711	38	0.0001009345	0.000000039624
4	167018858	167852916	493	33	-0.0000428179	0.000000016464
4	167852917	169676824	1188	38	0.0001236098	0.000000044723
4	169676825	170776509	516	38	0.0000952644	0.000000025604
4	170776510	172558634	1030	38	0.0002630856	0.000000044439
4	172558635	174264131	904	38	0.0000440441	0.000000035291
4	174264132	176570715	1313	38	0.0000334439	0.000000042423
4	176570716	178991909	1701	38	0.0002166786	0.000000047098
4	178991910	180122042	736	38	0.0000458667	0.000000034492
4	180122043	182066806	1654	38	0.0001575301	0.000000045589
4	182066807	183371274	1291	38	0.0000478718	0.000000042791
4	183371275	184929454	941	38	0.0000758324	0.000000043504
4	184929455	186909089	1388	38	0.0001861124	0.000000046318
4	186909090	188472980	1078	38	-0.0000064388	0.000000041405
4	188472981	189693510	763	38	0.0000729966	0.000000043432
4	189693511	191043593	576	38	-0.0000402732	0.000000029516
5	11940	982251	409	32	0.0000426293	0.000000021444
5	982252	2132441	824	38	0.0000107134	0.000000041843
5	2132442	3361940	1578	38	0.0000134695	0.000000041913
5	3361941	4632109	1072	38	0.0001081537	0.000000044329
5	4632110	5973232	1436	38	0.0000268466	0.000000042254
5	5973233	7143217	1132	38	0.0000822161	0.000000043667
5	7143218	8446335	1222	38	0.0001883471	0.000000046375
5	8446336	9718831	1258	38	0.0000127526	0.000000041895
5	9718832	11173270	1348	38	-0.0000180732	0.000000041108
5	11173271	13464831	1160	38	0.0002734270	0.000000048546
5	13464832	14757803	1100	38	0.0001835161	0.000000046252
5	14757804	16963612	1374	38	0.0002577584	0.000000048146
5	16963613	18051591	539	38	0.0001019418	0.000000031373
5	18051592	19917715	1302	38	0.0001371867	0.000000045070
5	19917716	22152072	1065	38	-0.0000063341	0.000000035871
5	22152073	23494323	922	38	0.0000938699	0.000000035546
5	23494324	26184850	1792	38	0.0001789509	0.000000046135
5	26184851	26857603	418	32	0.0000539510	0.000000017605
5	26857604	27984512	578	38	0.0001990054	0.000000028408
5	27984513	29714819	1193	38	0.0000649748	0.000000039388
5	29714820	31390248	1376	38	0.0003776714	0.000000051206
5	31390249	33500179	1337	38	0.0000117776	0.000000041870
5	33500180	35048969	989	38	-0.0000160964	0.000000041159
5	35048970	36433953	1004	38	0.0000708126	0.000000039877
5	36433954	38802409	1473	38	0.0001033714	0.000000044207
5	38802410	40287728	1136	38	0.0000476934	0.000000039032
5	40287729	41888709	1250	38	0.0001960367	0.000000039249
5	41888710	43983498	915	38	-0.0000157960	0.000000027873
5	43983499	50163397	971	38	0.0002097457	0.000000033194
5	50163398	52134621	1350	38	0.0000619807	0.000000043065
5	52134622	53703043	1295	38	0.0000705822	0.000000043370
5	53703044	55417348	1135	38	0.0000111149	0.000000041853
5	55417349	56621101	949	38	0.0002353221	0.000000047574
5	56621102	57340072	585	38	0.0000953331	0.000000024442
5	57340073	58524621	1153	38	0.0000733554	0.000000043441
5	58524622	60935906	1439	38	0.0003341501	0.000000050095
5	60935907	61672994	527	34	0.0001379495	0.000000023535
5	61672995	63218986	1046	38	0.0001418043	0.000000037275
5	63218987	63968303	356	26	0.0000560686	0.000000015359
5	63968304	65911285	1228	38	0.0000429404	0.000000042665
5	65911286	67850859	1482	38	0.0002878541	0.000000048914
5	67850860	71240455	861	38	0.0002869029	0.000000043770
5	71240456	73759325	1782	38	0.0000722095	0.000000043412
5	73759326	75798865	1283	38	0.0002671137	0.000000048385
5	75798866	77623331	1308	38	0.0000111253	0.000000041853
5	77623332	79393143	1146	38	0.0000434257	0.000000042677
5	79393144	80481470	855	38	0.0001554621	0.000000044937
5	80481471	82025647	891	38	0.0000371090	0.000000042431
5	82025648	83972688	1016	38	-0.0000090274	0.000000041253
5	83972689	85767289	1395	38	0.0001186535	0.000000044511
5	85767290	87389990	629	38	0.0000505629	0.000000027553
5	87389991	88891529	586	38	0.0004214404	0.000000033565
5	88891530	90422653	859	38	0.0001175571	0.000000037334
5	90422654	91840541	646	38	0.0003045789	0.000000032761
5	91840542	93809983	785	38	0.0003211557	0.000000040998
5	93809984	95963518	1310	38	0.0002430780	0.000000047771
5	95963519	97315600	919	38	0.0001004162	0.000000032006
5	97315601	99260991	1134	38	0.0001170454	0.000000042590
5	99260992	101578768	1315	38	0.0000921222	0.000000043920
5	101578769	103320004	1065	38	0.0002232231	0.000000045640
5	103320005	104851482	1033	38	0.0002570971	0.000000041907
5	104851483	105893054	399	28	0.0002421044	0.000000027177
5	105893055	107264195	1156	38	0.0001995890	0.000000046662
5	107264196	108633933	897	38	0.0002710686	0.000000042772
5	108633934	110821143	1470	38	0.0001931977	0.000000046499
5	110821144	111981561	860	38	0.0000902159	0.000000042333
5	111981562	113396284	1170	38	0.0003200635	0.000000049736
5	113396285	114830369	1100	38	0.0002495711	0.000000047937
5	114830370	115831046	882	38	0.0001972191	0.000000042760
5	115831047	117346212	1314	38	0.0001292587	0.000000044867
5	117346213	118608819	804	38	0.0001619896	0.000000044163
5	118608820	119669041	713	38	0.0000728811	0.000000034589
5	119669042	120452165	566	36	0.0002138008	0.000000029284
5	120452166	122556904	1397	38	0.0000618839	0.000000043148
5	122556905	123798099	988	38	0.0001063969	0.000000044284
5	123798100	125785648	1836	38	0.0001475325	0.000000045334
5	125785649	127344603	802	38	0.0001785696	0.000000039990
5	127344604	129519024	1546	38	0.0000409323	0.000000042614
5	129519025	132139648	1127	38	0.0002715605	0.000000041173
5	132139649	134777400	1518	38	0.0001464456	0.000000045306
5	134777401	136376049	1208	38	0.0001294872	0.000000044873
5	136376050	139265071	1220	38	0.0000876462	0.000000043806
5	139265072	140645970	587	38	-0.0000532921	0.000000020747
5	140645971	142981247	1499	38	0.0000649098	0.000000043225
5	142981248	144943353	1432	38	0.0002400052	0.000000047693
5	144943354	147181997	1482	38	0.0001363266	0.000000045048
5	147181998	148662623	1151	38	0.0002083619	0.000000046886
5	148662624	150561297	1434	38	0.0000341874	0.000000042442
5	150561298	152867773	1809	38	0.0001518805	0.000000045359
5	152867774	153773087	950	38	0.0000974956	0.000000032604
5	153773088	155373504	1180	38	0.0001051144	0.000000044251
5	155373505	156628699	763	38	0.0000073770	0.000000030477
5	156628700	158825697	1762	38	0.0001454580	0.000000045281
5	158825698	159973943	702	38	0.0000387722	0.000000038975
5	159973944	161482132	1096	38	0.0002986114	0.000000046282
5	161482133	162743907	870	38	0.0000666093	0.000000036205
5	162743908	163771581	835	38	0.0000763780	0.000000037640
5	163771582	165642394	1188	38	0.0001472591	0.000000045327
5	165642395	166847739	872	38	0.0001257933	0.000000044779
5	166847740	168525317	1282	38	0.0001052172	0.000000044254
5	168525318	169505663	857	38	0.0001166183	0.000000044545
5	169505664	171074291	1191	38	0.0001134158	0.000000044463
5	171074292	172678326	1123	38	0.0000649700	0.000000043227
5	172678327	173642870	924	38	0.0001028739	0.000000044194
5	173642871	175450594	1449	38	0.0001548130	0.000000045519
5	175450595	177251506	517	38	0.0002362940	0.000000033702
5	177251507	178413463	781	38	0.0001928647	0.000000046490
5	178413464	179401243	592	38	0.0001572351	0.000000040295
5	179401244	180559932	568	38	0.0001151953	0.000000035245
5	180559933	180885155	79	12	0.0000196908	0.000000006051
6	73924	1452361	1242	38	0.0000252213	0.000000042213
6	1452362	2458935	793	38	0.0002347236	0.000000046190
6	2458936	3573592	993	38	0.0002372882	0.000000047624
6	3573593	4617816	1079	38	0.0000043049	0.000000041679
6	4617817	5791471	1094	38	0.0000657113	0.000000043246
6	5791472	6785206	1053	38	0.0001609704	0.000000045676
6	6785207	7808935	920	38	0.0001191379	0.000000044609
6	7808936	9020025	1206	38	0.0001299515	0.000000044885
6	9020026	10540316	1308	38	0.0000696376	0.000000043346
6	10540317	11790815	1008	38	0.0000775764	0.000000043549
6	11790816	13209387	1210	38	0.0001222590	0.000000044689
6	13209388	14802923	1292	38	0.0001676251	0.000000045846
6	14802924	17386404	1879	38	0.0002206491	0.000000047199
6	17386405	19207486	1429	38	0.0001817803	0.000000046207
6	19207487	21684064	2082	38	0.0001161002	0.000000044532
6	21684065	22748306	1077	38	0.0000045510	0.000000041685
6	22748307	23936618	1138	38	0.0000975173	0.000000044057
6	23936619	24852274	741	38	-0.0000273523	0.000000040700
6	24852275	25684586	922	38	0.0000286547	0.000000038972
6	25684587	26791232	875	38	0.0003831695	0.000000036266
6	26791233	28017818	541	27	0.0001618375	0.000000022240
6	28017819	28917607	573	26	0.0000246137	0.000000014724
6	28917608	29737970	879	38	0.0000353096	0.000000024496
6	29737971	30798167	1755	38	0.0000784447	0.000000038711
6	30798168	31571217	1583	38	0.0002851573	0.000000045683
6	31571218	32682663	1143	38	0.0002982848	0.000000044741
6	32682664	33236496	1162	38	0.0001008775	0.000000038434
6	33236497	35455755	1295	38	0.0001841324	0.000000046267
6	35455756	37572595	1404	38	0.0001642513	0.000000045760
6	37572596	39295676	1522	38	0.0001054596	0.000000044260
6	39295677	40345114	806	38	0.0002151466	0.000000039651
6	40345115	42038720	1298	38	0.0001399708	0.000000045141
6	42038721	43756168	690	38	0.0002133233	0.000000041725
6	43756169	45406562	1136	38	-0.0000130176	0.000000041237
6	45406563	47311897	1494	38	-0.0000910816	0.000000039245
6	47311898	48391124	894	38	0.0000550228	0.000000027666
6	48391125	50386144	1439	38	0.0002215498	0.000000038968
6	50386145	52210475	1365	38	0.0002425918	0.000000047759
6	52210476	53279101	812	38	0.0001635831	0.000000039778
6	53279102	55468269	2023	38	0.0000717038	0.000000043399
6	55468270	56105312	645	29	-0.0000108864	0.000000015218
6	56105313	57599464	779	38	0.0002728661	0.000000037574
6	57599465	61880511	375	14	-0.0000088680	0.000000009708
6	61880512	63552887	1063	31	-0.0000375868	0.000000022060
6	63552888	65765741	1224	38	0.0000580019	0.000000036917
6	65765742	67329214	1611	38	0.0001298752	0.000000044626
6	67329215	68849482	1347	38	0.0001897826	0.000000043507
6	68849483	69523447	585	37	0.0001775013	0.000000023216
6	69523448	71609509	1708	38	0.0000493419	0.000000042828
6	71609510	73450096	1506	38	-0.0000478422	0.000000040349
6	73450097	75462002	1240	38	0.0000798791	0.000000043607
6	75462003	77414880	1031	38	-0.0000302693	0.000000032553
6	77414881	78957727	1357	38	0.0001125722	0.000000033829
6	78957728	80691169	1328	38	0.0000508711	0.000000042867
6	80691170	81929221	1061	38	0.0001691634	0.000000026402
6	81929222	83127148	846	38	0.0001182846	0.000000034312
6	83127149	85209988	1189	38	0.0000580772	0.000000042538
6	85209989	87069499	1397	38	0.0000480834	0.000000038702
6	87069500	88822139	1194	38	0.0001143547	0.000000042436
6	88822140	89973051	886	38	0.0001993824	0.000000044178
6	89973052	91843195	1464	38	0.0000535142	0.000000042935
6	91843196	93428643	1276	38	0.0001165784	0.000000044544
6	93428644	94118141	701	38	0.0002285350	0.000000031412
6	94118142	94441174	208	11	0.0000918692	0.000000008366
6	94441175	97093510	1919	38	0.0001171031	0.000000044557
6	97093511	97842283	553	36	0.0002837330	0.000000024511
6	97842284	100630145	1820	38	0.0002688732	0.000000048430
6	100630146	102636771	1291	38	0.0002061336	0.000000046829
6	102636772	103983394	923	38	0.0001324290	0.000000030137
6	103983395	106056732	1373	38	0.0000369757	0.000000042513
6	106056733	107450305	1178	38	-0.0000169899	0.000000041136
6	107450306	108464379	601	38	0.0001326189	0.000000031399
6	108464380	110304246	1064	38	0.0001285189	0.000000042115
6	110304247	112345013	1182	38	0.0001791734	0.000000046141
6	112345014	114220832	1393	38	0.0001947447	0.000000046538
6	114220833	116131395	1146	38	0.0001319086	0.000000038886
6	116131396	117672971	1040	38	-0.0000536845	0.000000033478
6	117672972	118963114	844	38	0.0001036045	0.000000030157
6	118963115	119963277	753	38	0.0002911211	0.000000032335
6	119963278	120512127	502	26	0.0000240847	0.000000014875
6	120512128	121905675	1068	38	0.0000270552	0.000000028293
6	121905676	123856180	1439	38	0.0000575453	0.000000043037
6	123856181	125424382	1239	38	0.0001631545	0.000000045732
6	125424383	127540460	1016	38	0.0001713051	0.000000043462
6	127540461	129861030	1482	38	0.0001766246	0.000000046076
6	129861031	130935453	1033	38	0.0001608494	0.000000045673
6	130935454	132765668	1364	38	0.0001218311	0.000000044678
6	132765669	134244242	1238	38	0.0000392130	0.000000042570
6	134244243	136224176	1219	38	0.0000942809	0.000000043975
6	136224177	137614217	631	38	0.0000111858	0.000000030658
6	137614218	138822628	924	38	0.0000407887	0.000000042610
6	138822629	139845435	685	38	-0.0000086048	0.000000035813
6	139845436	142288478	1369	38	0.0000518145	0.000000042891
6	142288479	145319809	2124	38	0.0001925310	0.000000046482
6	145319810	146665423	901	36	0.0001098268	0.000000023152
6	146665424	148920351	1834	38	0.0000523440	0.000000042905
6	148920352	150253403	1054	38	0.0000904926	0.000000043878
6	150253404	151912702	1614	38	0.0000747690	0.000000043477
6	151912703	153094495	1029	38	0.0000808630	0.000000043632
6	153094496	154974119	1758	38	0.0001802464	0.000000046168
6	154974120	156763325	1353	38	0.0002132971	0.000000047012
6	156763326	158218718	618	38	0.0001525250	0.000000038225
6	158218719	160580496	2044	38	0.0000640272	0.000000043203
6	160580497	162169563	1385	38	0.0002016235	0.000000046714
6	162169564	162931202	699	38	0.0001010357	0.000000039202
6	162931203	164383520	1380	38	0.0000257575	0.000000042226
6	164383521	165586863	1284	38	-0.0000597645	0.000000040044
6	165586864	167024732	1526	38	0.0000653188	0.000000043236
6	167024733	168042834	869	38	0.0000192536	0.000000040693
6	168042835	169382049	1224	38	0.0001591992	0.000000045631
6	169382050	170330172	828	38	0.0001090840	0.000000033404
6	170330173	171051269	480	38	0.0002298268	0.000000028942
7	16161	972751	135	18	0.0000493084	0.000000010370
7	972752	1353066	111	15	0.0000929743	0.000000010177
7	1353067	2062397	238	26	0.0000736808	0.000000018435
7	2062398	2772226	355	38	0.0001549538	0.000000028788
7	2772227	4573427	1712	38	0.0001916320	0.000000046459
7	4573428	5416231	294	38	0.0001068336	0.000000025150
7	5416232	5854525	151	17	0.0000185470	0.000000010648
7	5854526	6573856	234	29	0.0002169582	0.000000021579
7	6573857	7808751	836	38	0.0001976651	0.000000046613
7	7808752	9123422	1512	38	0.0001423292	0.000000045201
7	9123423	9987498	841	38	0.0001084972	0.000000044338
7	9987499	11299197	1163	38	0.0001414847	0.000000045179
7	11299198	12635460	1617	38	0.0001224752	0.000000044694
7	12635461	13884201	1330	38	0.0001463427	0.000000045303
7	13884202	15143656	1242	38	0.0002529422	0.000000048023
7	15143657	16902068	1584	38	0.0001114573	0.000000044413
7	16902069	19481546	1984	38	0.0001752664	0.000000046041
7	19481547	20124907	569	38	0.0000528482	0.000000028029
7	20124908	22507628	2308	38	0.0000744655	0.000000043469
7	22507629	23471441	574	38	0.0001307493	0.000000035135
7	23471442	25077258	1320	38	0.0001377730	0.000000045085
7	25077259	25909554	920	38	-0.0000264370	0.000000040553
7	25909555	28360308	1927	38	0.0000068936	0.000000041745
7	28360309	31137288	2066	38	0.0000727235	0.000000043425
7	31137289	33555767	2059	38	0.0001616596	0.000000045694
7	33555768	36213537	2042	38	0.0001072468	0.000000044306
7	36213538	37555183	1130	38	0.0000918489	0.000000043913
7	37555184	38966702	1300	38	0.0000891175	0.000000043843
7	38966703	39862669	622	38	0.0002691826	0.000000032613
7	39862670	42001810	1275	38	0.0001211997	0.000000044662
7	42001811	43159073	865	38	0.0001112122	0.000000040056
7	43159074	44763827	953	38	0.0001058704	0.000000041793
7	44763828	45952921	687	38	0.0001170959	0.000000036307
7	45952922	46986719	1022	38	0.0001265812	0.000000038580
7	46986720	49212277	1822	38	0.0001027957	0.000000044192
7	49212278	51675321	1916	38	0.0001090252	0.000000044351
7	51675322	53176311	1582	38	0.0000635263	0.000000043190
7	53176312	54222975	906	38	0.0001333020	0.000000034020
7	54222976	55691583	1129	38	0.0001616589	0.000000045694
7	55691584	57382637	594	37	0.0001010185	0.000000025251
7	57382638	63307358	410	24	0.0000454324	0.000000019448
7	63307359	63641124	146	8	0.0000149555	0.000000005527
7	63641125	65689808	741	35	0.0000149698	0.000000024811
7	65689809	68234073	1554	38	0.0000683124	0.000000043312
7	68234074	69085363	508	38	0.0001257468	0.000000026879
7	69085364	71874884	1575	38	0.0001635916	0.000000045743
7	71874885	73334601	227	24	0.0000497391	0.000000013071
7	73334602	76458563	544	38	0.0001186854	0.000000034659
7	76458564	78093858	1155	38	0.0001362146	0.000000045045
7	78093859	79888068	1429	38	0.0000823090	0.000000043669
7	79888069	82022685	1513	38	0.0000268536	0.000000042254
7	82022686	83801202	1432	38	0.0000230930	0.000000042158
7	83801203	85572181	1052	38	0.0001136980	0.000000033269
7	85572182	87825003	1202	38	0.0003246560	0.000000045668
7	87825004	90661783	2557	38	0.0002759798	0.000000048611
7	90661784	92493751	723	38	0.0002445298	0.000000037021
7	92493752	93966600	749	38	0.0001774689	0.000000039199
7	93966601	96073507	1326	38	-0.0000012776	0.000000041537
7	96073508	97099569	612	38	0.0002124238	0.000000032591
7	97099570	98715473	799	38	0.0001482872	0.000000039473
7	98715474	100196650	381	31	0.0001358694	0.000000019273
7	100196651	101199252	404	38	0.0000772418	0.000000026312
7	101199253	103197509	692	38	0.0002872278	0.000000042081
7	103197510	104159524	950	38	0.0000231199	0.000000040706
7	104159525	105682904	840	38	0.0002102025	0.000000046933
7	105682905	107780177	1393	38	-0.0000175996	0.000000041120
7	107780178	109647593	1245	38	0.0000264375	0.000000042158
7	109647594	112618683	1613	38	0.0002310309	0.000000047464
7	112618684	113712386	542	36	0.0001407528	0.000000024186
7	113712387	116780177	1506	38	0.0002211142	0.000000047211
7	116780178	118351580	898	38	0.0000774384	0.000000027317
7	118351581	121045272	1103	38	0.0001474046	0.000000035981
7	121045273	121933629	450	34	0.0000194775	0.000000019037
7	121933630	124156804	1608	38	0.0001222786	0.000000044689
7	124156805	124167551	9	2	-0.0000060644	0.000000000327
7	124167552	126519169	1819	38	0.0000441594	0.000000042696
7	126519170	126869220	376	22	-0.0000184059	0.000000011423
7	126869221	128778385	1078	38	0.0002279202	0.000000046443
7	128778386	130422413	736	38	-0.0000096853	0.000000035955
7	130422414	132805847	1669	38	0.0000575082	0.000000043037
7	132805848	134307595	1030	38	0.0001788120	0.000000039403
7	134307596	135591082	971	38	0.0002261611	0.000000046570
7	135591083	136876561	933	38	0.0001621059	0.000000039825
7	136876562	138744678	1081	38	0.0001755888	0.000000046049
7	138744679	139933176	488	38	0.0000855459	0.000000027023
7	139933177	140235209	162	26	0.0000591277	0.000000011514
7	140235210	141226556	522	38	0.0001087023	0.000000025364
7	141226557	142656309	900	38	0.0000880826	0.000000032953
7	142656310	144968288	1125	38	0.0001133004	0.000000044460
7	144968289	146427959	1048	38	0.0000784115	0.000000036759
7	146427960	147815317	1417	38	0.0000521467	0.000000042900
7	147815318	149840657	1017	38	0.0003670369	0.000000050934
7	149840658	150711504	546	38	0.0001255469	0.000000027373
7	150711505	152249805	688	38	0.0001501158	0.000000045399
7	152249806	153674018	898	38	0.0001317878	0.000000044932
7	153674019	154964729	891	38	0.0002019751	0.000000046723
7	154964730	156065249	809	38	0.0002897605	0.000000048963
7	156065250	157634596	926	38	0.0001045099	0.000000044150
7	157634597	159128574	823	38	0.0001289679	0.000000043406
8	10422	1044216	693	38	0.0000783221	0.000000043568
8	1044217	1163244	126	15	0.0000953963	0.000000010807
8	1163245	2042941	715	38	0.0000983610	0.000000044079
8	2042942	2573278	553	38	0.0000346037	0.000000036406
8	2573279	3392925	1107	38	0.0001717232	0.000000045951
8	3392926	3783016	864	38	0.0001170191	0.000000044555
8	3783017	4480475	1258	38	0.0000872886	0.000000043796
8	4480476	5146926	955	38	0.0002402254	0.000000047699
8	5146927	6142796	1748	38	0.0000995418	0.000000044109
8	6142797	7153078	907	38	0.0000808092	0.000000043631
8	7153079	9154693	1134	38	0.0000530366	0.000000042922
8	9154694	9640786	462	33	0.0001461207	0.000000030151
8	9640787	10463196	928	38	0.0002148874	0.000000047052
8	10463197	11278997	733	38	0.0001395803	0.000000045131
8	11278998	13491774	1464	38	0.0001043025	0.000000044231
8	13491775	13944991	682	38	0.0000904549	0.000000034024
8	13944992	15991659	2237	38	0.0000047826	0.000000041691
8	15991660	17387875	1134	38	0.0000891221	0.000000043843
8	17387876	17836398	524	38	0.0000890406	0.000000032220
8	17836399	19492839	1747	38	0.0001718820	0.000000045955
8	19492840	20060855	602	38	0.0000810093	0.000000036318
8	20060856	21661736	1526	38	0.0001387235	0.000000045109
8	21661737	22897056	695	38	0.0003239106	0.000000049834
8	22897057	24674717	1265	38	0.0000534831	0.000000042934
8	24674718	25483453	527	38	0.0000729114	0.000000024038
8	25483454	26682524	1143	38	0.0000394999	0.000000042577
8	26682525	28162391	1507	38	0.0000924741	0.000000043929
8	28162392	29327895	655	38	0.0001223493	0.000000032900
8	29327896	31133728	1057	38	0.0002159011	0.000000047078
8	31133729	31548359	274	27	0.0001204187	0.000000015845
8	31548360	32977217	1043	38	0.0001766329	0.000000042235
8	32977218	35317231	1441	38	0.0001427660	0.000000039587
8	35317232	37379388	804	38	0.0001194906	0.000000035186
8	37379389	38938805	529	38	0.0000654520	0.000000028099
8	38938806	40703336	1177	38	0.0001647270	0.000000045772
8	40703337	41721453	740	38	0.0001959577	0.000000043068
8	41721454	42773822	302	26	0.0000652516	0.000000016576
8	42773823	46841314	105	10	-0.0000185840	0.000000004597
8	46841315	50082469	828	38	0.0004320675	0.000000043316
8	50082470	53302929	2246	38	0.0000909128	0.000000043889
8	53302930	54418043	810	38	0.0000789301	0.000000029948
8	54418044	55945580	1028	38	0.0001814512	0.000000041762
8	55945581	56956382	733	38	0.0001912974	0.000000033899
8	56956383	59068650	1603	38	0.0001230722	0.000000044709
8	59068651	59728099	617	38	0.0001661057	0.000000027988
8	59728100	62329098	1764	38	-0.0000114220	0.000000041278
8	62329099	63349305	756	38	0.0001235132	0.000000027238
8	63349306	65232871	1287	38	0.0001382203	0.000000043557
8	65232872	66489089	729	38	0.0001108787	0.000000032188
8	66489090	69863056	1755	38	0.0002407740	0.000000047713
8	69863057	70867978	890	38	0.0000835255	0.000000041991
8	70867979	72289453	979	38	0.0002196007	0.000000040697
8	72289454	73817198	1493	38	0.0000283240	0.000000042292
8	73817199	75445063	1166	38	0.0001584374	0.000000045612
8	75445064	76456541	700	38	0.0001006474	0.000000026240
8	76456542	79132860	1839	38	0.0000411301	0.000000042619
8	79132861	81956394	1557	38	0.0001599206	0.000000045650
8	81956395	82693738	510	38	0.0000238423	0.000000020222
8	82693739	84225588	1177	38	0.0001009198	0.000000033869
8	84225589	85955618	961	38	0.0000694394	0.000000030881
8	85955619	87411708	516	33	0.0000383269	0.000000019433
8	87411709	89085480	1106	38	0.0002406744	0.000000044975
8	89085481	90638161	957	38	0.0002325139	0.000000038740
8	90638162	93554385	1525	38	0.0002182330	0.000000047137
8	93554386	95005526	771	38	0.0001105962	0.000000037241
8	95005527	96534805	1156	38	0.0000475144	0.000000042782
8	96534806	99401580	2071	38	0.0002166522	0.000000047097
8	99401581	101620957	811	38	0.0000614702	0.000000030510
8	101620958	104123305	1891	38	0.0000094417	0.000000041810
8	104123306	104988751	703	34	0.0002877692	0.000000025935
8	104988752	107410753	1830	38	0.0001607485	0.000000045671
8	107410754	108648176	1104	38	0.0000065189	0.000000035520
8	108648177	109248172	510	30	0.0000438409	0.000000015705
8	109248173	110484313	954	38	0.0000822365	0.000000026022
8	110484314	111850846	736	38	0.0000360562	0.000000022603
8	111850847	113064319	747	29	0.0001085634	0.000000019732
8	113064320	116096494	2152	38	0.0001548712	0.000000045521
8	116096495	119685456	2543	38	0.0001229605	0.000000044707
8	119685457	121201699	1226	38	0.0002025425	0.000000045882
8	121201700	124861458	2670	38	0.0001348235	0.000000045009
8	124861459	125683718	572	38	-0.0000085706	0.000000026550
8	125683719	126410916	463	38	0.0001415967	0.000000026949
8	126410917	128659110	1803	38	0.0000589705	0.000000043074
8	128659111	130381138	1458	38	0.0000948118	0.000000043988
8	130381139	131639624	934	38	0.0001307493	0.000000043623
8	131639625	133351143	1610	38	0.0000410823	0.000000042617
8	133351144	134570000	1381	38	0.0001448775	0.000000045266
8	134570001	136035604	1569	38	0.0001326198	0.000000044953
8	136035605	137524150	1268	38	-0.0000003524	0.000000041475
8	137524151	139254829	1749	38	0.0000977995	0.000000044065
8	139254830	140725642	1391	38	0.0000348570	0.000000042459
8	140725643	143044913	1500	38	0.0002160220	0.000000047081
8	143044914	144236880	707	38	0.0002693855	0.000000041202
8	144236881	146303866	583	38	0.0002997068	0.000000041636
9	10023	1079706	1027	38	0.0000707602	0.000000043375
9	1079707	1916876	1195	38	0.0002216629	0.000000047225
9	1916877	3190063	1420	38	0.0000257136	0.000000042225
9	3190064	4495327	1363	38	-0.0000249120	0.000000040934
9	4495328	4884925	427	38	0.0000697366	0.000000029212
9	4884926	6557588	1051	38	0.0001203349	0.000000044640
9	6557589	7154922	579	38	0.0001131547	0.000000036883
9	7154923	8456298	1799	38	0.0003356437	0.000000050133
9	8456299	9166402	769	38	0.0000500511	0.000000042846
9	9166403	10879252	2020	38	0.0001712100	0.000000045938
9	10879253	12276488	1418	38	0.0001766233	0.000000046076
9	12276489	14836362	2505	38	0.0002850151	0.000000048841
9	14836363	16659654	1609	38	0.0001705307	0.000000045920
9	16659655	18661050	2041	38	0.0000648649	0.000000043224
9	18661051	20463533	1585	38	0.0000226514	0.000000042147
9	20463534	22206558	1426	38	0.0001603240	0.000000045660
9	22206559	24158517	1345	38	0.0004251876	0.000000052332
9	24158518	25330809	691	38	0.0001557553	0.000000042980
9	25330810	26111756	583	38	0.0000902758	0.000000041225
9	26111757	28224282	1928	38	0.0001064151	0.000000044284
9	28224283	28811583	546	38	0.0000510909	0.000000025230
9	28811584	30387391	1515	38	0.0001192087	0.000000044611
9	30387392	31310382	816	35	0.0000731344	0.000000026707
9	31310383	32019367	643	33	0.0000588589	0.000000019789
9	32019368	33578333	1271	38	0.0001476106	0.000000045336
9	33578334	34642242	572	33	0.0001231811	0.000000021176
9	34642243	36743282	1024	38	-0.0000913999	0.000000039237
9	36743283	38641598	1355	38	0.0000994455	0.000000044107
9	38641599	65472189	166	24	0.0000971114	0.000000012804
9	65472190	72512710	1083	38	0.0000256600	0.000000042138
9	72512711	72753754	213	15	0.0001069739	0.000000009721
9	72753755	74253039	1216	38	0.0001855497	0.000000046218
9	74253040	76203945	1218	38	0.0001847390	0.000000046283
9	76203946	76973080	514	28	-0.0000086520	0.000000015768
9	76973081	78900182	1675	38	0.0000983434	0.000000044078
9	78900183	79471207	489	38	0.0000450797	0.000000030261
9	79471208	81079054	1134	38	-0.0000356206	0.000000040660
9	81079055	82590927	1266	38	0.0002050943	0.000000046802
9	82590928	84211232	1650	38	0.0002094786	0.000000046914
9	84211233	85440800	630	38	0.0001677678	0.000000036162
9	85440801	86938195	1281	38	0.0000665373	0.000000043267
9	86938196	88109332	961	38	0.0001320313	0.000000042546
9	88109333	88590416	200	17	-0.0000173571	0.000000008436
9	88590417	90136245	1190	38	0.0001743670	0.000000046018
9	90136246	92528697	1645	38	0.0001117048	0.000000044419
9	92528698	94167202	1216	38	0.0000531275	0.000000042925
9	94167203	96671697	1599	38	0.0000069086	0.000000041745
9	96671698	98922039	1246	38	0.0000960722	0.000000044021
9	98922040	101592858	1576	38	0.0001415857	0.000000045182
9	101592859	104624436	2132	38	0.0001353645	0.000000045023
9	104624437	105967975	1510	38	0.0000829702	0.000000043686
9	105967976	107581748	1663	38	0.0002341604	0.000000047544
9	107581749	109298753	1234	38	0.0001088793	0.000000044347
9	109298754	110695061	1064	38	0.0001413180	0.000000045175
9	110695062	112778023	2285	38	0.0001141594	0.000000044482
9	112778024	114831081	1797	38	-0.0000078473	0.000000041369
9	114831082	115693144	688	38	0.0000634314	0.000000026294
9	115693145	117019800	1160	38	0.0000668302	0.000000043274
9	117019801	117921959	892	38	0.0001034589	0.000000044123
9	117921960	121321536	3044	38	0.0001699197	0.000000045905
9	121321537	122260296	788	38	0.0001361069	0.000000035103
9	122260297	124871321	1586	38	0.0002309022	0.000000047461
9	124871322	126971886	1205	38	0.0001495293	0.000000045384
9	126971887	129059664	961	38	0.0001952865	0.000000046552
9	129059665	130055509	615	38	0.0002169893	0.000000035478
9	130055510	132165469	921	38	0.0000286027	0.000000042299
9	132165470	133223216	582	38	0.0000714677	0.000000035144
9	133223217	134127887	522	38	0.0002217842	0.000000037453
9	134127888	135298841	722	38	0.0002158101	0.000000042213
9	135298842	137041121	1115	38	0.0000487961	0.000000042814
9	137041122	137589363	325	38	0.0000887505	0.000000024192
9	137589364	138938977	1073	38	0.0000759851	0.000000043508
9	138938978	139500341	192	24	0.0001055010	0.000000015467
9	139500342	141144795	337	33	0.0000855115	0.000000022948
10	60523	751338	234	18	0.0001325260	0.000000018531
10	751339	1523543	616	38	0.0000464313	0.000000035098
10	1523544	2254499	940	38	-0.0000372769	0.000000040618
10	2254500	3352698	1261	38	0.0001219916	0.000000044682
10	3352699	4572273	1225	38	0.0003780663	0.000000051216
10	4572274	5983761	1395	38	0.0001378523	0.000000045087
10	5983762	7171483	1213	38	0.0000245103	0.000000042195
10	7171484	8774664	1580	38	0.0000560178	0.000000042999
10	8774665	10249395	1234	38	0.0000693965	0.000000043340
10	10249396	12586796	1954	38	0.0001664436	0.000000045816
10	12586797	13321599	744	38	0.0000706032	0.000000043371
10	13321600	15026067	1631	38	-0.0000429596	0.000000040473
10	15026068	16551766	1106	38	0.0000619102	0.000000043149
10	16551767	18537266	1513	38	0.0003514784	0.000000050537
10	18537267	19716877	1274	38	0.0000260960	0.000000042235
10	19716878	22772282	2022	38	0.0002217165	0.000000047226
10	22772283	23175131	277	20	0.0000367748	0.000000014623
10	23175132	25578595	1544	38	0.0000560420	0.000000042999
10	25578596	26888683	1277	38	0.0001527983	0.000000043758
10	26888684	29323235	1941	38	0.0001035337	0.000000044211
10	29323236	29783691	524	38	0.0000522756	0.000000027011
10	29783692	30458837	711	38	0.0000141753	0.000000037413
10	30458838	31907518	1016	38	0.0000995303	0.000000044023
10	31907519	33707967	1330	38	-0.0000212981	0.000000041026
10	33707968	35109354	1037	38	0.0000230927	0.000000042158
10	35109355	36572507	906	38	0.0000335467	0.000000036040
10	36572508	37790028	755	38	0.0001489673	0.000000033830
10	37790029	42372578	581	18	-0.0000348017	0.000000009947
10	42372579	43894770	685	38	0.0001106862	0.000000031763
10	43894771	44730074	695	38	0.0000939523	0.000000028656
10	44730075	48760449	1431	38	0.0000541405	0.000000042951
10	48760450	50840914	1296	38	0.0000942894	0.000000043975
10	50840915	53616628	1465	38	0.0000316515	0.000000042377
10	53616629	55103571	1487	38	0.0002043159	0.000000046782
10	55103572	57031139	1975	38	0.0002274189	0.000000047372
10	57031140	57662145	513	25	-0.0000485460	0.000000011394
10	57662146	58959527	1246	38	-0.0000109043	0.000000024236
10	58959528	60289986	1121	38	0.0000394059	0.000000030536
10	60289987	61891408	1142	38	0.0001196662	0.000000044623
10	61891409	62659678	656	38	0.0002153578	0.000000030408
10	62659679	63341694	325	25	0.0002486176	0.000000020000
10	63341695	65794113	1789	38	0.0002188077	0.000000047152
10	65794114	67549614	1251	38	0.0003109330	0.000000045915
10	67549615	69900147	2021	38	0.0002392630	0.000000047674
10	69900148	70195990	196	14	-0.0000384970	0.000000006925
10	70195991	72220849	1517	38	0.0001022932	0.000000044179
10	72220850	73508511	1348	38	0.0002421716	0.000000047748
10	73508512	75422549	714	38	0.0001541122	0.000000028517
10	75422550	78706813	1604	38	0.0001396317	0.000000045132
10	78706814	80876748	1904	38	0.0003000319	0.000000049225
10	80876749	82414678	969	38	0.0000645888	0.000000043217
10	82414679	84383744	1572	38	0.0000515157	0.000000042884
10	84383745	85458702	1148	38	0.0001530078	0.000000035871
10	85458703	87937576	2200	38	0.0000806317	0.000000043627
10	87937577	89127063	481	38	0.0001232386	0.000000025983
10	89127064	91013380	1409	38	0.0001546491	0.000000045515
10	91013381	92006580	844	38	0.0001101374	0.000000036806
10	92006581	93335046	996	38	0.0001219615	0.000000039821
10	93335047	95396367	1178	38	0.0001690572	0.000000045883
10	95396368	96221242	534	38	0.0001228262	0.000000026138
10	96221243	97822356	1044	38	0.0000908202	0.000000038008
10	97822357	100241301	1506	38	0.0002998270	0.000000049219
10	100241302	100668399	339	17	0.0000124477	0.000000011553
10	100668400	102949238	1299	38	0.0000552612	0.000000042979
10	102949239	104380409	510	35	0.0003362503	0.000000027581
10	104380410	106695047	1392	38	0.0001335102	0.000000044976
10	106695048	108726685	1603	38	0.0001086341	0.000000044341
10	108726686	110317704	1456	38	-0.0000106361	0.000000041298
10	110317705	112561492	1629	38	0.0000379510	0.000000042538
10	112561493	115328431	1948	38	-0.0000133785	0.000000041228
10	115328432	116421405	918	38	0.0000173969	0.000000042013
10	116421406	119523933	2015	38	-0.0000016378	0.000000041527
10	119523934	120591352	755	38	0.0000702631	0.000000040544
10	120591353	122407322	1252	38	0.0000042169	0.000000041677
10	122407323	123231464	739	38	0.0001214464	0.000000039807
10	123231465	123900544	496	38	0.0000272027	0.000000027627
10	123900545	125869345	1448	38	0.0002342449	0.000000047546
10	125869346	128001097	1798	38	0.0002605192	0.000000048216
10	128001098	129154361	937	38	0.0000186532	0.000000042045
10	129154362	130844283	1678	38	0.0001131446	0.000000044456
10	130844284	131741326	808	38	0.0000756840	0.000000038641
10	131741327	132580244	893	38	0.0001409260	0.000000042006
10	132580245	134336328	1732	38	-0.0000002506	0.000000041563
10	134336329	134494672	59	6	-0.0000089991	0.000000002824
10	134494673	135523864	451	38	0.0001642272	0.000000029525
11	70855	1213589	360	38	0.0001510307	0.000000025609
11	1213590	3665480	1416	38	0.0001579037	0.000000045598
11	3665481	4746708	864	38	0.0000436827	0.000000042598
11	4746709	6322868	2131	38	-0.0000305449	0.000000040790
11	6322869	7436700	1006	38	0.0001795029	0.000000046149
11	7436701	8333273	829	38	0.0000211831	0.000000042110
11	8333274	9087316	489	36	0.0000907654	0.000000026572
11	9087317	10952026	1188	38	0.0001336833	0.000000044980
11	10952027	12564228	1955	38	0.0000251498	0.000000042211
11	12564229	13373123	787	38	0.0002885783	0.000000042963
11	13373124	15742551	1649	38	0.0002113466	0.000000046962
11	15742552	17578401	1121	38	0.0001558392	0.000000045545
11	17578402	19569534	1478	38	0.0002614575	0.000000048240
11	19569535	21017137	1367	38	0.0003519572	0.000000050549
11	21017138	22374141	1173	38	0.0002324606	0.000000047501
11	22374142	24088516	1498	38	0.0000135063	0.000000041914
11	24088517	26045752	1708	38	0.0001159762	0.000000044528
11	26045753	27020460	814	38	0.0000650571	0.000000031778
11	27020461	28481592	768	38	0.0000720545	0.000000030276
11	28481593	30141356	977	38	0.0002776277	0.000000041497
11	30141357	32276900	1306	38	0.0000326145	0.000000042316
11	32276901	33958738	994	38	0.0001232354	0.000000044714
11	33958739	35502604	1553	38	0.0000090964	0.000000041801
11	35502605	37116814	1350	38	-0.0000288656	0.000000040833
11	37116815	39382002	1483	38	0.0001456169	0.000000040594
11	39382003	42310002	2242	38	0.0000786286	0.000000043575
11	42310003	44693798	1925	38	0.0000109389	0.000000041848
11	44693799	47006136	1316	38	0.0001780299	0.000000046112
11	47006137	49866049	1081	35	0.0001563891	0.000000030914
11	49866050	54695472	431	10	0.0000352674	0.000000009120
11	54695473	55082656	33	5	0.0000273794	0.000000002217
11	55082657	58457494	2734	38	0.0000850141	0.000000043738
11	58457495	58780548	180	9	0.0000504700	0.000000006508
11	58780549	62223770	1709	38	-0.0000534980	0.000000040204
11	62223771	63804568	450	38	0.0000326340	0.000000021024
11	63804569	65898630	763	38	0.0001278799	0.000000042952
11	65898631	68005824	462	38	0.0002471245	0.000000029216
11	68005825	69516129	860	38	0.0000371831	0.000000042176
11	69516130	70926291	851	38	-0.0000146735	0.000000041195
11	70926292	72286016	581	38	0.0000517718	0.000000024748
11	72286017	74412350	999	38	0.0000525783	0.000000042911
11	74412351	76797208	1293	38	0.0001808387	0.000000046183
11	76797209	78355057	785	38	0.0001639562	0.000000034548
11	78355058	80722372	2066	38	0.0000762686	0.000000043515
11	80722373	81266711	641	38	-0.0000135118	0.000000026591
11	81266712	84381271	2582	38	0.0000407177	0.000000042608
11	84381272	86619300	1525	38	0.0001642671	0.000000045761
11	86619301	87430234	735	38	-0.0000097279	0.000000025517
11	87430235	89208935	1174	38	0.0002777223	0.000000048655
11	89208936	90966489	990	38	0.0001288253	0.000000032729
11	90966490	92077143	834	38	0.0000715441	0.000000031355
11	92077144	93276156	805	38	0.0002377308	0.000000038450
11	93276157	94242259	550	36	0.0000815057	0.000000021770
11	94242260	95726040	1116	38	0.0001642101	0.000000045759
11	95726041	97057057	940	38	0.0001768630	0.000000046082
11	97057058	98705064	1367	38	0.0000352407	0.000000042383
11	98705065	100417168	1769	38	0.0001468604	0.000000045316
11	100417169	101331120	951	38	0.0002442396	0.000000039461
11	101331121	103959635	2457	38	0.0000690710	0.000000043332
11	103959636	104873283	663	32	0.0000326195	0.000000018133
11	104873284	106520893	1139	38	-0.0000216570	0.000000033363
11	106520894	107844199	989	38	0.0003953099	0.000000051570
11	107844200	108437036	222	13	0.0000024596	0.000000008207
11	108437037	109866115	720	38	0.0002055291	0.000000036871
11	109866116	111114396	998	38	0.0002913603	0.000000045075
11	111114397	112459487	699	38	0.0001747768	0.000000032639
11	112459488	114257727	1492	38	0.0002534190	0.000000048035
11	114257728	114830665	505	33	0.0001194570	0.000000020999
11	114830666	116383347	1161	38	0.0001899618	0.000000046416
11	116383348	117747109	1019	38	0.0000000302	0.000000041570
11	117747110	119215475	835	38	0.0001721175	0.000000045790
11	119215476	120766805	1072	38	-0.0000526275	0.000000040226
11	120766806	121175942	399	28	0.0000977157	0.000000019951
11	121175943	122591909	919	38	0.0001813298	0.000000046196
11	122591910	123500116	652	38	0.0001811563	0.000000044140
11	123500117	124495527	1006	38	0.0000040056	0.000000030392
11	124495528	126311319	1379	38	0.0001139457	0.000000044477
11	126311320	127316678	1033	38	0.0002058572	0.000000046822
11	127316679	128188536	635	38	0.0000159021	0.000000028512
11	128188537	130342574	1444	38	0.0002261985	0.000000047341
11	130342575	131074611	697	38	0.0001514589	0.000000039978
11	131074612	133000045	1945	38	0.0000973933	0.000000044054
11	133000046	134205992	898	38	0.0001727129	0.000000045976
11	134205993	134946451	820	38	0.0001380347	0.000000045091
12	61107	1080330	510	38	0.0000401613	0.000000031985
12	1080331	2544785	822	38	0.0001220027	0.000000044682
12	2544786	3677036	863	38	0.0000043388	0.000000041680
12	3677037	4417678	617	38	0.0001511180	0.000000039290
12	4417679	5321471	871	38	0.0001237486	0.000000044727
12	5321472	6419752	995	38	0.0000588269	0.000000043070
12	6419753	8377535	799	38	0.0000713154	0.000000043389
12	8377536	9031394	208	24	-0.0000307334	0.000000011683
12	9031395	10481533	1057	38	0.0000391943	0.000000042569
12	10481534	11754845	741	38	-0.0000105572	0.000000029264
12	11754846	12733527	719	38	0.0000419438	0.000000042639
12	12733528	15241483	1908	38	0.0000621475	0.000000043155
12	15241484	16310459	460	38	0.0001570870	0.000000026511
12	16310460	18087872	1283	38	0.0000240758	0.000000042184
12	18087873	20863942	2218	38	0.0000077980	0.000000041768
12	20863943	23820633	2136	38	-0.0000419817	0.000000040498
12	23820634	25371082	1428	38	0.0000336951	0.000000042429
12	25371083	27799772	2102	38	0.0001303227	0.000000044894
12	27799773	29651254	1519	38	-0.0000858960	0.000000039207
12	29651255	30512405	1173	38	0.0001128195	0.000000043336
12	30512406	32165591	1336	38	0.0000459338	0.000000042741
12	32165592	33076988	836	38	0.0000709318	0.000000037501
12	33076989	37856716	1038	36	0.0002139673	0.000000030958
12	37856717	39227168	460	17	0.0000400702	0.000000013316
12	39227169	40816184	1308	38	0.0001865748	0.000000042829
12	40816185	41658585	819	38	0.0000328986	0.000000026101
12	41658586	43984473	2121	38	0.0000117252	0.000000041868
12	43984474	46024228	1091	38	0.0002010935	0.000000039208
12	46024229	47714792	913	38	0.0002393353	0.000000045197
12	47714793	49001865	1020	38	0.0000636824	0.000000043194
12	49001866	51776493	1011	38	0.0001279407	0.000000044834
12	51776494	53039003	1082	38	0.0000527294	0.000000042915
12	53039004	54778822	992	38	0.0002778025	0.000000048572
12	54778823	55665836	579	38	0.0000191408	0.000000025084
12	55665837	57548859	647	38	0.0001446603	0.000000032544
12	57548860	59308665	853	38	0.0003272693	0.000000041323
12	59308666	61123728	1085	38	0.0002523719	0.000000042380
12	61123729	64032460	2312	38	0.0001373814	0.000000045075
12	64032461	65559694	717	38	0.0001223299	0.000000036863
12	65559695	67181143	985	38	0.0002212298	0.000000044821
12	67181144	67909728	703	38	0.0001404910	0.000000026921
12	67909729	69826541	1468	38	-0.0000147545	0.000000041193
12	69826542	70957986	1111	38	0.0000660956	0.000000039672
12	70957987	72645074	1159	38	-0.0000412311	0.000000040517
12	72645075	73818453	739	38	0.0000208313	0.000000027298
12	73818454	76511313	1739	38	0.0003262769	0.000000049894
12	76511314	78570569	1613	38	0.0000500183	0.000000042845
12	78570570	80448149	904	38	0.0000178059	0.000000035723
12	80448150	81467766	739	38	0.0000332235	0.000000024193
12	81467767	83502665	1277	38	0.0001593133	0.000000044608
12	83502666	84303843	615	37	0.0000654162	0.000000019296
12	84303844	85990425	1045	38	0.0001844337	0.000000031209
12	85990426	89682121	1963	38	0.0000736878	0.000000043449
12	89682122	92066154	1514	38	-0.0000296582	0.000000040812
12	92066155	94514566	1759	38	0.0001060056	0.000000044274
12	94514567	96020784	1148	38	0.0000850449	0.000000043739
12	96020785	97108838	842	38	-0.0000133284	0.000000039009
12	97108839	99305986	1746	38	0.0000296144	0.000000042325
12	99305987	101447640	1363	38	0.0000488865	0.000000042817
12	101447641	101862689	265	21	0.0002130977	0.000000017215
12	101862690	102964985	615	38	0.0000630600	0.000000031139
12	102964986	104848695	1430	38	0.0001373992	0.000000045075
12	104848696	106436212	1452	38	0.0001871591	0.000000046345
12	106436213	106958747	404	38	0.0002847092	0.000000028094
12	106958748	109025900	1368	38	0.0000618162	0.000000043146
12	109025901	110336718	700	38	0.0001263473	0.000000036796
12	110336719	113263517	694	38	0.0000950405	0.000000032794
12	113263518	113986708	359	31	0.0000517143	0.000000018536
12	113986709	115036601	1050	38	0.0001511026	0.000000045425
12	115036602	115503215	369	38	0.0000060132	0.000000019107
12	115503216	117087470	1258	38	0.0000755364	0.000000043497
12	117087471	118135374	783	38	0.0002014063	0.000000046623
12	118135375	119754109	1199	38	-0.0000478128	0.000000040349
12	119754110	122007650	1130	38	0.0002824919	0.000000048777
12	122007651	124977979	1102	38	0.0003417848	0.000000050290
12	124977980	126445504	1078	38	0.0000233867	0.000000042166
12	126445505	127875097	1301	38	0.0001516042	0.000000045437
12	127875098	129237296	1223	38	0.0000771134	0.000000043537
12	129237297	130377920	1203	38	0.0000202030	0.000000042085
12	130377921	131786750	1334	38	0.0000070814	0.000000041750
12	131786751	132807033	613	38	0.0000889900	0.000000032892
12	132807034	133841510	310	31	0.0000302825	0.000000017003
13	19020013	20686719	692	38	0.0000738546	0.000000030490
13	20686720	22242173	1064	38	0.0002051613	0.000000046804
13	22242174	23594701	1184	38	0.0000486994	0.000000042812
13	23594702	24531936	975	38	0.0002305484	0.000000047452
13	24531937	25784361	1166	38	0.0001167592	0.000000044548
13	25784362	27284361	1093	38	0.0000503741	0.000000042769
13	27284362	29257550	1541	38	0.0002089641	0.000000046901
13	29257551	30483266	1012	38	0.0001848776	0.000000046286
13	30483267	32301814	1425	38	0.0000488864	0.000000042817
13	32301815	33776902	1156	38	0.0001644256	0.000000045765
13	33776903	35026463	966	38	-0.0000090989	0.000000036479
13	35026464	36046366	467	38	-0.0000478936	0.000000020801
13	36046367	37498184	1239	38	0.0002502192	0.000000047954
13	37498185	38878162	1376	38	0.0004673721	0.000000052980
13	38878163	41069262	1754	38	-0.0000168813	0.000000041138
13	41069263	43101026	1252	38	-0.0000242159	0.000000040951
13	43101027	44901408	1575	38	0.0001308627	0.000000044908
13	44901409	46495213	943	38	0.0000878973	0.000000043812
13	46495214	47431078	687	38	0.0000771838	0.000000031330
13	47431079	49383961	1356	38	-0.0000381359	0.000000040596
13	49383962	51591090	1397	38	0.0000518986	0.000000042893
13	51591091	53339621	685	38	0.0000487048	0.000000038803
13	53339622	54682863	1148	38	0.0001671388	0.000000045834
13	54682864	55817130	845	38	0.0001768291	0.000000030681
13	55817131	57554216	932	34	-0.0000084415	0.000000020974
13	57554217	58410625	547	29	0.0002321394	0.000000020567
13	58410626	59302270	672	31	0.0001772323	0.000000022136
13	59302271	60854777	1276	38	0.0001499595	0.000000045395
13	60854778	61591948	666	38	0.0002843178	0.000000031495
13	61591949	63971558	1867	38	0.0001296451	0.000000044877
13	63971559	65200601	1045	38	0.0001069097	0.000000024736
13	65200602	67844452	1667	38	0.0001200223	0.000000044632
13	67844453	70724515	2575	38	0.0000704132	0.000000043366
13	70724516	71526790	702	38	0.0000628204	0.000000035431
13	71526791	73934088	1723	38	0.0000497097	0.000000042838
13	73934089	75670142	1439	38	0.0001993440	0.000000046656
13	75670143	77410554	1628	38	0.0001396814	0.000000045133
13	77410555	78808812	976	38	0.0001462345	0.000000037387
13	78808813	80585675	1213	38	0.0001073724	0.000000044309
13	80585676	82581813	1528	38	0.0001704618	0.000000045919
13	82581814	84133143	1097	38	0.0000597340	0.000000030298
13	84133144	85610915	1066	38	0.0000108602	0.000000035038
13	85610916	88559881	2125	38	0.0001637531	0.000000045747
13	88559882	90521310	1313	38	0.0001084055	0.000000039305
13	90521311	93129690	2036	38	0.0001075105	0.000000044312
13	93129691	93586454	282	22	0.0000073871	0.000000013059
13	93586455	96087557	2100	38	0.0001069318	0.000000044298
13	96087558	97519209	749	38	0.0001051560	0.000000032294
13	97519210	98938918	809	38	0.0000197663	0.000000042074
13	98938919	100574094	1450	38	0.0003424864	0.000000050308
13	100574095	102300522	1472	38	0.0001625145	0.000000045716
13	102300523	104066709	1766	38	0.0001239606	0.000000044732
13	104066710	104844113	729	38	0.0000589446	0.000000033222
13	104844114	106247553	1409	38	0.0001714816	0.000000045945
13	106247554	106749999	588	38	0.0000241110	0.000000027047
13	106750000	108189876	1213	38	0.0001311485	0.000000044915
13	108189877	109121209	899	38	0.0001026088	0.000000044187
13	109121210	109815111	731	38	0.0001689396	0.000000035349
13	109815112	111232072	1273	38	0.0001439061	0.000000045241
13	111232073	112247591	817	38	0.0002080600	0.000000046792
13	112247592	113572487	884	38	0.0001046013	0.000000044238
13	113572488	115109852	654	38	0.0001379825	0.000000039295
14	19002084	21589401	947	38	0.0000104744	0.000000041836
14	21589402	23018664	1386	38	-0.0000084064	0.000000041355
14	23018665	24905122	1085	38	0.0000902809	0.000000043873
14	24905123	26135685	1232	38	0.0000331651	0.000000042415
14	26135686	28466532	1573	38	0.0001056019	0.000000044264
14	28466533	29972144	873	38	0.0001695068	0.000000038911
14	29972145	32383264	1170	38	0.0004231550	0.000000052280
14	32383265	34846250	2095	38	0.0000184405	0.000000042040
14	34846251	35859592	464	38	0.0000921141	0.000000025108
14	35859593	38667724	1596	38	0.0003025254	0.000000049288
14	38667725	40341989	1132	38	0.0002014077	0.000000046623
14	40341990	41615501	1076	38	0.0003858148	0.000000035998
14	41615502	43137388	949	38	0.0001282134	0.000000034312
14	43137389	44543226	931	38	0.0001618762	0.000000040243
14	44543227	46081895	774	38	0.0002370114	0.000000034811
14	46081896	46749129	511	22	0.0000300012	0.000000012897
14	46749130	48573585	1523	38	0.0001961898	0.000000046575
14	48573586	49005470	288	18	0.0001094717	0.000000012791
14	49005471	50507759	964	38	0.0003363985	0.000000050153
14	50507760	51493571	677	38	0.0000699315	0.000000035443
14	51493572	53474382	1569	38	0.0001249836	0.000000044758
14	53474383	53997830	397	26	0.0000539711	0.000000015716
14	53997831	55233680	759	38	0.0001010686	0.000000042097
14	55233681	56216879	559	33	0.0000554611	0.000000023096
14	56216880	57481261	1258	38	0.0001719625	0.000000045957
14	57481262	59448335	1436	38	0.0000645412	0.000000043216
14	59448336	61680423	1379	38	0.0001460849	0.000000045297
14	61680424	63790014	1613	38	0.0000996752	0.000000044112
14	63790015	65220297	646	38	0.0000232369	0.000000029537
14	65220298	66399554	753	38	0.0001589039	0.000000039234
14	66399555	67992316	686	37	0.0000047338	0.000000022803
14	67992317	71131956	2200	38	0.0001786527	0.000000046128
14	71131957	72889614	1405	38	0.0001003776	0.000000044130
14	72889615	76444766	2013	38	0.0001556763	0.000000045541
14	76444767	77229471	596	38	0.0000642538	0.000000034032
14	77229472	78561944	1081	38	0.0001022166	0.000000044177
14	78561945	80186578	1199	38	0.0001137108	0.000000044385
14	80186579	81579713	1147	38	0.0000351768	0.000000042467
14	81579714	83138096	1029	38	0.0000420501	0.000000040251
14	83138097	84241632	931	38	0.0001343735	0.000000039203
14	84241633	85746318	1134	38	0.0004626621	0.000000053374
14	85746319	86647001	628	38	0.0000655218	0.000000029439
14	86647002	87635340	710	38	0.0002061906	0.000000035287
14	87635341	89497642	1302	38	0.0000860013	0.000000043764
14	89497643	91296859	1281	38	0.0000975429	0.000000044058
14	91296860	93132298	1249	38	0.0002237911	0.000000047279
14	93132299	94325284	747	38	0.0000807420	0.000000038006
14	94325285	95750866	1506	38	-0.0000046525	0.000000041451
14	95750867	96262414	662	38	0.0000800528	0.000000035532
14	96262415	98341161	1509	38	0.0001830932	0.000000046241
14	98341162	99138531	849	38	0.0000384692	0.000000032448
14	99138532	101534306	1520	38	0.0001301201	0.000000044889
14	101534307	103012101	702	38	0.0001830404	0.000000046240
14	103012102	105001722	866	38	0.0000258535	0.000000042229
14	105001723	106340357	253	31	0.0002167539	0.000000021574
14	106340358	107289453	160	12	0.0000858763	0.000000011379
15	20001200	21131603	7	1	-0.0000063171	0.000000000401
15	21131604	24195126	522	38	-0.0000072549	0.000000030610
15	24195127	25108589	631	38	0.0000029224	0.000000026842
15	25108590	27298111	1598	38	-0.0000200088	0.000000041059
15	27298112	29338501	990	38	-0.0000315302	0.000000040765
15	29338502	30165567	562	38	-0.0000054034	0.000000028137
15	30165568	31591820	509	38	0.0000951998	0.000000032545
15	31591821	32441810	484	38	0.0002719050	0.000000030512
15	32441811	34015424	1262	38	0.0001370286	0.000000045066
15	34015425	35083250	687	38	0.0001453328	0.000000038973
15	35083251	37456501	1814	38	0.0002356748	0.000000047583
15	37456502	38530776	710	38	0.0000828306	0.000000036364
15	38530777	40384131	1570	38	0.0000224410	0.000000042142
15	40384132	41177513	386	32	0.0002085105	0.000000024170
15	41177514	42776398	757	38	0.0001511481	0.000000040990
15	42776399	44198048	409	20	0.0000882848	0.000000017572
15	44198049	46618786	928	38	0.0001330255	0.000000040868
15	46618787	48136047	1301	38	0.0003060802	0.000000049379
15	48136048	50008042	924	38	0.0001498705	0.000000037818
15	50008043	51677559	1101	38	0.0002529293	0.000000048023
15	51677560	53069095	770	38	0.0000561263	0.000000032897
15	53069096	54508527	1332	38	0.0001362668	0.000000044961
15	54508528	55136268	572	38	0.0000105160	0.000000029297
15	55136269	56901772	1060	38	0.0000988290	0.000000044091
15	56901773	58441365	1207	38	0.0000061161	0.000000041725
15	58441366	59694115	894	38	0.0001440502	0.000000045245
15	59694116	61265835	1164	38	0.0002090065	0.000000046902
15	61265836	63215221	1624	38	0.0002057995	0.000000046820
15	63215222	65104667	894	38	0.0002465387	0.000000046747
15	65104668	67094766	997	38	0.0002247886	0.000000047305
15	67094767	69017998	1240	38	0.0002098104	0.000000046923
15	69017999	70133340	522	38	0.0001419526	0.000000031049
15	70133341	71922648	1174	38	0.0000938578	0.000000043964
15	71922649	73628713	717	38	0.0001294709	0.000000028725
15	73628714	76398623	968	38	0.0001456664	0.000000045286
15	76398624	78516052	1055	38	0.0003521059	0.000000050468
15	78516053	80860977	1830	38	0.0001800053	0.000000046162
15	80860978	84260467	1468	38	0.0001735975	0.000000045999
15	84260468	86652904	1589	38	0.0000674500	0.000000043290
15	86652905	88369942	1442	38	0.0000607332	0.000000043119
15	88369943	90475550	1209	38	0.0001305800	0.000000044901
15	90475551	92164391	1095	38	0.0000193660	0.000000042063
15	92164392	93780901	1312	38	0.0000698021	0.000000043350
15	93780902	94924329	1083	38	-0.0000058390	0.000000041420
15	94924330	96141595	1053	38	0.0000823082	0.000000043669
15	96141596	98030909	1316	38	0.0002478746	0.000000047894
15	98030910	99244058	1030	38	0.0001131131	0.000000044455
15	99244059	100636846	1002	38	0.0001726131	0.000000045888
15	100636847	101552693	658	38	0.0000724875	0.000000042820
15	101552694	102520965	669	38	0.0000100019	0.000000041824
16	60054	1207205	385	38	0.0000233991	0.000000027781
16	1207206	2764828	546	38	0.0000566469	0.000000033332
16	2764829	4001195	436	38	0.0000985116	0.000000033134
16	4001196	5118344	541	38	0.0001713362	0.000000043122
16	5118345	5891579	646	38	0.0000460990	0.000000040439
16	5891580	6893550	1183	38	0.0000612563	0.000000043132
16	6893551	7529120	890	38	0.0001094450	0.000000044362
16	7529121	8338518	980	38	0.0002387556	0.000000047661
16	8338519	9799418	1311	38	0.0000297866	0.000000042329
16	9799419	10426031	735	38	0.0000791451	0.000000035594
16	10426032	11520160	743	38	0.0000378281	0.000000042534
16	11520161	12613097	686	38	0.0002284917	0.000000047399
16	12613098	13154436	618	38	-0.0000364671	0.000000030708
16	13154437	14464001	1050	38	0.0000610930	0.000000043128
16	14464002	16154059	416	38	0.0003038210	0.000000033996
16	16154060	17644748	650	38	0.0001393568	0.000000041966
16	17644749	18643606	331	32	0.0000357699	0.000000018625
16	18643607	20150570	758	38	0.0001991350	0.000000043234
16	20150571	22448903	722	38	0.0000189934	0.000000033301
16	22448904	24136874	870	38	0.0000833640	0.000000043696
16	24136875	25986861	1297	38	0.0003152069	0.000000049612
16	25986862	27445754	1148	38	0.0001672479	0.000000045837
16	27445755	29036612	494	38	0.0004065592	0.000000033770
16	29036613	31382942	412	38	-0.0000422941	0.000000023438
16	31382943	46399472	221	20	0.0000023384	0.000000011297
16	46399473	49007925	594	38	0.0000240758	0.000000024210
16	49007926	52035822	1917	38	0.0000741470	0.000000043461
16	52035823	53382571	864	38	0.0002299694	0.000000039521
16	53382572	55903773	2081	38	0.0001178726	0.000000044577
16	55903774	57664329	1097	38	0.0000869083	0.000000043787
16	57664330	59045404	842	38	0.0000523664	0.000000042905
16	59045405	60745693	1085	38	0.0000376525	0.000000042530
16	60745694	62229848	790	38	0.0000299416	0.000000028618
16	62229849	63691588	980	38	0.0000496007	0.000000042835
16	63691589	65938565	1693	38	0.0001526462	0.000000045464
16	65938566	68841362	1137	38	0.0000605566	0.000000043114
16	68841363	71054027	595	38	0.0002159965	0.000000037137
16	71054028	72935149	736	38	0.0001336764	0.000000039270
16	72935150	74971502	1236	38	0.0000447007	0.000000042710
16	74971503	75977953	435	37	0.0000339515	0.000000023546
16	75977954	77523677	1383	38	0.0001679750	0.000000045855
16	77523678	78456291	1111	38	0.0001927922	0.000000046488
16	78456292	79134814	916	38	0.0000685845	0.000000043319
16	79134815	80297373	1292	38	0.0002816638	0.000000048756
16	80297374	81772535	1359	38	0.0001456140	0.000000045285
16	81772536	82747727	964	38	0.0000622065	0.000000043156
16	82747728	83477207	1047	38	0.0000496329	0.000000042836
16	83477208	84445882	1216	38	0.0001225163	0.000000044695
16	84445883	85148684	757	38	0.0000283001	0.000000042291
16	85148685	86156598	741	38	0.0000653964	0.000000043238
16	86156599	86815410	848	38	0.0000556562	0.000000042989
16	86815411	87647348	612	38	0.0001735198	0.000000045997
16	87647349	89041164	555	38	0.0001979866	0.000000046621
16	89041165	90292811	518	38	0.0001611185	0.000000038613
17	56	1172398	387	38	0.0000990719	0.000000028703
17	1172399	1928730	368	38	0.0000657085	0.000000024603
17	1928731	3702311	1037	38	0.0001081411	0.000000044328
17	3702312	4696260	510	38	0.0001526470	0.000000033924
17	4696261	5741333	741	38	0.0000731186	0.000000036709
17	5741334	7317397	997	38	0.0000094550	0.000000041810
17	7317398	8306424	417	38	0.0001028754	0.000000030893
17	8306425	9965920	1146	38	0.0000383276	0.000000042547
17	9965921	11102814	861	38	0.0001434911	0.000000045230
17	11102815	12534768	955	38	0.0000727540	0.000000043426
17	12534769	13180371	562	38	0.0000039852	0.000000032159
17	13180372	13894636	679	38	-0.0000237593	0.000000037466
17	13894637	15019096	1216	38	0.0000989061	0.000000044093
17	15019097	16412341	553	38	0.0000834132	0.000000031825
17	16412342	18856319	962	38	0.0001090717	0.000000044352
17	18856320	21290356	687	38	0.0001144218	0.000000035732
17	21290357	27334243	980	38	0.0001782528	0.000000046117
17	27334244	29786490	735	38	0.0002621935	0.000000035032
17	29786491	31538424	934	38	0.0000550975	0.000000042975
17	31538425	32912797	1532	38	0.0001450570	0.000000045270
17	32912798	34469035	867	38	0.0000401158	0.000000042593
17	34469036	36809343	760	38	0.0000034081	0.000000041656
17	36809344	38877403	675	38	0.0001470741	0.000000039272
17	38877404	39899809	591	38	0.0000290928	0.000000022509
17	39899810	41772086	515	38	0.0000075830	0.000000022627
17	41772087	43056904	528	38	0.0003357091	0.000000033720
17	43056905	45876021	1213	38	0.0004021754	0.000000051831
17	45876022	47517399	880	38	0.0001709252	0.000000042600
17	47517400	49898956	1246	38	0.0000664690	0.000000043265
17	49898957	50719054	589	35	0.0001750823	0.000000025639
17	50719055	51826117	820	38	0.0001572978	0.000000028848
17	51826118	53599431	1197	38	0.0001919196	0.000000046466
17	53599432	55357540	1120	38	0.0001137791	0.000000044472
17	55357541	57487511	1099	38	0.0001545110	0.000000045512
17	57487512	59312754	402	26	0.0001416195	0.000000018680
17	59312755	61545588	774	38	0.0001357531	0.000000043750
17	61545589	63148127	498	38	0.0000277285	0.000000024136
17	63148128	64800429	1310	38	0.0000173536	0.000000042012
17	64800430	67858769	1669	38	0.0003372958	0.000000050175
17	67858770	69387816	1334	38	0.0000613051	0.000000043133
17	69387817	72672202	2405	38	0.0000216201	0.000000042121
17	72672203	74375559	643	38	0.0001700830	0.000000041217
17	74375560	76263412	1140	38	0.0000826709	0.000000043679
17	76263413	77298635	661	38	0.0000406275	0.000000042606
17	77298636	78837587	894	38	-0.0000117626	0.000000041269
17	78837588	80034407	398	38	0.0000869268	0.000000027392
17	80034408	81194907	515	38	0.0001173647	0.000000029754
18	10644	912485	645	38	0.0000842557	0.000000041327
18	912486	1942910	787	38	0.0000116601	0.000000032270
18	1942911	3891657	1407	38	0.0000985987	0.000000044085
18	3891658	5834179	1466	38	0.0000835459	0.000000043701
18	5834180	7090484	989	38	-0.0000569638	0.000000040116
18	7090485	8498930	1035	38	0.0003146753	0.000000049598
18	8498931	11075912	2208	38	0.0000736497	0.000000043448
18	11075913	11905439	490	38	0.0002350316	0.000000033334
18	11905440	14440798	1301	38	0.0001009732	0.000000044146
18	14440799	19485843	328	22	0.0000982123	0.000000016839
18	19485844	20649471	632	38	0.0001310661	0.000000029601
18	20649472	22996650	1470	38	0.0003062293	0.000000049383
18	22996651	24026190	627	38	0.0000356329	0.000000029937
18	24026191	25927681	1490	38	0.0001680691	0.000000045858
18	25927682	26875586	631	35	-0.0000024798	0.000000020132
18	26875587	27866477	691	37	0.0000651947	0.000000024174
18	27866478	30264065	1803	38	0.0000776157	0.000000043550
18	30264066	31780066	847	38	0.0000953219	0.000000028691
18	31780067	33861963	1306	38	0.0000255580	0.000000042136
18	33861964	35075249	888	38	-0.0000133636	0.000000040032
18	35075250	36365489	1072	38	0.0002933184	0.000000044699
18	36365490	37684366	812	38	0.0002891097	0.000000034124
18	37684367	39892647	1779	38	0.0001277121	0.000000044828
18	39892648	42922105	2096	38	0.0001873603	0.000000046350
18	42922106	44299245	1188	38	0.0001624810	0.000000045715
18	44299246	45939731	1068	38	0.0002281886	0.000000047391
18	45939732	47730583	1319	38	0.0000690107	0.000000043330
18	47730584	51062184	2440	38	0.0002305957	0.000000047453
18	51062185	51554174	465	21	-0.0000095474	0.000000012547
18	51554175	55213837	2148	38	0.0002746895	0.000000048578
18	55213838	56530219	1056	38	0.0001206744	0.000000044648
18	56530220	57630482	1028	38	-0.0000020918	0.000000041516
18	57630483	59020750	975	38	0.0001330983	0.000000042062
18	59020751	60277714	1152	38	0.0001681476	0.000000045860
18	60277715	61820251	1167	38	0.0001554636	0.000000045536
18	61820252	63463401	1260	38	0.0001068319	0.000000044295
18	63463402	64252800	725	35	0.0001351071	0.000000024457
18	64252801	66125816	1670	38	0.0000637074	0.000000043195
18	66125817	67175819	712	38	0.0001638547	0.000000035641
18	67175820	68621178	917	38	-0.0000013842	0.000000041534
18	68621179	69621617	917	38	0.0000635520	0.000000041311
18	69621618	71038473	1243	38	0.0001506235	0.000000045412
18	71038474	71971461	954	38	-0.0000071957	0.000000041386
18	71971462	73526986	1290	38	0.0001821950	0.000000046218
18	73526987	74813814	1079	38	0.0000284409	0.000000042295
18	74813815	75976316	1154	38	0.0002910800	0.000000048996
18	75976317	77149990	929	38	0.0001938812	0.000000046516
18	77149991	78017157	469	38	0.0002828430	0.000000032459
19	80840	610728	80	16	0.0001315104	0.000000009209
19	610729	2098395	259	38	0.0000864342	0.000000021399
19	2098396	3019659	316	38	0.0001154115	0.000000023957
19	3019660	4348966	358	38	0.0000455381	0.000000026256
19	4348967	5811851	562	38	0.0000299802	0.000000041052
19	5811852	6684884	269	37	0.0001107386	0.000000020282
19	6684885	8347512	726	38	0.0000513484	0.000000042879
19	8347513	9238392	388	38	0.0000941734	0.000000020521
19	9238393	11284027	744	38	0.0002010177	0.000000041411
19	11284028	13471126	690	38	-0.0000235520	0.000000037641
19	13471127	14486346	300	38	0.0000219575	0.000000018522
19	14486347	15648609	525	38	0.0001953012	0.000000034842
19	15648610	16374415	647	38	0.0001391052	0.000000030391
19	16374416	18409861	778	38	0.0001120878	0.000000044429
19	18409862	19877470	490	38	0.0002479647	0.000000033663
19	19877471	20905756	317	31	0.0000192548	0.000000016806
19	20905757	22732895	836	38	0.0001309860	0.000000031525
19	22732896	23467745	317	18	0.0001567636	0.000000015459
19	23467746	28557892	740	38	0.0000683153	0.000000026001
19	28557893	29790946	1171	38	0.0001829957	0.000000046238
19	29790947	30727953	679	38	0.0000240273	0.000000035035
19	30727954	32746519	1189	38	0.0003082282	0.000000049434
19	32746520	34262951	898	38	0.0001117210	0.000000044420
19	34262952	36469294	1046	38	0.0000423147	0.000000042649
19	36469295	37527032	443	27	0.0000436548	0.000000016767
19	37527033	40170618	1045	38	0.0002000053	0.000000046672
19	40170619	40984600	304	28	0.0000631539	0.000000016113
19	40984601	42131572	459	38	0.0000008069	0.000000027541
19	42131573	43862454	431	33	0.0000087638	0.000000020087
19	43862455	44744107	505	38	-0.0000078738	0.000000022317
19	44744108	46102696	590	38	0.0000692815	0.000000036866
19	46102697	47150081	448	38	0.0001013379	0.000000029263
19	47150082	49282226	861	38	0.0002104473	0.000000046939
19	49282227	51532566	848	38	0.0001943858	0.000000046529
19	51532567	52985289	1092	38	-0.0000263223	0.000000040898
19	52985290	54602361	716	38	0.0000709155	0.000000043379
19	54602362	55728079	475	38	0.0001115639	0.000000033551
19	55728080	57521334	976	38	0.0000330749	0.000000042413
19	57521335	59118838	821	38	-0.0000179261	0.000000041112
20	60479	697599	385	38	0.0000590484	0.000000026933
20	697600	2469500	1722	38	0.0002191993	0.000000047162
20	2469501	3828412	863	38	-0.0000069938	0.000000041391
20	3828413	5477849	1371	38	0.0000366883	0.000000042505
20	5477850	7084072	1441	38	0.0000588674	0.000000043071
20	7084073	8117010	1015	38	0.0003495643	0.000000043330
20	8117011	9730920	1531	38	0.0000484696	0.000000042806
20	9730921	11249535	1436	38	0.0000952894	0.000000044001
20	11249536	12447498	1060	38	0.0002575811	0.000000048056
20	12447499	13689863	1108	38	0.0001114242	0.000000044412
20	13689864	15958358	1992	38	0.0001817990	0.000000046208
20	15958359	17487231	1802	38	0.0000830092	0.000000043687
20	17487232	18972202	1157	38	0.0001223019	0.000000044690
20	18972203	20959709	1737	38	0.0000881312	0.000000043818
20	20959710	22491455	861	38	0.0000259407	0.000000030950
20	22491456	23293789	811	38	0.0000482650	0.000000032950
20	23293790	24717723	1106	38	0.0001295695	0.000000044875
20	24717724	25344230	575	28	0.0002457389	0.000000023794
20	25344231	31614822	1140	38	0.0000593070	0.000000043082
20	31614823	32813440	459	35	0.0001506053	0.000000025266
20	32813441	34960445	765	38	0.0000966040	0.000000027555
20	34960446	36909529	879	38	0.0000489287	0.000000039064
20	36909530	38436760	1068	38	0.0001963235	0.000000045125
20	38436761	39610855	928	38	0.0000983314	0.000000042710
20	39610856	40585688	555	38	0.0001402156	0.000000028497
20	40585689	41615459	1035	38	0.0000905748	0.000000043880
20	41615460	42680175	682	38	-0.0000383548	0.000000036838
20	42680176	44839055	1361	38	0.0001211988	0.000000044662
20	44839056	47199979	1865	38	0.0000451924	0.000000042722
20	47199980	49239657	1407	38	0.0001112603	0.000000044408
20	49239658	52472548	2509	38	0.0002776053	0.000000048652
20	52472549	54055265	1266	38	0.0001735966	0.000000045999
20	54055266	56447958	2102	38	0.0000780109	0.000000043560
20	56447959	58406571	1471	38	0.0002046171	0.000000046790
20	58406572	59561723	1022	38	0.0000443627	0.000000042701
20	59561724	61301854	1324	38	0.0000485752	0.000000042809
20	61301855	62190179	491	38	0.0001303298	0.000000035209
20	62190180	62965162	374	38	0.0001559249	0.000000025567
21	9411243	15950981	514	38	0.0000358418	0.000000028014
21	15950982	18053164	1281	38	0.0000490673	0.000000042821
21	18053165	19480374	877	38	0.0003079902	0.000000049428
21	19480375	20962338	1266	38	0.0001330204	0.000000044963
21	20962339	22072763	843	38	0.0000885983	0.000000042377
21	22072764	23362874	1134	38	0.0001856176	0.000000046305
21	23362875	24696230	858	38	0.0000745183	0.000000036999
21	24696231	26469121	1444	38	0.0001007482	0.000000044140
21	26469122	27271018	458	31	0.0000475411	0.000000021817
21	27271019	29125225	1659	38	0.0000292452	0.000000042315
21	29125226	31197024	1474	38	0.0001488354	0.000000045367
21	31197025	32668641	1056	38	0.0000662973	0.000000032903
21	32668642	34376998	1074	38	-0.0000240766	0.000000040955
21	34376999	35225464	478	38	0.0002831639	0.000000033805
21	35225465	36524372	1006	38	0.0002435241	0.000000047783
21	36524373	37870778	939	38	0.0001081649	0.000000044329
21	37870779	38711703	576	38	0.0000550756	0.000000025914
21	38711704	40482901	1534	38	-0.0000283803	0.000000040845
21	40482902	41389526	890	38	0.0001122386	0.000000041444
21	41389527	43321527	1673	38	0.0001471817	0.000000045325
21	43321528	44506267	1169	38	0.0000231074	0.000000042159
21	44506268	46177104	985	38	0.0000070653	0.000000041749
21	46177105	47492225	875	38	0.0001070004	0.000000044299
21	47492226	48119751	396	29	0.0000742883	0.000000023077
22	16050408	17674294	344	38	0.0001302430	0.000000023753
22	17674295	18296087	373	38	0.0001128708	0.000000024224
22	18296088	19912357	887	38	0.0002154177	0.000000047066
22	19912358	22357324	937	38	0.0000903827	0.000000043875
22	22357325	23712646	661	38	0.0001631501	0.000000037565
22	23712647	24984203	599	38	0.0000008735	0.000000027376
22	24984204	26791627	1291	38	0.0001164367	0.000000044540
22	26791628	27834751	1289	38	0.0000887382	0.000000043833
22	27834752	29651798	972	38	0.0000572745	0.000000043031
22	29651799	31439917	955	38	0.0004266034	0.000000052454
22	31439918	32664985	577	37	0.0001244367	0.000000029683
22	32664986	34494913	1702	38	0.0000342289	0.000000042443
22	34494914	35530984	1116	38	-0.0000245085	0.000000036596
22	35530985	37570268	1524	38	0.0001416420	0.000000045183
22	37570269	39307893	882	38	0.0000791615	0.000000043589
22	39307894	40545796	561	38	0.0001468189	0.000000037233
22	40545797	42690817	828	38	0.0000988057	0.000000034068
22	42690818	43714199	734	38	0.0001288743	0.000000044857
22	43714200	44995307	1235	38	0.0001670676	0.000000045832
22	44995308	46470494	1087	38	0.0001386373	0.000000045107
22	46470495	47596317	855	38	0.0002669964	0.000000048382
22	47596318	48903702	1503	38	0.0001998610	0.000000046669
22	48903703	49824533	1277	38	0.0000570409	0.000000043025
22	49824534	51243297	692	38	0.0000303738	0.000000039186
