chr	start	end	num_snp	k	local_h2g	var
1	10583	1892606	1704	16	0.0002321633	0.000000305926
1	1892607	3582735	3284	16	-0.0000782542	0.000000286284
1	3582736	4380810	1790	16	-0.0000742270	0.000000286538
1	4380811	5913892	4092	16	0.0002211837	0.000000305232
1	5913893	7247334	2106	16	-0.0000078298	0.000000290740
1	7247335	9365198	3576	16	0.0001568444	0.000000301160
1	9365199	10806983	1667	16	-0.0000197032	0.000000289989
1	10806984	11777840	1426	16	0.0003835127	0.000000315504
1	11777841	12779465	1401	16	-0.0000528063	0.000000287894
1	12779466	14891510	2994	16	-0.0000180558	0.000000290093
1	14891511	16897729	4291	16	0.0002044694	0.000000304174
1	16897730	18662898	3108	16	0.0000944641	0.000000297213
1	18662899	20469148	3709	16	0.0001121529	0.000000298332
1	20469149	21736587	2125	16	0.0000600059	0.000000295033
1	21736588	23086882	2809	16	0.0004260733	0.000000318197
1	23086883	23920589	1072	16	0.0001993858	0.000000265062
1	23920590	25516844	2575	16	-0.0000661349	0.000000287050
1	25516845	27401866	2037	16	-0.0000281770	0.000000289452
1	27401867	30161880	3117	16	0.0002070997	0.000000304340
1	30161881	32438684	4391	16	0.0000526077	0.000000294564
1	32438685	34799757	2692	16	0.0000583026	0.000000294925
1	34799758	37549182	2971	16	0.0002548555	0.000000307362
1	37549183	38731846	1911	16	0.0003401063	0.000000312757
1	38731847	40200566	2215	16	0.0000675475	0.000000295510
1	40200567	41975326	3032	16	0.0000465815	0.000000294183
1	41975327	43758456	2657	16	0.0000113342	0.000000291953
1	43758457	44969182	1511	16	-0.0000878935	0.000000285674
1	44969183	46899500	2589	16	-0.0000130804	0.000000290408
1	46899501	48002575	1690	16	0.0000237438	0.000000292738
1	48002576	48978187	1245	16	0.0000986957	0.000000297481
1	48978188	49894176	818	16	0.0002465777	0.000000203092
1	49894177	51713725	1402	16	0.0001205299	0.000000213825
1	51713726	54226261	2593	16	0.0000839275	0.000000296546
1	54226262	56413116	3930	16	-0.0001290371	0.000000283070
1	56413117	57021727	1084	16	0.0000783884	0.000000214946
1	57021728	58865398	3395	16	0.0000664724	0.000000295442
1	58865399	59890408	1845	16	0.0001005469	0.000000297598
1	59890409	61922364	2565	16	0.0001278980	0.000000299329
1	61922365	63455088	2458	16	-0.0000502595	0.000000288055
1	63455089	65041703	3093	16	0.0000639812	0.000000295284
1	65041704	66939403	3035	16	0.0001121811	0.000000298334
1	66939404	68477894	3003	16	0.0000626448	0.000000295199
1	68477895	69687615	1840	16	-0.0000154115	0.000000290260
1	69687616	71372469	2836	16	-0.0001422581	0.000000282233
1	71372470	71684404	528	16	0.0000415923	0.000000076008
1	71684405	74326906	3294	16	0.0001061707	0.000000297954
1	74326907	76728134	3869	16	0.0000927348	0.000000297104
1	76728135	79661197	4755	16	0.0001032728	0.000000297770
1	79661198	81354190	3063	16	0.0001772790	0.000000302453
1	81354191	83991747	5152	16	0.0000335950	0.000000293361
1	83991748	84844494	1238	16	0.0001177187	0.000000250097
1	84844495	86454750	2895	16	0.0000301740	0.000000293145
1	86454751	88128630	2988	16	0.0000108378	0.000000291921
1	88128631	90066302	2512	16	0.0000109434	0.000000291928
1	90066303	91886316	2748	16	0.0002361126	0.000000306176
1	91886317	93536458	2538	16	0.0001285086	0.000000299367
1	93536459	94506190	1432	16	0.0001460522	0.000000201092
1	94506191	96150892	2785	16	0.0000016999	0.000000291343
1	96150893	97885248	2814	16	0.0000335280	0.000000293357
1	97885249	99800603	2906	16	0.0005252477	0.000000324473
1	99800604	100826404	1387	16	0.0002797480	0.000000280040
1	100826405	102041015	2119	16	0.0003889330	0.000000315847
1	102041016	102898744	1616	16	0.0002267454	0.000000248546
1	102898745	103914210	1761	16	0.0000267987	0.000000183742
1	103914211	106087841	4027	16	-0.0000777238	0.000000286317
1	106087842	108409664	3763	16	0.0000586828	0.000000294949
1	108409665	110303930	2716	16	0.0001320776	0.000000299593
1	110303931	111741736	2497	16	0.0002110573	0.000000304591
1	111741737	113273305	2857	16	0.0001595764	0.000000301333
1	113273306	114873844	2396	16	0.0000266219	0.000000292920
1	114873845	115880592	1419	16	0.0001344607	0.000000299744
1	115880593	118839066	4080	16	-0.0000082755	0.000000290712
1	118839067	144977493	2827	16	0.0003735286	0.000000314872
1	144977494	148361252	2248	16	0.0000798414	0.000000296288
1	148361253	151538880	1929	16	-0.0000537429	0.000000287835
1	151538881	153180828	2429	16	0.0001325511	0.000000299623
1	153180829	154770402	2143	16	-0.0000284094	0.000000289438
1	154770403	156336132	1342	16	0.0002190811	0.000000305099
1	156336133	158027411	2747	16	0.0001693256	0.000000301950
1	158027412	159913047	3648	16	0.0000425782	0.000000293930
1	159913048	162346720	3710	16	0.0003626944	0.000000314186
1	162346721	165191701	5214	16	0.0001425637	0.000000300257
1	165191702	166460516	2354	16	0.0002253158	0.000000305493
1	166460517	169086323	4896	16	0.0001306623	0.000000299504
1	169086324	170557775	3060	16	0.0001366569	0.000000299883
1	170557776	173097906	4367	16	0.0001620378	0.000000301489
1	173097907	175089767	2481	16	0.0000443533	0.000000294042
1	175089768	177433380	3639	16	0.0001699724	0.000000301991
1	177433381	178944308	2038	16	0.0000203217	0.000000292521
1	178944309	178954469	16	2	-0.0000226202	0.000000004893
1	178954470	181144120	4295	16	0.0000437257	0.000000294002
1	181144121	182755355	2687	16	0.0000127761	0.000000292044
1	182755356	184595512	2893	16	0.0000872268	0.000000296755
1	184595513	186810022	2578	16	0.0001215025	0.000000298924
1	186810023	188759944	4702	16	0.0004409182	0.000000319136
1	188759945	189904129	1550	16	-0.0000223361	0.000000181877
1	189904130	191868929	3482	16	0.0001928069	0.000000303436
1	191868930	194107441	3340	16	0.0000753030	0.000000296000
1	194107442	196176200	4276	16	0.0001355278	0.000000299811
1	196176201	197311513	1488	16	0.0004209302	0.000000244760
1	197311514	199239883	2470	16	0.0001362329	0.000000299856
1	199239884	200137648	1947	16	0.0001414566	0.000000300187
1	200137649	201589974	2853	16	0.0002749097	0.000000308631
1	201589975	203334733	2505	16	0.0001176698	0.000000298681
1	203334734	204681067	2273	16	0.0002427100	0.000000306594
1	204681068	206073264	2181	16	-0.0000275427	0.000000289492
1	206073265	208410363	2667	16	0.0000511226	0.000000294470
1	208410364	210787749	3865	16	0.0000744571	0.000000295947
1	210787750	212842329	3514	16	0.0000028401	0.000000291415
1	212842330	214578265	2485	16	0.0002174540	0.000000304996
1	214578266	216243633	2768	16	0.0000625595	0.000000295194
1	216243634	218705512	4564	16	0.0003781946	0.000000315167
1	218705513	219590570	1756	16	0.0000273630	0.000000276760
1	219590571	221858230	3636	16	0.0000714781	0.000000295758
1	221858231	222230219	668	16	0.0001277880	0.000000177921
1	222230220	224938519	3940	16	0.0001051156	0.000000297887
1	224938520	226810859	2781	16	0.0000916631	0.000000297036
1	226810860	229156247	4206	16	0.0002605391	0.000000307722
1	229156248	230685254	2381	16	0.0000199370	0.000000292497
1	230685255	232090251	2628	16	0.0003018779	0.000000310338
1	232090252	233429283	2623	16	-0.0000230548	0.000000289776
1	233429284	234599433	2575	16	0.0000495760	0.000000294373
1	234599434	235819435	2103	16	-0.0000503404	0.000000288050
1	235819436	237555627	3676	16	0.0001965575	0.000000303673
1	237555628	238567806	2110	16	0.0002204415	0.000000305185
1	238567807	239925313	2631	16	0.0001927733	0.000000303434
1	239925314	240564090	1652	16	-0.0000485111	0.000000288166
1	240564091	241582219	2135	16	-0.0000143209	0.000000290329
1	241582220	242071601	990	16	0.0001899008	0.000000289051
1	242071602	244109498	3830	16	-0.0000163704	0.000000290199
1	244109499	245506745	2744	16	0.0001609324	0.000000301419
1	245506746	247344517	4604	16	-0.0001201559	0.000000283632
1	247344518	249239465	3701	16	-0.0000298430	0.000000289347
2	10133	1781021	4497	16	-0.0001326544	0.000000282841
2	1781022	3973778	4928	16	-0.0000075716	0.000000290756
2	3973779	5708336	3390	16	0.0001641750	0.000000301624
2	5708337	6836253	2632	16	0.0001290868	0.000000299404
2	6836254	8422146	2696	16	0.0001940839	0.000000303517
2	8422147	10298468	3606	16	0.0002583227	0.000000307582
2	10298469	12419149	5118	16	0.0001258166	0.000000299197
2	12419150	14335307	3739	16	-0.0001353090	0.000000282673
2	14335308	16329734	3734	16	0.0001038496	0.000000297807
2	16329735	18647422	4088	16	-0.0000598284	0.000000287449
2	18647423	19692403	1696	16	0.0001153857	0.000000298537
2	19692404	21050489	2820	16	0.0003081684	0.000000310736
2	21050490	23341382	2644	16	0.0000318819	0.000000293253
2	23341383	24686917	2210	16	-0.0000717595	0.000000286694
2	24686918	26894984	2784	16	0.0004454383	0.000000319422
2	26894985	28598776	1447	16	0.0002614103	0.000000307777
2	28598777	29217558	1070	16	0.0000403844	0.000000282960
2	29217559	30463710	2330	16	0.0002236261	0.000000305386
2	30463711	31550449	2387	16	-0.0000486496	0.000000288157
2	31550450	33363776	2376	16	0.0001035835	0.000000297790
2	33363777	35345027	4669	16	0.0000096346	0.000000291845
2	35345028	36122005	2252	16	0.0001131345	0.000000297714
2	36122006	38132711	4175	16	0.0002245940	0.000000305447
2	38132712	39031336	1633	16	0.0007122385	0.000000336305
2	39031337	40281482	1434	16	0.0001489626	0.000000300662
2	40281483	43309589	6205	16	0.0004392003	0.000000319028
2	43309590	44313802	1730	16	0.0001079041	0.000000298063
2	44313803	46482633	4306	16	0.0000412565	0.000000293846
2	46482634	47318771	1675	16	0.0001096924	0.000000298177
2	47318772	48213000	1624	16	0.0000064861	0.000000291646
2	48213001	50022256	3658	16	-0.0000884927	0.000000285636
2	50022257	50818927	1705	16	0.0002951208	0.000000309910
2	50818928	52491132	3028	16	-0.0000157517	0.000000290239
2	52491133	53508451	2553	16	0.0001185208	0.000000298735
2	53508452	54685225	2172	16	-0.0000375953	0.000000288856
2	54685226	56203344	2784	16	-0.0000057223	0.000000290873
2	56203345	57429099	2206	16	0.0000821501	0.000000296434
2	57429100	58297314	1892	16	0.0000314720	0.000000268339
2	58297315	60291999	2803	16	-0.0000130289	0.000000290411
2	60292000	62429043	2683	16	0.0001129068	0.000000298380
2	62429044	64625912	2804	16	0.0000246904	0.000000292798
2	64625913	65933443	2168	16	0.0003377979	0.000000312611
2	65933444	67226165	2058	16	0.0000813108	0.000000296381
2	67226166	68010175	1823	16	0.0001050183	0.000000297881
2	68010176	69139563	2172	16	0.0000383904	0.000000293665
2	69139564	70755197	2308	16	0.0001675823	0.000000301840
2	70755198	73174847	3865	16	0.0002092886	0.000000304479
2	73174848	75630085	3350	16	-0.0000180264	0.000000290095
2	75630086	76913660	2648	16	-0.0000137846	0.000000290363
2	76913661	78079263	2629	16	-0.0001134391	0.000000284057
2	78079264	80050402	4145	16	0.0001172690	0.000000298656
2	80050403	81620840	2502	16	0.0001298393	0.000000299451
2	81620841	85140679	6277	16	0.0000975355	0.000000297407
2	85140680	88038506	3536	16	0.0002307284	0.000000305836
2	88038507	89154525	1189	16	0.0002425250	0.000000271076
2	89154526	95326451	487	16	-0.0000214822	0.000000164323
2	95326452	98995200	2648	16	0.0003003515	0.000000310241
2	98995201	101822328	4238	16	0.0001097904	0.000000298183
2	101822329	102688764	1462	16	0.0000023388	0.000000287310
2	102688765	103588214	1751	16	0.0003090602	0.000000297930
2	103588215	105125033	1634	16	-0.0000950804	0.000000285219
2	105125034	106210057	1974	16	0.0000301193	0.000000293141
2	106210058	107408266	2465	16	0.0000019626	0.000000291360
2	107408267	108429176	1997	16	0.0001402137	0.000000300108
2	108429177	110572431	3018	16	0.0003369069	0.000000312555
2	110572432	113921855	3717	16	-0.0000258911	0.000000289597
2	113921856	116772469	4327	16	-0.0000175606	0.000000290124
2	116772470	118367465	2695	16	0.0000705559	0.000000295700
2	118367466	121303782	4806	16	-0.0000215618	0.000000289871
2	121303783	123302905	2955	16	0.0000178046	0.000000292362
2	123302906	124732249	2967	16	0.0000954990	0.000000297278
2	124732250	125840920	2070	16	-0.0000708631	0.000000286751
2	125840921	127373763	3167	16	0.0001174327	0.000000298666
2	127373764	128034346	1575	16	0.0001712803	0.000000302074
2	128034347	129474440	2507	16	0.0002332609	0.000000305996
2	129474441	130067169	1253	16	0.0002235745	0.000000231053
2	130067170	130658084	1050	16	0.0002347667	0.000000202349
2	130658085	133042783	3320	16	0.0001048984	0.000000297873
2	133042784	135158577	3692	16	0.0001516357	0.000000300831
2	135158578	137042793	2023	16	0.0002602560	0.000000307704
2	137042794	138698116	3229	16	0.0000850639	0.000000296618
2	138698117	140100270	2320	16	0.0001164644	0.000000298605
2	140100271	141805350	3460	16	0.0000274612	0.000000292973
2	141805351	142518601	1735	16	-0.0001363238	0.000000281929
2	142518602	144519483	3277	16	0.0003890517	0.000000315854
2	144519484	146445569	1736	16	0.0001518861	0.000000300847
2	146445570	147277161	841	16	0.0002449020	0.000000172666
2	147277162	150210291	3456	16	0.0001135615	0.000000298421
2	150210292	151731461	2289	16	-0.0000034005	0.000000291020
2	151731462	152486781	1399	16	0.0002593711	0.000000255785
2	152486782	154005055	2411	16	0.0000859049	0.000000296671
2	154005056	155391134	2767	16	0.0000528862	0.000000294582
2	155391135	157560634	3054	16	0.0001745778	0.000000302283
2	157560635	158533217	739	16	0.0005303248	0.000000229618
2	158533218	159577081	1885	16	0.0001535644	0.000000300953
2	159577082	161769732	3977	16	0.0000882685	0.000000296821
2	161769733	163503550	1702	16	0.0000264342	0.000000292908
2	163503551	164466637	1251	16	0.0002913487	0.000000240418
2	164466638	165178839	818	16	0.0003419911	0.000000188360
2	165178840	167160269	2937	16	0.0003155848	0.000000311205
2	167160270	167355969	383	16	0.0001743022	0.000000083218
2	167355970	169968235	4275	16	-0.0000180494	0.000000290093
2	169968236	171226244	2663	16	0.0001105805	0.000000298233
2	171226245	173138904	3198	16	0.0001536770	0.000000300960
2	173138905	175588928	4130	16	0.0000682862	0.000000295556
2	175588929	177363635	2625	16	0.0000652053	0.000000295362
2	177363636	178553182	1961	16	0.0001081814	0.000000298081
2	178553183	181312738	4870	16	0.0001453411	0.000000300432
2	181312739	182266030	1810	16	0.0000927806	0.000000285600
2	182266031	184357607	3218	16	-0.0000330996	0.000000289141
2	184357608	185280172	2015	16	0.0001833313	0.000000268657
2	185280173	189882064	6296	16	0.0001631980	0.000000301562
2	189882065	191973356	2605	16	0.0000329751	0.000000293322
2	191973357	195861163	4116	16	-0.0000147230	0.000000290304
2	195861164	196447455	812	16	0.0000083088	0.000000147149
2	196447456	198078109	2105	16	0.0001793518	0.000000302585
2	198078110	199311124	1410	16	-0.0000518902	0.000000241346
2	199311125	201576283	2524	16	-0.0000916871	0.000000285433
2	201576284	202818636	1337	16	0.0003650320	0.000000314334
2	202818637	205799240	3410	16	0.0000832430	0.000000296503
2	205799241	206735703	1443	16	-0.0000080327	0.000000290727
2	206735704	208645398	3180	16	0.0002381029	0.000000306302
2	208645399	209941528	1999	16	0.0001307679	0.000000299510
2	209941529	212379517	4293	16	0.0001013125	0.000000297646
2	212379518	214014281	3446	16	0.0000554743	0.000000294746
2	214014282	215573794	2532	16	0.0001156402	0.000000298553
2	215573795	217715660	3527	16	-0.0000154117	0.000000290260
2	217715661	218395479	1195	16	0.0002629382	0.000000307874
2	218395480	220454550	2303	16	0.0000744624	0.000000295947
2	220454551	222521175	3981	16	0.0000773066	0.000000296127
2	222521176	224859418	3982	16	0.0000187537	0.000000292422
2	224859419	225840003	1755	16	0.0000232067	0.000000292704
2	225840004	228119841	3766	16	-0.0000207045	0.000000289925
2	228119842	229370786	3050	16	0.0002229650	0.000000305344
2	229370787	231843388	4849	16	-0.0000857436	0.000000285810
2	231843389	233550002	2733	16	0.0001620285	0.000000301488
2	233550003	235150986	3055	16	0.0001966844	0.000000303681
2	235150987	236043549	2254	16	-0.0000076662	0.000000290750
2	236043550	237449031	2613	16	0.0000204613	0.000000292530
2	237449032	238760980	2785	16	0.0001198531	0.000000298820
2	238760981	239952642	2693	16	-0.0000693944	0.000000286844
2	239952643	241560083	4143	16	0.0003520520	0.000000313513
2	241560084	242149920	1346	16	0.0001986089	0.000000303803
2	242149921	243188919	2018	16	0.0001733406	0.000000302204
3	60157	1441778	3067	16	0.0000136224	0.000000292097
3	1441779	2992119	4817	16	0.0002595289	0.000000307658
3	2992120	4431646	3547	16	0.0000947971	0.000000297234
3	4431647	6083182	3819	16	-0.0000932591	0.000000285334
3	6083183	7083386	2373	16	0.0000332768	0.000000293341
3	7083387	8648560	3951	16	0.0000859896	0.000000296677
3	8648561	9543182	1868	16	0.0000525544	0.000000294561
3	9543183	11019664	2591	16	0.0001035940	0.000000297791
3	11019665	13070798	3464	16	0.0000820639	0.000000296428
3	13070799	14816899	3724	16	0.0000084721	0.000000291771
3	14816900	16282441	2367	16	0.0002670223	0.000000308132
3	16282442	17891117	2427	16	0.0002027295	0.000000304064
3	17891118	19125143	1877	16	0.0001953520	0.000000303597
3	19125144	20091347	1132	16	0.0001325457	0.000000251032
3	20091348	21643706	3716	16	-0.0001333053	0.000000282800
3	21643707	22204243	2075	16	0.0001832167	0.000000302829
3	22204244	23804864	3268	16	0.0000777785	0.000000296157
3	23804865	25461557	3397	16	0.0000653944	0.000000295373
3	25461558	26877768	2325	16	0.0002423683	0.000000306572
3	26877769	27840909	1779	16	0.0000382204	0.000000293654
3	27840910	29142259	2123	16	0.0001378464	0.000000299958
3	29142260	30717954	3424	16	-0.0000048415	0.000000290929
3	30717955	32351714	2957	16	0.0001650201	0.000000301678
3	32351715	33255591	1702	16	0.0000502041	0.000000293732
3	33255592	35283457	3294	16	0.0002847327	0.000000309253
3	35283458	36486841	1988	16	0.0002358347	0.000000305478
3	36486842	38356115	2403	16	0.0001265892	0.000000299246
3	38356116	40221297	3115	16	-0.0000176835	0.000000290116
3	40221298	41064527	703	16	0.0001381868	0.000000168354
3	41064528	42540001	2870	16	0.0000393607	0.000000293726
3	42540002	45165152	3058	16	-0.0000220505	0.000000289840
3	45165153	46657499	2986	16	0.0000616647	0.000000295137
3	46657500	47727211	917	16	0.0000439680	0.000000209004
3	47727212	49316971	949	16	0.0002980144	0.000000178390
3	49316972	51832014	2048	16	0.0004224463	0.000000316606
3	51832015	54081389	2433	16	0.0003122124	0.000000310992
3	54081390	55348859	2496	16	0.0000460445	0.000000294149
3	55348860	56433906	1722	16	0.0001657120	0.000000301721
3	56433907	58157518	2807	16	0.0000267199	0.000000292926
3	58157519	60272905	4262	16	0.0001060232	0.000000297944
3	60272906	62355665	4314	16	0.0000414691	0.000000293860
3	62355666	63669285	2786	16	0.0002957431	0.000000309950
3	63669286	65273537	3029	16	0.0002294034	0.000000305752
3	65273538	66270446	1782	16	0.0000446827	0.000000294063
3	66270447	68286913	3605	16	0.0002358194	0.000000306158
3	68286914	69276761	1687	16	0.0000992402	0.000000297515
3	69276762	70449027	2206	16	0.0001906641	0.000000303300
3	70449028	72529328	3231	16	-0.0000512796	0.000000287990
3	72529329	74321816	3246	16	0.0001239872	0.000000299081
3	74321817	75704948	2583	16	0.0000764175	0.000000296071
3	75704949	77508834	3006	16	-0.0000755640	0.000000286454
3	77508835	79024540	2133	16	0.0000015209	0.000000291332
3	79024541	81427309	3634	16	-0.0000293876	0.000000289376
3	81427310	82643885	1728	16	0.0000744456	0.000000258487
3	82643886	84367478	2525	16	0.0001285872	0.000000299372
3	84367479	85582230	2187	16	0.0004824138	0.000000312265
3	85582231	87409731	3024	16	0.0002948593	0.000000309894
3	87409732	88298372	1615	16	-0.0000075676	0.000000193904
3	88298373	94255315	3760	16	0.0000878931	0.000000296797
3	94255316	95311970	2055	16	-0.0000970870	0.000000235891
3	95311971	98215949	4473	16	-0.0000178779	0.000000290104
3	98215950	99373761	2231	16	0.0000658044	0.000000295399
3	99373762	100592216	1402	16	0.0001750883	0.000000266159
3	100592217	103084959	4328	16	0.0000737062	0.000000295899
3	103084960	104581612	3482	16	0.0002833821	0.000000309168
3	104581613	106982810	4420	16	0.0002192110	0.000000305107
3	106982811	109522394	4119	16	0.0002014796	0.000000303985
3	109522395	110513769	1876	16	0.0002342638	0.000000244509
3	110513770	112815698	3779	16	-0.0000082968	0.000000290710
3	112815699	113947862	1637	16	0.0003810665	0.000000315349
3	113947863	115447079	1674	16	0.0000999891	0.000000297563
3	115447080	116800152	2541	16	0.0001127581	0.000000298371
3	116800153	118530250	2983	16	0.0000232978	0.000000292710
3	118530251	120523054	3320	16	0.0000840203	0.000000296552
3	120523055	121974096	2455	16	0.0000530798	0.000000294594
3	121974097	123517767	2268	16	0.0000166176	0.000000292287
3	123517768	124936641	2628	16	0.0000635059	0.000000295254
3	124936642	126214942	3281	16	0.0000332458	0.000000293339
3	126214943	128194860	3050	16	0.0002056174	0.000000304247
3	128194861	130244734	3118	16	0.0001609726	0.000000301422
3	130244735	131836515	2795	16	0.0004719623	0.000000321101
3	131836516	133252172	2886	16	0.0000599916	0.000000295032
3	133252173	135456905	3604	16	-0.0000026858	0.000000291065
3	135456906	137371082	2534	16	0.0001371945	0.000000299917
3	137371083	139954596	3692	16	-0.0000194241	0.000000290006
3	139954597	141339096	2032	16	0.0001324291	0.000000299615
3	141339097	143164627	3118	16	-0.0000853697	0.000000285833
3	143164628	144410815	1948	16	-0.0000636613	0.000000287207
3	144410816	145664618	2743	16	-0.0000030015	0.000000291045
3	145664619	146726628	2106	16	0.0000665956	0.000000295449
3	146726629	149043236	3805	16	0.0002318714	0.000000305908
3	149043237	150252003	2082	16	0.0000244141	0.000000292780
3	150252004	151348729	1633	16	0.0000237934	0.000000292741
3	151348730	153256570	3429	16	0.0003240997	0.000000311744
3	153256571	154714217	2696	16	0.0001291251	0.000000299406
3	154714218	156008699	1904	16	-0.0000292747	0.000000289383
3	156008700	157312027	2064	16	0.0000815080	0.000000296393
3	157312028	159477889	3706	16	0.0003357664	0.000000312482
3	159477890	161524503	2925	16	0.0004529339	0.000000319897
3	161524504	163253204	4793	16	0.0000425084	0.000000293925
3	163253205	165055468	3529	16	-0.0000331722	0.000000289136
3	165055469	167117428	3730	16	0.0000251390	0.000000292826
3	167117429	168580959	2000	16	0.0001697732	0.000000301978
3	168580960	170964908	3453	16	0.0001204796	0.000000298859
3	170964909	172295730	2446	16	0.0001889194	0.000000303190
3	172295731	173477284	1815	16	0.0003808253	0.000000315334
3	173477285	175116538	3307	16	-0.0000924103	0.000000285388
3	175116539	176320286	2242	16	0.0000157528	0.000000292232
3	176320287	178107164	3124	16	0.0002375643	0.000000306268
3	178107165	179374585	2240	16	0.0003023279	0.000000310366
3	179374586	181511165	2587	16	0.0001630037	0.000000301550
3	181511166	183769682	3399	16	0.0000688391	0.000000295591
3	183769683	185068254	2175	16	0.0001708775	0.000000302048
3	185068255	186890343	2968	16	0.0000172753	0.000000292329
3	186890344	188856213	3196	16	-0.0000315045	0.000000289242
3	188856214	190226606	3276	16	0.0001043192	0.000000297837
3	190226607	192343813	4640	16	0.0001732474	0.000000302198
3	192343814	194059670	3420	16	0.0000719949	0.000000295791
3	194059671	194786673	2267	16	0.0000239826	0.000000292753
3	194786674	195971407	2391	16	0.0000568919	0.000000294835
3	195971408	197075986	2083	16	0.0000026629	0.000000291404
3	197075987	197946621	1475	16	-0.0000632505	0.000000287233
4	10240	694714	842	16	0.0003248559	0.000000207400
4	694715	1478710	1605	16	0.0002629851	0.000000307877
4	1478711	2842978	2271	16	0.0003117528	0.000000310963
4	2842979	3846039	1831	16	0.0000128686	0.000000292050
4	3846040	4684115	2733	16	-0.0000601546	0.000000287429
4	4684116	5502387	1940	16	-0.0001500995	0.000000281737
4	5502388	6773042	3141	16	-0.0000358581	0.000000288966
4	6773043	7539691	2207	16	0.0001684463	0.000000301895
4	7539692	8152234	1734	16	0.0001657289	0.000000301723
4	8152235	9326478	2565	16	0.0001808013	0.000000302676
4	9326479	10699151	3497	16	0.0002707717	0.000000308370
4	10699152	12323033	3723	16	0.0000294979	0.000000293102
4	12323034	14272000	3891	16	-0.0000616418	0.000000287335
4	14272001	15147445	1726	16	0.0002560420	0.000000307437
4	15147446	15927008	1299	16	0.0000658818	0.000000289976
4	15927009	17383321	2868	16	0.0002547552	0.000000307356
4	17383322	18841873	2471	16	0.0002881966	0.000000309472
4	18841874	20544556	3539	16	0.0000009950	0.000000291298
4	20544557	22319346	3597	16	-0.0001057390	0.000000284544
4	22319347	24135528	3112	16	0.0001394789	0.000000300061
4	24135529	25609321	2655	16	-0.0000094367	0.000000290638
4	25609322	27343721	2568	16	0.0001044663	0.000000297846
4	27343722	27965867	1248	16	0.0001485924	0.000000258574
4	27965868	29762207	3979	16	0.0001599109	0.000000301354
4	29762208	30454534	1124	16	-0.0001217092	0.000000181159
4	30454535	31782980	2678	16	0.0001402562	0.000000300111
4	31782981	33172765	3163	16	0.0000782420	0.000000296186
4	33172766	35151414	2943	16	0.0000434573	0.000000293985
4	35151415	36020435	2330	16	0.0002046768	0.000000304187
4	36020436	37255046	2946	16	0.0002638578	0.000000307932
4	37255047	38907021	3800	16	-0.0000847192	0.000000285874
4	38907022	40202608	2496	16	0.0001901972	0.000000303271
4	40202609	42213057	3832	16	-0.0000275454	0.000000289492
4	42213058	43965044	3430	16	-0.0000283951	0.000000289439
4	43965045	45189156	2564	16	-0.0000965593	0.000000285125
4	45189157	47411895	2962	16	-0.0000530845	0.000000287876
4	47411896	48123599	1250	16	0.0000875212	0.000000213632
4	48123600	53877432	2757	16	0.0001296741	0.000000299441
4	53877433	55429555	2582	16	0.0002077359	0.000000304381
4	55429556	56547643	2152	16	-0.0001074310	0.000000284437
4	56547644	58935007	5121	16	-0.0000557663	0.000000287707
4	58935008	60741086	4072	16	-0.0000594314	0.000000287475
4	60741087	62371762	3358	16	0.0001110042	0.000000298260
4	62371763	64341000	3712	16	0.0000941884	0.000000297196
4	64341001	66600491	4334	16	-0.0000069389	0.000000290796
4	66600492	68059496	2705	16	0.0002825712	0.000000309116
4	68059497	68854764	1523	16	-0.0000790075	0.000000229261
4	68854765	71049151	5410	16	0.0000055228	0.000000291585
4	71049152	72140557	1847	16	0.0000575264	0.000000267328
4	72140558	74592389	3319	16	-0.0000063358	0.000000290834
4	74592390	77130706	4481	16	0.0000301040	0.000000293140
4	77130707	79093978	3846	16	0.0001364485	0.000000299870
4	79093979	80990296	3142	16	0.0000717898	0.000000295778
4	80990297	82125314	1337	16	0.0000835239	0.000000224134
4	82125315	83372592	2117	16	0.0000563115	0.000000294799
4	83372593	84799655	2687	16	-0.0000130226	0.000000290411
4	84799656	86930608	3452	16	-0.0000717455	0.000000286695
4	86930609	87534647	714	16	0.0001741975	0.000000130301
4	87534648	89238027	3005	16	0.0002598292	0.000000307677
4	89238028	90231563	1717	16	0.0001513365	0.000000300812
4	90231564	91560676	2006	16	0.0001241842	0.000000299094
4	91560677	94233298	3766	16	-0.0000588508	0.000000287511
4	94233299	96182187	3291	16	0.0001338100	0.000000299703
4	96182188	97540702	2807	16	0.0000241884	0.000000292766
4	97540703	99424066	3253	16	-0.0001262555	0.000000283246
4	99424067	100678359	2260	16	0.0001065413	0.000000297977
4	100678360	103221355	4537	16	0.0001715781	0.000000302093
4	103221356	105305293	3026	16	0.0000464580	0.000000294175
4	105305294	107501304	3136	16	-0.0000256465	0.000000289612
4	107501305	108815347	1881	16	0.0003210596	0.000000311552
4	108815348	111256566	4143	16	-0.0000976313	0.000000285057
4	111256567	113870101	3888	16	0.0001983258	0.000000303785
4	113870102	115666245	3247	16	0.0000080703	0.000000291746
4	115666246	117276928	2900	16	0.0003908105	0.000000315966
4	117276929	118479917	2454	16	-0.0000560796	0.000000287687
4	118479918	119933511	2858	16	-0.0000507660	0.000000288023
4	119933512	120392683	1232	16	-0.0000071232	0.000000197660
4	120392684	122657986	4779	16	0.0002798908	0.000000308947
4	122657987	124286480	2317	16	0.0000020783	0.000000291367
4	124286481	125210861	1718	16	0.0002632300	0.000000307892
4	125210862	126480885	2412	16	-0.0000675004	0.000000286964
4	126480886	127275476	1741	16	0.0001308090	0.000000299513
4	127275477	127830292	1167	16	0.0001098179	0.000000213779
4	127830293	128996664	1014	16	0.0000367787	0.000000195455
4	128996665	130591884	2443	16	0.0002087663	0.000000304446
4	130591885	131283820	1152	16	0.0004654818	0.000000235547
4	131283821	132954032	3127	16	-0.0000495141	0.000000288102
4	132954033	134628433	3390	16	0.0000995614	0.000000297536
4	134628434	136566406	3497	16	0.0001833795	0.000000302839
4	136566407	138541970	4237	16	0.0000360322	0.000000293515
4	138541971	139556510	2010	16	-0.0000490015	0.000000288135
4	139556511	141084630	2444	16	0.0000235039	0.000000292723
4	141084631	143443264	3841	16	0.0000221783	0.000000292639
4	143443265	146178186	3733	16	0.0001885838	0.000000303169
4	146178187	148521872	3399	16	0.0001824569	0.000000302781
4	148521873	150683579	2862	16	0.0003073603	0.000000310685
4	150683580	152782183	2611	16	0.0001153500	0.000000298535
4	152782184	154477640	2459	16	0.0000782506	0.000000296187
4	154477641	155056125	1223	16	0.0003387823	0.000000287093
4	155056126	157485096	4722	16	-0.0000070709	0.000000290788
4	157485097	158743717	2115	16	0.0002140994	0.000000304783
4	158743718	161058863	3450	16	0.0001439109	0.000000300342
4	161058864	161826434	1886	16	0.0000531109	0.000000294596
4	161826435	163243678	3845	16	0.0002180487	0.000000305033
4	163243679	164478233	2152	16	0.0000584094	0.000000294931
4	164478234	165823447	2968	16	0.0001427438	0.000000300268
4	165823448	167018857	2420	16	-0.0000688961	0.000000286876
4	167018858	167852916	1697	16	0.0000105928	0.000000251173
4	167852917	169676824	3378	16	0.0000615769	0.000000295132
4	169676825	170776509	1608	16	0.0000935554	0.000000297155
4	170776510	172558634	3099	16	0.0000039760	0.000000291487
4	172558635	174264131	2207	16	0.0002162284	0.000000304918
4	174264132	176570715	3947	16	0.0001712551	0.000000302072
4	176570716	178991909	4925	16	-0.0000306370	0.000000289297
4	178991910	180122042	2335	16	0.0002584531	0.000000307590
4	180122043	182066806	4972	16	-0.0001204812	0.000000283611
4	182066807	183371274	3387	16	-0.0001304704	0.000000282979
4	183371275	184929454	3663	16	0.0000158200	0.000000292236
4	184929455	186909089	4877	16	-0.0000359238	0.000000288962
4	186909090	188472980	3525	16	-0.0000133802	0.000000290389
4	188472981	189693510	3815	16	0.0001709936	0.000000302056
4	189693511	191043593	3206	16	0.0001181161	0.000000298710
5	11940	982251	2176	16	0.0000051006	0.000000291558
5	982252	2132441	3080	16	0.0000937153	0.000000297166
5	2132442	3361940	3769	16	0.0000260691	0.000000292885
5	3361941	4632109	2725	16	0.0000464712	0.000000294176
5	4632110	5973232	3043	16	0.0001314145	0.000000299551
5	5973233	7143217	2687	16	-0.0000404363	0.000000288677
5	7143218	8446335	2987	16	-0.0000707699	0.000000286757
5	8446336	9718831	2886	16	0.0000872571	0.000000296757
5	9718832	11173270	3061	16	0.0001014045	0.000000297652
5	11173271	13464831	3413	16	0.0000488344	0.000000294326
5	13464832	14757803	2326	16	0.0001514056	0.000000300816
5	14757804	16963612	3146	16	0.0003732875	0.000000314857
5	16963613	18051591	1674	16	0.0000053710	0.000000291575
5	18051592	19917715	3874	16	0.0001411199	0.000000300165
5	19917716	22152072	3194	16	0.0000880419	0.000000296807
5	22152073	23494323	2305	16	0.0000402208	0.000000293781
5	23494324	26184850	5343	16	0.0001259332	0.000000299204
5	26184851	26857603	1341	16	-0.0000294749	0.000000215108
5	26857604	27984512	1917	16	0.0002433054	0.000000306632
5	27984513	29714819	3562	16	0.0000161227	0.000000292256
5	29714820	31390248	3371	16	-0.0000066761	0.000000290813
5	31390249	33500179	3884	16	-0.0000063466	0.000000290834
5	33500180	35048969	2877	16	0.0000060739	0.000000291620
5	35048970	36433953	2205	16	0.0002261822	0.000000305548
5	36433954	38802409	3519	16	0.0002314736	0.000000305883
5	38802410	40287728	2719	16	0.0001511722	0.000000300801
5	40287729	41888709	3097	16	0.0001189432	0.000000298762
5	41888710	43983498	2723	16	0.0002469595	0.000000306863
5	43983499	50163397	4380	16	0.0000260737	0.000000292885
5	50163398	52134621	3314	16	0.0000961771	0.000000297321
5	52134622	53703043	3263	16	0.0000947977	0.000000297234
5	53703044	55417348	3154	16	0.0002301220	0.000000305797
5	55417349	56621101	2153	16	0.0000765005	0.000000296076
5	56621102	57340072	1248	16	0.0000790769	0.000000235366
5	57340073	58524621	2745	16	0.0001630659	0.000000301554
5	58524622	60935906	3164	16	-0.0000278931	0.000000289470
5	60935907	61672994	1007	16	0.0001543296	0.000000216582
5	61672995	63218986	2800	16	0.0001269474	0.000000299269
5	63218987	63968303	929	16	0.0001057140	0.000000163331
5	63968304	65911285	3020	16	0.0001158826	0.000000298568
5	65911286	67850859	3278	16	0.0001646892	0.000000301657
5	67850860	71240455	2303	16	0.0001575081	0.000000301202
5	71240456	73759325	4238	16	0.0000090137	0.000000291806
5	73759326	75798865	3370	16	0.0001267227	0.000000299254
5	75798866	77623331	3153	16	0.0002533311	0.000000307266
5	77623332	79393143	2901	16	0.0001530648	0.000000300921
5	79393144	80481470	2404	16	0.0003785591	0.000000315190
5	80481471	82025647	2113	16	0.0001807037	0.000000302670
5	82025648	83972688	2559	16	-0.0000005220	0.000000291202
5	83972689	85767289	4470	16	0.0001677442	0.000000301850
5	85767290	87389990	1560	16	0.0000498705	0.000000294391
5	87389991	88891529	1296	16	0.0008015665	0.000000320342
5	88891530	90422653	1764	16	0.0003622300	0.000000314157
5	90422654	91840541	1713	16	-0.0000564218	0.000000287665
5	91840542	93809983	1626	16	0.0000241555	0.000000292764
5	93809984	95963518	2890	16	-0.0000485198	0.000000288165
5	95963519	97315600	2867	16	0.0002453893	0.000000306763
5	97315601	99260991	3667	16	-0.0000075679	0.000000290756
5	99260992	101578768	3547	16	0.0002280854	0.000000305668
5	101578769	103320004	2546	16	0.0000756302	0.000000296021
5	103320005	104851482	2637	16	0.0002323437	0.000000305938
5	104851483	105893054	1377	16	0.0001704751	0.000000275792
5	105893055	107264195	2606	16	0.0002245986	0.000000305448
5	107264196	108633933	2615	16	-0.0001271031	0.000000283192
5	108633934	110821143	3480	16	0.0000733796	0.000000295879
5	110821144	111981561	2135	16	0.0001172339	0.000000298654
5	111981562	113396284	2795	16	0.0000415551	0.000000293865
5	113396285	114830369	2992	16	0.0000565301	0.000000294813
5	114830370	115831046	2220	16	0.0000061945	0.000000291627
5	115831047	117346212	3038	16	0.0002622485	0.000000307830
5	117346213	118608819	2145	16	-0.0000472512	0.000000288245
5	118608820	119669041	1913	16	-0.0000096128	0.000000290627
5	119669042	120452165	1484	16	0.0000478011	0.000000246987
5	120452166	122556904	3802	16	0.0001565578	0.000000301142
5	122556905	123798099	2187	16	0.0004546496	0.000000320005
5	123798100	125785648	4317	16	0.0001554670	0.000000301073
5	125785649	127344603	2159	16	0.0000245386	0.000000292788
5	127344604	129519024	4049	16	0.0001268783	0.000000299264
5	129519025	132139648	2612	16	0.0000918439	0.000000297047
5	132139649	134777400	3649	16	0.0000752163	0.000000295995
5	134777401	136376049	2669	16	0.0001095410	0.000000298167
5	136376050	139265071	2876	16	0.0002852322	0.000000309285
5	139265072	140645970	1544	16	0.0002065517	0.000000300908
5	140645971	142981247	3472	16	0.0000533856	0.000000294614
5	142981248	144943353	3139	16	0.0001782023	0.000000302512
5	144943354	147181997	3412	16	0.0001559024	0.000000301101
5	147181998	148662623	2458	16	0.0000349870	0.000000293449
5	148662624	150561297	3139	16	-0.0000251551	0.000000289644
5	150561298	152867773	4427	16	-0.0001158610	0.000000283904
5	152867774	153773087	1883	16	0.0000060787	0.000000291620
5	153773088	155373504	2779	16	0.0001067969	0.000000297993
5	155373505	156628699	1786	16	0.0000455485	0.000000294118
5	156628700	158825697	3925	16	-0.0000552728	0.000000287738
5	158825698	159973943	2049	16	0.0000647162	0.000000295331
5	159973944	161482132	2589	16	-0.0000359496	0.000000288961
5	161482133	162743907	2108	16	-0.0000685111	0.000000286900
5	162743908	163771581	2053	16	0.0002883425	0.000000309481
5	163771582	165642394	3000	16	0.0003146195	0.000000311144
5	165642395	166847739	1971	16	0.0003340754	0.000000312375
5	166847740	168525317	2714	16	0.0001575798	0.000000301207
5	168525318	169505663	1786	16	0.0001792637	0.000000302579
5	169505664	171074291	2802	16	-0.0001105665	0.000000284239
5	171074292	172678326	2867	16	0.0001068626	0.000000297998
5	172678327	173642870	2068	16	0.0000090337	0.000000291807
5	173642871	175450594	3554	16	0.0001939416	0.000000303508
5	175450595	177251506	1907	16	0.0002037589	0.000000304129
5	177251507	178413463	2983	16	0.0000621240	0.000000295167
5	178413464	179401243	1961	16	0.0000568527	0.000000294833
5	179401244	180559932	2730	16	0.0002121251	0.000000304658
5	180559933	180885155	291	16	0.0000660373	0.000000101025
6	73924	1452361	2931	16	-0.0000045680	0.000000290946
6	1452362	2458935	1787	16	0.0000601597	0.000000295042
6	2458936	3573592	2604	16	0.0002053849	0.000000304232
6	3573593	4617816	2535	16	0.0000089072	0.000000291799
6	4617817	5791471	2445	16	0.0003208633	0.000000311539
6	5791472	6785206	2398	16	0.0000173298	0.000000292332
6	6785207	7808935	2350	16	0.0000330195	0.000000293325
6	7808936	9020025	2739	16	0.0000685012	0.000000295570
6	9020026	10540316	3117	16	0.0002196659	0.000000305136
6	10540317	11790815	2159	16	0.0004123765	0.000000317330
6	11790816	13209387	2301	16	0.0001962049	0.000000303651
6	13209388	14802923	2750	16	0.0000312115	0.000000293210
6	14802924	17386404	4436	16	0.0000138218	0.000000292110
6	17386405	19207486	3614	16	0.0002751618	0.000000308647
6	19207487	21684064	4410	16	0.0000712700	0.000000295745
6	21684065	22748306	2428	16	0.0001665886	0.000000301777
6	22748307	23936618	2689	16	0.0001473790	0.000000300561
6	23936619	24852274	1847	16	-0.0000189107	0.000000290039
6	24852275	25684586	1799	16	-0.0001742619	0.000000280208
6	25684587	26791232	1740	16	0.0001001963	0.000000268034
6	26791233	28017818	1724	16	0.0000335697	0.000000226085
6	28017819	28917607	1521	16	-0.0000560445	0.000000126784
6	28917608	29737970	1970	16	-0.0000036374	0.000000222463
6	29737971	30798167	4832	16	-0.0000007215	0.000000291190
6	30798168	31571217	5938	16	0.0000702522	0.000000295681
6	31571218	32682663	8582	16	-0.0000257360	0.000000289607
6	32682664	33236496	3029	16	0.0001107307	0.000000298242
6	33236497	35455755	3673	16	0.0000125715	0.000000292031
6	35455756	37572595	3511	16	0.0001310642	0.000000299529
6	37572596	39295676	3465	16	-0.0000240145	0.000000289716
6	39295677	40345114	1621	16	0.0001407495	0.000000300142
6	40345115	42038720	3006	16	0.0000036835	0.000000291468
6	42038721	43756168	2135	16	-0.0000886156	0.000000285628
6	43756169	45406562	2785	16	-0.0000898177	0.000000285552
6	45406563	47311897	2996	16	0.0002182291	0.000000305045
6	47311898	48391124	2079	16	0.0002467890	0.000000306852
6	48391125	50386144	3599	16	0.0001321247	0.000000299596
6	50386145	52210475	2868	16	0.0000319121	0.000000293255
6	52210476	53279101	2026	16	0.0001260025	0.000000299209
6	53279102	55468269	4593	16	0.0001701817	0.000000302004
6	55468270	56105312	1521	16	0.0000069436	0.000000181881
6	56105313	57599464	1784	16	0.0004917745	0.000000322354
6	57599465	61880511	2272	16	0.0000423856	0.000000242743
6	61880512	63552887	3383	16	0.0001946373	0.000000303552
6	63552888	65765741	3580	16	0.0000099833	0.000000291867
6	65765742	67329214	4013	16	0.0000976675	0.000000297416
6	67329215	68849482	4077	16	0.0002923930	0.000000309738
6	68849483	69523447	1730	16	0.0000158052	0.000000219867
6	69523448	71609509	3859	16	0.0001830931	0.000000302821
6	71609510	73450096	3384	16	-0.0000754365	0.000000286462
6	73450097	75462002	3890	16	0.0000821413	0.000000296433
6	75462003	77414880	2616	16	0.0001833851	0.000000302840
6	77414881	78957727	3502	16	0.0001229416	0.000000299015
6	78957728	80691169	3403	16	0.0000355333	0.000000293484
6	80691170	81929221	3032	16	0.0000168095	0.000000292299
6	81929222	83127148	1926	16	0.0001276813	0.000000299315
6	83127149	85209988	2598	16	0.0000901027	0.000000296937
6	85209989	87069499	3775	16	0.0001459216	0.000000300469
6	87069500	88822139	3170	16	0.0000682588	0.000000295555
6	88822140	89973051	2068	16	0.0000148130	0.000000292173
6	89973052	91843195	3041	16	0.0001473042	0.000000300557
6	91843196	93428643	2615	16	0.0000328669	0.000000293315
6	93428644	94118141	1630	16	0.0000985847	0.000000285967
6	94118142	94441174	461	16	0.0000899176	0.000000069405
6	94441175	97093510	4282	16	0.0000308679	0.000000293189
6	97093511	97842283	1209	16	0.0000014386	0.000000182759
6	97842284	100630145	4197	16	-0.0000536074	0.000000287843
6	100630146	102636771	2763	16	0.0002133995	0.000000304739
6	102636772	103983394	2652	16	0.0004691996	0.000000320926
6	103983395	106056732	3796	16	0.0001378178	0.000000299956
6	106056733	107450305	2865	16	0.0000419996	0.000000293893
6	107450306	108464379	1459	16	-0.0000462386	0.000000288309
6	108464380	110304246	2553	16	0.0002217606	0.000000305268
6	110304247	112345013	3065	16	0.0001194058	0.000000298791
6	112345014	114220832	2879	16	0.0002064390	0.000000304299
6	114220833	116131395	3330	16	0.0003748871	0.000000314958
6	116131396	117672971	2332	16	0.0001984039	0.000000303790
6	117672972	118963114	1729	16	0.0000874360	0.000000285262
6	118963115	119963277	1641	16	-0.0000092651	0.000000276458
6	119963278	120512127	1085	16	0.0002600289	0.000000161764
6	120512128	121905675	2662	16	0.0002971417	0.000000310038
6	121905676	123856180	3611	16	0.0001300678	0.000000299466
6	123856181	125424382	2491	16	-0.0000424497	0.000000288549
6	125424383	127540460	2030	16	0.0002469207	0.000000306860
6	127540461	129861030	3087	16	0.0000379458	0.000000293637
6	129861031	130935453	2286	16	0.0000632596	0.000000295238
6	130935454	132765668	2984	16	0.0000591650	0.000000294979
6	132765669	134244242	2412	16	0.0007900453	0.000000341229
6	134244243	136224176	2693	16	0.0000180950	0.000000292380
6	136224177	137614217	1262	16	0.0003653698	0.000000314356
6	137614218	138822628	2213	16	0.0004232017	0.000000318015
6	138822629	139845435	1929	16	0.0001499753	0.000000300726
6	139845436	142288478	3197	16	0.0001106780	0.000000298239
6	142288479	145319809	4253	16	0.0004164984	0.000000317591
6	145319810	146665423	1801	16	0.0002402446	0.000000243600
6	146665424	148920351	3891	16	-0.0000439497	0.000000288454
6	148920352	150253403	2560	16	0.0002238604	0.000000305401
6	150253404	151912702	4003	16	0.0002867932	0.000000309383
6	151912703	153094495	2267	16	0.0004030398	0.000000316739
6	153094496	154974119	4206	16	0.0000066485	0.000000291656
6	154974120	156763325	3293	16	0.0001310608	0.000000299529
6	156763326	158218718	2119	16	-0.0001261615	0.000000283252
6	158218719	160580496	5145	16	0.0000314509	0.000000293226
6	160580497	162169563	3306	16	0.0000906097	0.000000296969
6	162169564	162931202	1803	16	0.0002066375	0.000000304311
6	162931203	164383520	3298	16	0.0001384013	0.000000299993
6	164383521	165586863	3115	16	0.0000113227	0.000000291952
6	165586864	167024732	3547	16	0.0000995985	0.000000297538
6	167024733	168042834	2393	16	-0.0000438690	0.000000288459
6	168042835	169382049	3976	16	0.0001985808	0.000000303801
6	169382050	170330172	2081	16	0.0000928929	0.000000297114
6	170330173	171051269	1509	16	0.0000744237	0.000000295945
7	16161	972751	2616	16	0.0000643424	0.000000295307
7	972752	1353066	1059	16	0.0000751519	0.000000295991
7	1353067	2062397	1446	16	-0.0000299103	0.000000289343
7	2062398	2772226	1421	16	0.0000425721	0.000000293929
7	2772227	4573427	4700	16	-0.0000036012	0.000000291007
7	4573428	5416231	1971	16	0.0000922031	0.000000297070
7	5416232	5854525	724	16	0.0001000217	0.000000297565
7	5854526	6573856	1268	16	0.0002141514	0.000000304787
7	6573857	7808751	3304	16	0.0003234527	0.000000311703
7	7808752	9123422	3272	16	-0.0000102471	0.000000290587
7	9123423	9987498	2631	16	0.0001994487	0.000000303856
7	9987499	11299197	3272	16	0.0001861225	0.000000303013
7	11299198	12635460	4032	16	0.0000386511	0.000000293681
7	12635461	13884201	3342	16	-0.0000266454	0.000000289549
7	13884202	15143656	1783	16	0.0000852104	0.000000296627
7	15143657	16902068	3641	16	0.0000980541	0.000000297440
7	16902069	19481546	4094	16	0.0001783597	0.000000302522
7	19481547	20124907	1460	16	0.0000755154	0.000000295334
7	20124908	22507628	5219	16	-0.0000279152	0.000000289469
7	22507629	23471441	1599	16	0.0002242188	0.000000305424
7	23471442	25077258	3475	16	-0.0000936571	0.000000285309
7	25077259	25909554	1812	16	0.0001054342	0.000000297907
7	25909555	28360308	3789	16	0.0000056845	0.000000291595
7	28360309	31137288	5071	16	-0.0000309195	0.000000289279
7	31137289	33555767	5220	16	0.0001282246	0.000000299349
7	33555768	36213537	4757	16	0.0000264386	0.000000292908
7	36213538	37555183	2573	16	0.0000137607	0.000000292106
7	37555184	38966702	3275	16	0.0001095841	0.000000298170
7	38966703	39862669	1558	16	0.0000910278	0.000000296996
7	39862670	42001810	2873	16	0.0000313440	0.000000293219
7	42001811	43159073	2112	16	0.0006668665	0.000000333434
7	43159074	44763827	2581	16	0.0000533855	0.000000294614
7	44763828	45952921	2247	16	0.0002421525	0.000000306559
7	45952922	46986719	2256	16	0.0003957353	0.000000316277
7	46986720	49212277	4932	16	-0.0000188577	0.000000290042
7	49212278	51675321	4832	16	0.0001578208	0.000000301222
7	51675322	53176311	4325	16	0.0001740103	0.000000302247
7	53176312	54222975	2589	16	0.0000454497	0.000000294111
7	54222976	55691583	3234	16	0.0002725674	0.000000308483
7	55691584	57382637	3493	16	0.0002341586	0.000000306053
7	57382638	63307358	3316	16	0.0000486746	0.000000294315
7	63307359	63641124	629	16	0.0001934859	0.000000094697
7	63641125	65689808	3200	16	-0.0000034607	0.000000291016
7	65689809	68234073	6485	16	-0.0000396156	0.000000288729
7	68234074	69085363	1726	16	0.0000105586	0.000000291904
7	69085364	71874884	4545	16	0.0000199542	0.000000292498
7	71874885	73334601	1272	16	0.0001139833	0.000000298448
7	73334602	76458563	3308	16	-0.0000066400	0.000000290815
7	76458564	78093858	3351	16	0.0000220723	0.000000292632
7	78093859	79888068	3355	16	0.0001349596	0.000000299776
7	79888069	82022685	3291	16	0.0001835872	0.000000302853
7	82022686	83801202	3575	16	0.0000078928	0.000000291735
7	83801203	85572181	2739	16	0.0001105170	0.000000298229
7	85572182	87825003	3045	16	-0.0000545197	0.000000287785
7	87825004	90661783	5589	16	0.0000449199	0.000000294078
7	90661784	92493751	1958	16	0.0000773803	0.000000296132
7	92493752	93966600	1736	16	0.0000848372	0.000000296604
7	93966601	96073507	2937	16	0.0004399416	0.000000319075
7	96073508	97099569	1622	16	0.0003914660	0.000000316007
7	97099570	98715473	2941	16	-0.0000064392	0.000000290828
7	98715474	100196650	1301	16	0.0002098364	0.000000268353
7	100196651	101199252	1930	16	0.0001506782	0.000000300770
7	101199253	103197509	2785	16	0.0001676218	0.000000301842
7	103197510	104159524	2294	16	0.0000994476	0.000000297528
7	104159525	105682904	2341	16	-0.0001012520	0.000000284828
7	105682905	107780177	3399	16	-0.0000591679	0.000000287491
7	107780178	109647593	3186	16	0.0000114252	0.000000291958
7	109647594	112618683	3815	16	0.0001034145	0.000000297779
7	112618684	113712386	1422	16	0.0001815147	0.000000252171
7	113712387	116780177	3485	16	-0.0000197822	0.000000289984
7	116780178	118351580	1770	16	-0.0000275471	0.000000271280
7	118351581	121045272	2797	16	0.0031587526	0.000000491119
7	121045273	121933629	1428	16	0.0001305921	0.000000247659
7	121933630	124156804	3766	16	0.0000631705	0.000000295233
7	124156805	124167551	27	3	0.0000176988	0.000000007885
7	124167552	126519169	4701	16	0.0000944661	0.000000297213
7	126519170	126869220	493	16	0.0002624006	0.000000106120
7	126869221	128778385	3089	16	-0.0000881546	0.000000285657
7	128778386	130422413	2487	16	0.0001025638	0.000000297726
7	130422414	132805847	3987	16	0.0001250473	0.000000299148
7	132805848	134307595	2252	16	0.0002576070	0.000000307537
7	134307596	135591082	2319	16	0.0000445492	0.000000294054
7	135591083	136876561	2320	16	0.0003212868	0.000000311566
7	136876562	138744678	2960	16	0.0000655937	0.000000295386
7	138744679	139933176	1441	16	0.0001695727	0.000000301966
7	139933177	140235209	763	16	0.0001302965	0.000000225175
7	140235210	141226556	1198	16	0.0000556865	0.000000251401
7	141226557	142656309	2222	16	0.0000931803	0.000000297132
7	142656310	144968288	3142	16	0.0002598739	0.000000307680
7	144968289	146427959	2725	16	0.0000070525	0.000000291682
7	146427960	147815317	3130	16	0.0000237517	0.000000292738
7	147815318	149840657	3766	16	0.0000799318	0.000000296293
7	149840658	150711504	2100	16	0.0001176566	0.000000298681
7	150711505	152249805	2266	16	0.0001052758	0.000000297897
7	152249806	153674018	3488	16	-0.0000468844	0.000000288269
7	153674019	154964729	2847	16	0.0002238420	0.000000305400
7	154964730	156065249	2842	16	0.0000741433	0.000000295927
7	156065250	157634596	3345	16	0.0001524122	0.000000300880
7	157634597	159128574	3499	16	0.0000494112	0.000000294362
8	10422	1044216	2407	16	0.0000686737	0.000000295581
8	1044217	1163244	494	16	-0.0001082314	0.000000166723
8	1163245	2042941	2658	16	0.0001423355	0.000000300242
8	2042942	2573278	1906	16	0.0001675647	0.000000301839
8	2573279	3392925	3173	16	-0.0001509704	0.000000281682
8	3392926	3783016	2025	16	0.0000664723	0.000000295442
8	3783017	4480475	3035	16	-0.0000066363	0.000000290815
8	4480476	5146926	2432	16	-0.0000212784	0.000000289889
8	5146927	6142796	4238	16	-0.0000304641	0.000000289308
8	6142797	7153078	2842	16	-0.0000339385	0.000000289088
8	7153079	9154693	3018	16	0.0001515238	0.000000300824
8	9154694	9640786	1060	16	0.0001274358	0.000000270418
8	9640787	10463196	2093	16	0.0002010964	0.000000303961
8	10463197	11278997	1698	16	-0.0000704706	0.000000286776
8	11278998	13491774	5104	16	0.0001558773	0.000000301099
8	13491775	13944991	2148	16	0.0002839679	0.000000309205
8	13944992	15991659	5841	16	0.0000885740	0.000000296840
8	15991660	17387875	2960	16	0.0000025181	0.000000291395
8	17387876	17836398	1288	16	0.0001523405	0.000000300875
8	17836399	19492839	4096	16	-0.0000082738	0.000000290712
8	19492840	20060855	1203	16	0.0000399643	0.000000293764
8	20060856	21661736	3334	16	0.0003253080	0.000000311821
8	21661737	22897056	1957	16	0.0000168318	0.000000292300
8	22897057	24674717	3374	16	0.0000605928	0.000000295070
8	24674718	25483453	1489	16	-0.0000081360	0.000000273176
8	25483454	26682524	2787	16	0.0000488394	0.000000294326
8	26682525	28162391	3316	16	0.0003438364	0.000000312993
8	28162392	29327895	1628	16	-0.0000115997	0.000000290501
8	29327896	31133728	2729	16	0.0000404491	0.000000293795
8	31133729	31548359	866	16	0.0005157536	0.000000184312
8	31548360	32977217	2317	16	0.0002890712	0.000000309528
8	32977218	35317231	3491	16	-0.0000514756	0.000000287978
8	35317232	37379388	1717	16	0.0000606430	0.000000295073
8	37379389	38938805	1627	16	0.0000597812	0.000000295018
8	38938806	40703336	3842	16	0.0000892219	0.000000296881
8	40703337	41721453	2054	16	0.0002117203	0.000000304633
8	41721454	42773822	947	16	0.0000202712	0.000000225247
8	42773823	46841314	563	16	-0.0000346214	0.000000152143
8	46841315	50082469	2750	16	-0.0000939624	0.000000285290
8	50082470	53302929	5558	16	-0.0000860161	0.000000285792
8	53302930	54418043	2263	16	0.0001261050	0.000000299215
8	54418044	55945580	2353	16	0.0000433336	0.000000293977
8	55945581	56956382	1753	16	-0.0000449848	0.000000288389
8	56956383	59068650	4223	16	0.0001852879	0.000000302960
8	59068651	59728099	1376	16	0.0001865522	0.000000274153
8	59728100	62329098	3948	16	0.0001132021	0.000000298399
8	62329099	63349305	1911	16	0.0001996210	0.000000293705
8	63349306	65232871	2856	16	0.0001056950	0.000000297924
8	65232872	66489089	1787	16	0.0002162565	0.000000304920
8	66489090	69863056	4387	16	0.0001215127	0.000000298925
8	69863057	70867978	1892	16	0.0001401070	0.000000300101
8	70867979	72289453	2348	16	-0.0000404473	0.000000288676
8	72289454	73817198	3247	16	0.0000524396	0.000000294554
8	73817199	75445063	2699	16	0.0000096231	0.000000291844
8	75445064	76456541	1638	16	0.0000793451	0.000000283405
8	76456542	79132860	4554	16	0.0000349761	0.000000293449
8	79132861	81956394	4036	16	0.0001163368	0.000000298597
8	81956395	82693738	1071	16	0.0002462491	0.000000224889
8	82693739	84225588	3207	16	-0.0000653425	0.000000287101
8	84225589	85955618	2891	16	0.0000639552	0.000000295282
8	85955619	87411708	1328	16	0.0001186956	0.000000233371
8	87411709	89085480	2882	16	-0.0000361578	0.000000288947
8	89085481	90638161	2595	16	0.0000241809	0.000000292766
8	90638162	93554385	3362	16	0.0001157504	0.000000298560
8	93554386	95005526	1676	16	0.0000241709	0.000000292765
8	95005527	96534805	2875	16	0.0001933622	0.000000303471
8	96534806	99401580	4828	16	0.0000262145	0.000000292894
8	99401581	101620957	1885	16	0.0000546626	0.000000294694
8	101620958	104123305	4343	16	0.0000278763	0.000000292999
8	104123306	104988751	1990	16	0.0002659409	0.000000236903
8	104988752	107410753	4130	16	0.0001347979	0.000000299765
8	107410754	108648176	2224	16	0.0001067786	0.000000297992
8	108648177	109248172	1069	16	0.0000522239	0.000000154037
8	109248173	110484313	2111	16	0.0002319449	0.000000295075
8	110484314	111850846	1546	16	0.0001696705	0.000000260560
8	111850847	113064319	1574	16	0.0000993746	0.000000190144
8	113064320	116096494	5326	16	0.0000761354	0.000000296053
8	116096495	119685456	4680	16	0.0001987445	0.000000303812
8	119685457	121201699	2650	16	0.0007687870	0.000000339884
8	121201700	124861458	6065	16	0.0000792736	0.000000296252
8	124861459	125683718	1464	16	0.0001181380	0.000000298711
8	125683719	126410916	1329	16	0.0002561974	0.000000307447
8	126410917	128659110	4363	16	0.0001519047	0.000000300848
8	128659111	130381138	3195	16	0.0004505204	0.000000319744
8	130381139	131639624	2369	16	0.0005108335	0.000000323560
8	131639625	133351143	3741	16	0.0001522785	0.000000300871
8	133351144	134570000	2508	16	0.0000341700	0.000000293398
8	134570001	136035604	3541	16	0.0000871542	0.000000296750
8	136035605	137524150	2747	16	0.0001609911	0.000000301423
8	137524151	139254829	4251	16	0.0001401362	0.000000300103
8	139254830	140725642	2924	16	0.0004335348	0.000000318669
8	140725643	143044913	4024	16	-0.0001299681	0.000000283011
8	143044914	144236880	3016	16	-0.0000967855	0.000000285111
8	144236881	146303866	2702	16	0.0001813622	0.000000302712
9	10023	1079706	2849	16	0.0001501977	0.000000300740
9	1079707	1916876	2332	16	-0.0000177120	0.000000290115
9	1916877	3190063	3115	16	0.0000679501	0.000000295535
9	3190064	4495327	2629	16	0.0001164471	0.000000298604
9	4495328	4884925	955	16	0.0002971345	0.000000310038
9	4884926	6557588	2547	16	0.0000653313	0.000000295369
9	6557589	7154922	1743	16	0.0002867290	0.000000309379
9	7154923	8456298	3526	16	0.0004574512	0.000000320183
9	8456299	9166402	1616	16	-0.0000716236	0.000000286703
9	9166403	10879252	4337	16	0.0000866711	0.000000296720
9	10879253	12276488	3590	16	0.0000912534	0.000000297010
9	12276489	14836362	5358	16	0.0001244306	0.000000299109
9	14836363	16659654	3549	16	0.0001008525	0.000000297617
9	16659655	18661050	4564	16	0.0002203188	0.000000305177
9	18661051	20463533	3553	16	-0.0000883349	0.000000285646
9	20463534	22206558	2777	16	-0.0000238548	0.000000289726
9	22206559	24158517	2872	16	-0.0000125463	0.000000290441
9	24158518	25330809	1718	16	-0.0000248738	0.000000288982
9	25330810	26111756	1444	16	0.0003550831	0.000000313705
9	26111757	28224282	4074	16	-0.0001336908	0.000000282776
9	28224283	28811583	1157	16	0.0000382296	0.000000290259
9	28811584	30387391	3711	16	0.0003277299	0.000000311974
9	30387392	31310382	1979	16	-0.0000544366	0.000000284396
9	31310383	32019367	1723	16	0.0001125971	0.000000225330
9	32019368	33578333	3338	16	0.0000056370	0.000000291592
9	33578334	34642242	1966	16	0.0002042459	0.000000300762
9	34642243	36743282	2706	16	0.0000705521	0.000000295700
9	36743283	38641598	3373	16	0.0001975937	0.000000303739
9	38641599	65472189	468	16	0.0000472652	0.000000148416
9	65472190	72512710	2617	16	0.0001850591	0.000000302946
9	72512711	72753754	455	16	0.0000834190	0.000000073794
9	72753755	74253039	2698	16	0.0002096226	0.000000304500
9	74253040	76203945	2938	16	0.0000855030	0.000000296646
9	76203946	76973080	1086	16	0.0000201195	0.000000176611
9	76973081	78900182	3727	16	0.0000353411	0.000000293472
9	78900183	79471207	1252	16	-0.0000372788	0.000000288876
9	79471208	81079054	2685	16	0.0000435809	0.000000293993
9	81079055	82590927	2426	16	0.0000737080	0.000000295900
9	82590928	84211232	4050	16	0.0002050287	0.000000304209
9	84211233	85440800	1447	16	0.0000053389	0.000000291573
9	85440801	86938195	2774	16	0.0001555065	0.000000301076
9	86938196	88109332	2007	16	0.0000705964	0.000000295703
9	88109333	88590416	430	16	0.0001993198	0.000000115488
9	88590417	90136245	2671	16	0.0000116617	0.000000291973
9	90136246	92528697	4674	16	0.0001493214	0.000000300684
9	92528698	94167202	3008	16	0.0001085936	0.000000298107
9	94167203	96671697	4209	16	0.0000682966	0.000000295557
9	96671698	98922039	3592	16	0.0001588573	0.000000301288
9	98922040	101592858	3885	16	0.0001152429	0.000000298528
9	101592859	104624436	4503	16	0.0000825844	0.000000296461
9	104624437	105967975	3661	16	0.0000296036	0.000000293109
9	105967976	107581748	3442	16	-0.0000679779	0.000000286934
9	107581749	109298753	2854	16	0.0002990841	0.000000310161
9	109298754	110695061	2472	16	0.0003093176	0.000000310809
9	110695062	112778023	4456	16	0.0001242675	0.000000299099
9	112778024	114831081	4382	16	-0.0000117936	0.000000290489
9	114831082	115693144	1601	16	0.0001784580	0.000000295067
9	115693145	117019800	2452	16	-0.0000526308	0.000000287905
9	117019801	117921959	1636	16	0.0001379251	0.000000299283
9	117921960	121321536	6359	16	0.0000137576	0.000000292106
9	121321537	122260296	1476	16	0.0000816701	0.000000296403
9	122260297	124871321	3212	16	0.0003174823	0.000000311325
9	124871322	126971886	2880	16	0.0001975424	0.000000303736
9	126971887	129059664	2310	16	-0.0000069420	0.000000290796
9	129059665	130055509	1421	16	-0.0000160578	0.000000290219
9	130055510	132165469	2206	16	0.0003130734	0.000000311046
9	132165470	133223216	1835	16	0.0003237225	0.000000311720
9	133223217	134127887	1561	16	0.0001217627	0.000000298940
9	134127888	135298841	1860	16	-0.0001137074	0.000000284040
9	135298842	137041121	3516	16	0.0000224253	0.000000292654
9	137041122	137589363	1107	16	0.0003083114	0.000000310745
9	137589364	138938977	3274	16	0.0000509646	0.000000294460
9	138938978	139500341	964	16	0.0002621418	0.000000307823
9	139500342	141144795	2261	16	0.0000996313	0.000000297540
10	60523	751338	637	16	0.0000540369	0.000000231217
10	751339	1523543	1833	16	0.0000178996	0.000000292368
10	1523544	2254499	2079	16	-0.0000352900	0.000000289002
10	2254500	3352698	3068	16	0.0000688325	0.000000295591
10	3352699	4572273	2659	16	-0.0001038966	0.000000284661
10	4572274	5983761	3883	16	-0.0000856369	0.000000285816
10	5983762	7171483	3008	16	0.0000256192	0.000000292857
10	7171484	8774664	3850	16	-0.0000149546	0.000000290289
10	8774665	10249395	3028	16	-0.0001043013	0.000000284635
10	10249396	12586796	4806	16	0.0000473360	0.000000294231
10	12586797	13321599	1923	16	-0.0000507063	0.000000288027
10	13321600	15026067	3878	16	0.0000206414	0.000000292542
10	15026068	16551766	2924	16	-0.0000390056	0.000000288767
10	16551767	18537266	3511	16	-0.0000520494	0.000000287942
10	18537267	19716877	3187	16	-0.0001223750	0.000000283492
10	19716878	22772282	4850	16	0.0002489944	0.000000306992
10	22772283	23175131	571	16	0.0003053832	0.000000152333
10	23175132	25578595	3634	16	0.0000442378	0.000000294035
10	25578596	26888683	3805	16	0.0000204213	0.000000292528
10	26888684	29323235	5359	16	0.0000683669	0.000000295562
10	29323236	29783691	1272	16	0.0001409589	0.000000300155
10	29783692	30458837	1645	16	-0.0000604505	0.000000287410
10	30458838	31907518	2741	16	-0.0000665483	0.000000287024
10	31907519	33707967	3586	16	0.0000641941	0.000000295298
10	33707968	35109354	2216	16	-0.0000059820	0.000000290857
10	35109355	36572507	2307	16	0.0002879565	0.000000309457
10	36572508	37790028	2096	16	0.0001186503	0.000000298743
10	37790029	42372578	2938	16	0.0001168997	0.000000237751
10	42372579	43894770	2985	16	0.0000645313	0.000000295319
10	43894771	44730074	1587	16	0.0000059324	0.000000281455
10	44730075	48760449	4194	16	-0.0000909790	0.000000285478
10	48760450	50840914	2788	16	-0.0000000837	0.000000291230
10	50840915	53616628	3440	16	0.0000668900	0.000000295468
10	53616629	55103571	3531	16	0.0003017843	0.000000310332
10	55103572	57031139	4994	16	0.0000120594	0.000000291998
10	57031140	57662145	1193	16	0.0001208679	0.000000172663
10	57662146	58959527	2997	16	0.0002513622	0.000000295629
10	58959528	60289986	3138	16	0.0001318904	0.000000299581
10	60289987	61891408	2488	16	0.0001599946	0.000000301360
10	61891409	62659678	1457	16	0.0001727560	0.000000271294
10	62659679	63341694	720	16	0.0000862484	0.000000145584
10	63341695	65794113	4084	16	0.0001702175	0.000000302007
10	65794114	67549614	3112	16	0.0002256747	0.000000305516
10	67549615	69900147	5111	16	0.0000976692	0.000000297416
10	69900148	70195990	624	16	0.0001033078	0.000000103910
10	70195991	72220849	4136	16	0.0000007285	0.000000291281
10	72220850	73508511	3118	16	-0.0001081376	0.000000284393
10	73508512	75422549	2000	16	-0.0000597268	0.000000287456
10	75422550	78706813	3523	16	0.0003992739	0.000000316501
10	78706814	80876748	3671	16	-0.0000562593	0.000000287675
10	80876749	82414678	3644	16	0.0001554933	0.000000301075
10	82414679	84383744	3769	16	0.0001917574	0.000000303370
10	84383745	85458702	2621	16	0.0000464048	0.000000294172
10	85458703	87937576	5059	16	0.0000709303	0.000000295724
10	87937577	89127063	1804	16	0.0002443212	0.000000306696
10	89127064	91013380	2841	16	0.0000796654	0.000000296277
10	91013381	92006580	1878	16	0.0002892759	0.000000309541
10	92006581	93335046	2225	16	0.0003493234	0.000000313340
10	93335047	95396367	3396	16	-0.0000002745	0.000000291218
10	95396368	96221242	1086	16	0.0000971049	0.000000240369
10	96221243	97822356	3102	16	0.0000838253	0.000000296540
10	97822357	100241301	3623	16	0.0000830298	0.000000296489
10	100241302	100668399	688	16	0.0002190765	0.000000124594
10	100668400	102949238	3367	16	0.0001885568	0.000000303167
10	102949239	104380409	1430	16	0.0001916696	0.000000303364
10	104380410	106695047	2884	16	0.0001458090	0.000000300462
10	106695048	108726685	3595	16	-0.0000364582	0.000000288928
10	108726686	110317704	3441	16	-0.0000208700	0.000000289915
10	110317705	112561492	3638	16	0.0003047186	0.000000310518
10	112561493	115328431	3926	16	0.0000243188	0.000000292774
10	115328432	116421405	1946	16	0.0002567661	0.000000307483
10	116421406	119523933	4388	16	0.0001952745	0.000000303592
10	119523934	120591352	1765	16	-0.0000186106	0.000000290058
10	120591353	122407322	3393	16	0.0000865302	0.000000296711
10	122407323	123231464	1606	16	0.0001624168	0.000000301513
10	123231465	123900544	1457	16	0.0002133655	0.000000304737
10	123900545	125869345	4044	16	0.0000845474	0.000000296585
10	125869346	128001097	4266	16	-0.0000694622	0.000000286840
10	128001098	129154361	2106	16	0.0000792172	0.000000296248
10	129154362	130844283	4456	16	0.0000731094	0.000000295862
10	130844284	131741326	1866	16	0.0001227773	0.000000299005
10	131741327	132580244	2259	16	0.0001630254	0.000000301551
10	132580245	134336328	5133	16	0.0001197177	0.000000298811
10	134336329	134494672	177	12	0.0000048994	0.000000049393
10	134494673	135523864	1888	16	0.0000643617	0.000000295308
11	70855	1213589	2287	16	0.0001706595	0.000000302035
11	1213590	3665480	5841	16	-0.0000226973	0.000000289799
11	3665481	4746708	2544	16	0.0003532350	0.000000313588
11	4746709	6322868	5027	16	0.0000468168	0.000000294198
11	6322869	7436700	2251	16	0.0002363828	0.000000306193
11	7436701	8333273	2309	16	0.0001072306	0.000000298021
11	8333274	9087316	1214	16	0.0001518006	0.000000294734
11	9087317	10952026	3352	16	-0.0000372711	0.000000288877
11	10952027	12564228	4072	16	0.0000870148	0.000000296742
11	12564229	13373123	1701	16	0.0000208845	0.000000292557
11	13373124	15742551	3557	16	0.0002281310	0.000000305671
11	15742552	17578401	2423	16	0.0001211532	0.000000298902
11	17578402	19569534	3833	16	0.0000364799	0.000000293544
11	19569535	21017137	3043	16	-0.0000577219	0.000000287583
11	21017138	22374141	2742	16	0.0002159287	0.000000304899
11	22374142	24088516	3987	16	0.0000983314	0.000000297458
11	24088517	26045752	5140	16	0.0001667406	0.000000301787
11	26045753	27020460	1955	16	-0.0000450571	0.000000288384
11	27020461	28481592	1667	16	0.0000429507	0.000000293953
11	28481593	30141356	2169	16	-0.0000029683	0.000000291048
11	30141357	32276900	2748	16	-0.0000147749	0.000000290300
11	32276901	33958738	2725	16	0.0003262289	0.000000311879
11	33958739	35502604	3365	16	0.0002314116	0.000000305879
11	35502605	37116814	2912	16	-0.0000934250	0.000000285324
11	37116815	39382002	3388	16	0.0001887836	0.000000303181
11	39382003	42310002	5053	16	0.0001104137	0.000000298222
11	42310003	44693798	4619	16	0.0001783645	0.000000302522
11	44693799	47006136	2741	16	0.0002752720	0.000000308654
11	47006137	49866049	4566	16	-0.0000071588	0.000000290782
11	49866050	54695472	4441	16	0.0000701502	0.000000286191
11	54695473	55082656	1006	15	0.0000463005	0.000000094263
11	55082657	58457494	8383	16	-0.0000887120	0.000000285622
11	58457495	58780548	450	16	-0.0000250757	0.000000066488
11	58780549	62223770	4687	16	0.0000073889	0.000000291703
11	62223771	63804568	1642	16	0.0000366245	0.000000293553
11	63804569	65898630	2123	16	0.0001155717	0.000000298549
11	65898631	68005824	2499	16	0.0000920664	0.000000297061
11	68005825	69516129	2469	16	0.0002005250	0.000000303924
11	69516130	70926291	2643	16	-0.0000250420	0.000000289651
11	70926292	72286016	2321	16	0.0001692506	0.000000301945
11	72286017	74412350	2836	16	0.0000929731	0.000000297119
11	74412351	76797208	3290	16	0.0000945920	0.000000297221
11	76797209	78355057	2231	16	0.0000776178	0.000000296147
11	78355058	80722372	4079	16	0.0001109093	0.000000298254
11	80722373	81266711	1276	16	-0.0000001937	0.000000277703
11	81266712	84381271	5901	16	-0.0000126705	0.000000290434
11	84381272	86619300	3616	16	0.0001002166	0.000000297577
11	86619301	87430234	2084	16	0.0004845581	0.000000321898
11	87430235	89208935	3165	16	0.0000797990	0.000000296285
11	89208936	90966489	2967	16	0.0001274094	0.000000299298
11	90966490	92077143	2039	16	0.0001636294	0.000000301590
11	92077144	93276156	1818	16	-0.0000021373	0.000000291100
11	93276157	94242259	1544	16	0.0000363877	0.000000262679
11	94242260	95726040	2224	16	0.0000663373	0.000000295433
11	95726041	97057057	2214	16	0.0000862506	0.000000296693
11	97057058	98705064	3563	16	0.0002976388	0.000000309389
11	98705065	100417168	4083	16	0.0000879454	0.000000296800
11	100417169	101331120	1994	16	0.0000277447	0.000000292991
11	101331121	103959635	5870	16	-0.0000210023	0.000000289906
11	103959636	104873283	1545	16	0.0000498797	0.000000187032
11	104873284	106520893	2465	16	0.0002702394	0.000000308336
11	106520894	107844199	2543	16	0.0000461776	0.000000294157
11	107844200	108437036	658	16	0.0001700467	0.000000114216
11	108437037	109866115	1724	16	-0.0000449826	0.000000288389
11	109866116	111114396	2305	16	-0.0000416350	0.000000288601
11	111114397	112459487	1525	16	0.0002242987	0.000000305429
11	112459488	114257727	3121	16	0.0002171163	0.000000304974
11	114257728	114830665	1054	16	0.0000618893	0.000000185948
11	114830666	116383347	2445	16	-0.0000122012	0.000000290463
11	116383348	117747109	2534	16	0.0000282070	0.000000293020
11	117747110	119215475	2271	16	0.0000952978	0.000000297266
11	119215476	120766805	2865	16	-0.0000017959	0.000000291122
11	120766806	121175942	770	16	0.0000915281	0.000000175643
11	121175943	122591909	2113	16	0.0003100306	0.000000310854
11	122591910	123500116	1801	16	0.0002225912	0.000000305321
11	123500117	124495527	2396	16	0.0005885903	0.000000328481
11	124495528	126311319	3397	16	-0.0000401325	0.000000288696
11	126311320	127316678	2142	16	-0.0000137709	0.000000290364
11	127316679	128188536	1524	16	-0.0000722602	0.000000283268
11	128188537	130342574	3627	16	-0.0000790817	0.000000286231
11	130342575	131074611	1564	16	0.0000438359	0.000000294009
11	131074612	133000045	3876	16	-0.0000795438	0.000000286202
11	133000046	134205992	2010	16	0.0001015192	0.000000297659
11	134205993	134946451	2321	16	0.0002658364	0.000000308057
12	61107	1080330	1723	16	0.0003592922	0.000000313971
12	1080331	2544785	2513	16	0.0001397264	0.000000300077
12	2544786	3677036	2281	16	0.0000393812	0.000000293727
12	3677037	4417678	1505	16	-0.0000133645	0.000000290390
12	4417679	5321471	1661	16	-0.0000711985	0.000000286730
12	5321472	6419752	2269	16	0.0000492958	0.000000294355
12	6419753	8377535	3190	16	0.0000801558	0.000000296308
12	8377536	9031394	1413	16	-0.0000130224	0.000000290411
12	9031395	10481533	2993	16	0.0003146288	0.000000311145
12	10481534	11754845	2689	16	0.0000234418	0.000000292719
12	11754846	12733527	1959	16	0.0002802499	0.000000308969
12	12733528	15241483	4562	16	-0.0000856725	0.000000285814
12	15241484	16310459	1059	16	0.0001325011	0.000000282067
12	16310460	18087872	2812	16	0.0000227235	0.000000292673
12	18087873	20863942	5783	16	-0.0000719465	0.000000286683
12	20863943	23820633	5265	16	-0.0000117723	0.000000290490
12	23820634	25371082	2984	16	-0.0000052886	0.000000290901
12	25371083	27799772	4808	16	0.0000276090	0.000000292982
12	27799773	29651254	3613	16	0.0001088257	0.000000298122
12	29651255	30512405	2571	16	-0.0000531297	0.000000287873
12	30512406	32165591	3928	16	0.0000284656	0.000000293037
12	32165592	33076988	2520	16	0.0000991500	0.000000297510
12	33076989	37856716	3338	16	0.0001353534	0.000000299120
12	37856717	39227168	2105	16	0.0003294083	0.000000263455
12	39227169	40816184	2445	16	0.0002719510	0.000000308444
12	40816185	41658585	1738	16	0.0002454146	0.000000265342
12	41658586	43984473	4729	16	0.0002515792	0.000000307155
12	43984474	46024228	2696	16	-0.0000320830	0.000000289205
12	46024229	47714792	2408	16	-0.0000371896	0.000000288882
12	47714793	49001865	3031	16	0.0001988331	0.000000303817
12	49001866	51776493	3179	16	0.0001163496	0.000000298598
12	51776494	53039003	2479	16	0.0002804983	0.000000308985
12	53039004	54778822	2462	16	0.0000988985	0.000000297494
12	54778823	55665836	1599	16	0.0001686697	0.000000301228
12	55665837	57548859	2032	16	-0.0001062615	0.000000284511
12	57548860	59308665	2263	16	-0.0000316766	0.000000289231
12	59308666	61123728	2668	16	0.0000857768	0.000000295983
12	61123729	64032460	5875	16	-0.0000144880	0.000000290319
12	64032461	65559694	2174	16	-0.0000162438	0.000000290207
12	65559695	67181143	2297	16	0.0001666588	0.000000301781
12	67181144	67909728	1360	16	0.0000871202	0.000000241678
12	67909729	69826541	3332	16	0.0000333149	0.000000293344
12	69826542	70957986	2568	16	0.0001337709	0.000000299700
12	70957987	72645074	2548	16	0.0000179088	0.000000292369
12	72645075	73818453	2048	16	0.0000137710	0.000000292107
12	73818454	76511313	4281	16	-0.0000781927	0.000000286287
12	76511314	78570569	3799	16	0.0000617301	0.000000295142
12	78570570	80448149	2036	16	0.0000411426	0.000000293839
12	80448150	81467766	1714	16	-0.0000359671	0.000000269410
12	81467767	83502665	3334	16	-0.0000605600	0.000000287403
12	83502666	84303843	1644	16	0.0000893200	0.000000210605
12	84303844	85990425	2481	16	-0.0000162419	0.000000290208
12	85990426	89682121	5119	16	0.0000758237	0.000000296033
12	89682122	92066154	3163	16	0.0001754581	0.000000302338
12	92066155	94514566	4268	16	0.0001949245	0.000000303570
12	94514567	96020784	3515	16	-0.0000395879	0.000000288730
12	96020785	97108838	2215	16	0.0002452737	0.000000306756
12	97108839	99305986	3906	16	0.0002325094	0.000000305948
12	99305987	101447640	3167	16	0.0000650415	0.000000295351
12	101447641	101862689	681	16	0.0000360230	0.000000144190
12	101862690	102964985	1416	16	0.0001217952	0.000000298942
12	102964986	104848695	3669	16	0.0002219161	0.000000305278
12	104848696	106436212	3132	16	-0.0000530942	0.000000287876
12	106436213	106958747	825	16	0.0000650517	0.000000215999
12	106958748	109025900	3584	16	0.0000762093	0.000000296058
12	109025901	110336718	1874	16	0.0000453662	0.000000294106
12	110336719	113263517	1744	16	0.0003282145	0.000000312005
12	113263518	113986708	1052	16	0.0000778049	0.000000277271
12	113986709	115036601	2485	16	-0.0001245163	0.000000283356
12	115036602	115503215	867	16	0.0000587199	0.000000277403
12	115503216	117087470	2999	16	0.0001343649	0.000000299738
12	117087471	118135374	1798	16	0.0002737099	0.000000308556
12	118135375	119754109	3313	16	-0.0001202824	0.000000283624
12	119754110	122007650	3593	16	0.0001479262	0.000000300596
12	122007651	124977979	4079	16	0.0001813631	0.000000302712
12	124977980	126445504	3175	16	-0.0000461667	0.000000288314
12	126445505	127875097	3272	16	-0.0000619815	0.000000287313
12	127875098	129237296	3355	16	0.0000099479	0.000000291865
12	129237297	130377920	3079	16	0.0001088790	0.000000298125
12	130377921	131786750	4096	16	0.0000421791	0.000000293904
12	131786751	132807033	2077	16	-0.0000590884	0.000000287496
12	132807034	133841510	2133	16	0.0001402896	0.000000300113
13	19020013	20686719	3437	16	0.0002331609	0.000000305990
13	20686720	22242173	3342	16	0.0003312061	0.000000312194
13	22242174	23594701	3433	16	0.0000675610	0.000000295511
13	23594702	24531936	2771	16	0.0000055100	0.000000291584
13	24531937	25784361	3577	16	-0.0000203303	0.000000289949
13	25784362	27284361	2676	16	0.0002192903	0.000000305112
13	27284362	29257550	4222	16	0.0000736942	0.000000295899
13	29257551	30483266	2601	16	0.0001048851	0.000000297872
13	30483267	32301814	3595	16	0.0000669476	0.000000295472
13	32301815	33776902	2315	16	0.0003226500	0.000000311652
13	33776903	35026463	1998	16	0.0000523101	0.000000294546
13	35026464	36046366	1211	16	-0.0000225011	0.000000274278
13	36046367	37498184	2841	16	0.0002013304	0.000000303975
13	37498185	38878162	2929	16	-0.0000221013	0.000000289837
13	38878163	41069262	3805	16	0.0000625646	0.000000295194
13	41069263	43101026	3122	16	0.0003654501	0.000000314361
13	43101027	44901408	3043	16	-0.0000031029	0.000000291039
13	44901409	46495213	2252	16	0.0001126090	0.000000298361
13	46495214	47431078	1592	16	-0.0000736159	0.000000286577
13	47431079	49383961	3268	16	0.0001754795	0.000000302340
13	49383962	51591090	3399	16	0.0000349191	0.000000293445
13	51591091	53339621	1623	16	0.0001689061	0.000000301924
13	53339622	54682863	2203	16	0.0000837763	0.000000296537
13	54682864	55817130	2042	16	-0.0000214165	0.000000282425
13	55817131	57554216	2340	16	0.0001437305	0.000000278765
13	57554217	58410625	1294	16	0.0000782975	0.000000164594
13	58410626	59302270	1494	16	0.0000701666	0.000000204395
13	59302271	60854777	2748	16	0.0003190868	0.000000311427
13	60854778	61591948	1677	16	0.0001874298	0.000000288223
13	61591949	63971558	5044	16	0.0001612163	0.000000301437
13	63971559	65200601	2796	16	-0.0000649947	0.000000287123
13	65200602	67844452	3913	16	0.0002037402	0.000000304128
13	67844453	70724515	6126	16	-0.0000308514	0.000000289283
13	70724516	71526790	1786	16	0.0000749790	0.000000295980
13	71526791	73934088	4154	16	-0.0000683841	0.000000286908
13	73934089	75670142	3224	16	0.0002262868	0.000000305555
13	75670143	77410554	3328	16	0.0001438996	0.000000300341
13	77410555	78808812	2068	16	0.0000242766	0.000000292772
13	78808813	80585675	2524	16	0.0000610225	0.000000295097
13	80585676	82581813	3733	16	-0.0000030210	0.000000291044
13	82581814	84133143	2791	16	0.0001895386	0.000000303229
13	84133144	85610915	2851	16	0.0000503033	0.000000294419
13	85610916	88559881	5925	16	0.0001101820	0.000000298208
13	88559882	90521310	3394	16	0.0000984665	0.000000297466
13	90521311	93129690	5102	16	0.0000684053	0.000000295564
13	93129691	93586454	681	16	0.0003250282	0.000000154727
13	93586455	96087557	5202	16	-0.0000136003	0.000000290375
13	96087558	97519209	1834	16	0.0001180975	0.000000298708
13	97519210	98938918	1915	16	0.0000138778	0.000000292114
13	98938919	100574094	3336	16	0.0000285969	0.000000293045
13	100574095	102300522	3336	16	0.0001210627	0.000000298896
13	102300523	104066709	3438	16	0.0001836632	0.000000302857
13	104066710	104844113	1567	16	0.0001691114	0.000000301937
13	104844114	106247553	2813	16	0.0000994018	0.000000297525
13	106247554	106749999	1307	16	0.0000662599	0.000000295428
13	106750000	108189876	2527	16	0.0000427143	0.000000293938
13	108189877	109121209	1951	16	0.0002834466	0.000000309172
13	109121210	109815111	1594	16	0.0000284341	0.000000293035
13	109815112	111232072	3172	16	0.0001121771	0.000000298334
13	111232073	112247591	2369	16	0.0000284469	0.000000293035
13	112247592	113572487	2465	16	-0.0000710575	0.000000286739
13	113572488	115109852	2849	16	0.0000139997	0.000000292121
14	19002084	21589401	3531	16	-0.0000572329	0.000000287614
14	21589402	23018664	3633	16	-0.0001020604	0.000000284777
14	23018665	24905122	3218	16	-0.0000225286	0.000000289810
14	24905123	26135685	2813	16	0.0004970206	0.000000322686
14	26135686	28466532	3825	16	0.0000014224	0.000000291325
14	28466533	29972144	2196	16	-0.0000731394	0.000000286607
14	29972145	32383264	3243	16	0.0002376994	0.000000306277
14	32383265	34846250	4895	16	-0.0000408267	0.000000288652
14	34846251	35859592	2183	16	-0.0000826046	0.000000286008
14	35859593	38667724	3791	16	0.0001294600	0.000000299427
14	38667725	40341989	3113	16	-0.0000454473	0.000000288360
14	40341990	41615501	3167	16	0.0003822733	0.000000315425
14	41615502	43137388	2717	16	0.0000848122	0.000000296602
14	43137389	44543226	2713	16	-0.0000166152	0.000000290184
14	44543227	46081895	2214	16	-0.0000005760	0.000000291199
14	46081896	46749129	1334	16	-0.0000630453	0.000000148579
14	46749130	48573585	3716	16	0.0000692520	0.000000295618
14	48573586	49005470	920	16	0.0002300295	0.000000134368
14	49005471	50507759	2441	16	0.0000562247	0.000000294793
14	50507760	51493571	1559	16	0.0005745888	0.000000327595
14	51493572	53474382	4021	16	0.0004283325	0.000000318340
14	53474383	53997830	1051	16	0.0001460842	0.000000178466
14	53997831	55233680	1721	16	0.0000466505	0.000000294187
14	55233681	56216879	1780	16	0.0000941406	0.000000277635
14	56216880	57481261	2589	16	0.0002906725	0.000000309629
14	57481262	59448335	3334	16	0.0002214111	0.000000305246
14	59448336	61680423	3210	16	0.0001374902	0.000000299936
14	61680424	63790014	3680	16	0.0000797388	0.000000296281
14	63790015	65220297	1843	16	0.0004217623	0.000000317924
14	65220298	66399554	1942	16	0.0003749582	0.000000314962
14	66399555	67992316	2082	16	-0.0000479648	0.000000286841
14	67992317	71131956	5411	16	-0.0000172711	0.000000290142
14	71131957	72889614	2924	16	-0.0000013114	0.000000291152
14	72889615	76444766	5486	16	0.0001764699	0.000000302402
14	76444767	77229471	1593	16	0.0000016080	0.000000291337
14	77229472	78561944	2982	16	0.0001621055	0.000000301493
14	78561945	80186578	2280	16	0.0001353237	0.000000299799
14	80186579	81579713	2496	16	-0.0000699823	0.000000286807
14	81579714	83138096	2483	16	0.0001394276	0.000000300058
14	83138097	84241632	2103	16	-0.0000357458	0.000000288973
14	84241633	85746318	2794	16	0.0001640184	0.000000301614
14	85746319	86647001	1580	16	0.0001503214	0.000000300748
14	86647002	87635340	1754	16	0.0001656423	0.000000301717
14	87635341	89497642	3132	16	0.0007361355	0.000000337817
14	89497643	91296859	3336	16	0.0000491995	0.000000294349
14	91296860	93132298	3565	16	-0.0000269275	0.000000289531
14	93132299	94325284	2010	16	0.0002927027	0.000000309757
14	94325285	95750866	3651	16	-0.0000253475	0.000000289631
14	95750867	96262414	1447	16	0.0000807078	0.000000296342
14	96262415	98341161	3769	16	0.0002502900	0.000000307074
14	98341162	99138531	1923	16	0.0003940422	0.000000316170
14	99138532	101534306	3882	16	-0.0000328023	0.000000289160
14	101534307	103012101	2341	16	0.0003372776	0.000000312578
14	103012102	105001722	3315	16	-0.0000476961	0.000000288217
14	105001723	106340357	2103	16	0.0002446939	0.000000306719
14	106340358	107289453	2814	16	0.0000832211	0.000000296502
15	20001200	21131603	126	10	0.0000212857	0.000000032962
15	21131604	24195126	2377	16	-0.0000244233	0.000000289690
15	24195127	25108589	3686	16	0.0000324288	0.000000293287
15	25108590	27298111	4317	16	-0.0000978988	0.000000285040
15	27298112	29338501	2736	16	0.0002168877	0.000000304960
15	29338502	30165567	1393	16	0.0000251110	0.000000292824
15	30165568	31591820	1615	16	0.0002684218	0.000000308221
15	31591821	32441810	1394	16	0.0002387142	0.000000306341
15	32441811	34015424	2734	16	-0.0000076131	0.000000290754
15	34015425	35083250	2474	16	0.0000270325	0.000000292946
15	35083251	37456501	4093	16	-0.0000039552	0.000000290985
15	37456502	38530776	1938	16	0.0000410575	0.000000293833
15	38530777	40384131	3298	16	0.0001696650	0.000000301972
15	40384132	41177513	1088	16	-0.0000276642	0.000000263937
15	41177514	42776398	2199	16	0.0000900390	0.000000296933
15	42776399	44198048	1020	16	0.0000541025	0.000000191602
15	44198049	46618786	2542	16	0.0001618972	0.000000301480
15	46618787	48136047	2648	16	0.0000426229	0.000000293933
15	48136048	50008042	2008	16	-0.0000423020	0.000000288559
15	50008043	51677559	2774	16	0.0004437648	0.000000319316
15	51677560	53069095	1879	16	0.0001071079	0.000000298013
15	53069096	54508527	3014	16	0.0000220409	0.000000292630
15	54508528	55136268	1419	16	0.0001512384	0.000000296053
15	55136269	56901772	3697	16	0.0003281541	0.000000312001
15	56901773	58441365	2419	16	0.0000369172	0.000000293571
15	58441366	59694115	2115	16	-0.0000189690	0.000000290035
15	59694116	61265835	2636	16	-0.0000729137	0.000000286621
15	61265836	63215221	3274	16	-0.0000537686	0.000000287833
15	63215222	65104667	2452	16	-0.0000026878	0.000000291065
15	65104668	67094766	3016	16	0.0002411264	0.000000306494
15	67094767	69017998	2775	16	0.0002588836	0.000000307617
15	69017999	70133340	1234	16	-0.0000395390	0.000000288733
15	70133341	71922648	3005	16	0.0000371067	0.000000293583
15	71922649	73628713	1588	16	0.0001239627	0.000000292973
15	73628714	76398623	2835	16	0.0001820436	0.000000302755
15	76398624	78516052	3257	16	-0.0000886708	0.000000285624
15	78516053	80860977	4737	16	0.0000064770	0.000000291645
15	80860978	84260467	3821	16	-0.0000577707	0.000000287580
15	84260468	86652904	4203	16	0.0000036834	0.000000291468
15	86652905	88369942	3405	16	-0.0000654562	0.000000287093
15	88369943	90475550	3345	16	0.0001913410	0.000000303343
15	90475551	92164391	3318	16	-0.0000361983	0.000000288945
15	92164392	93780901	3637	16	-0.0001290854	0.000000283067
15	93780902	94924329	3020	16	0.0000959388	0.000000297306
15	94924330	96141595	2443	16	0.0000016986	0.000000291343
15	96141596	98030909	3345	16	0.0000271497	0.000000292953
15	98030910	99244058	3086	16	-0.0000877571	0.000000285682
15	99244059	100636846	3134	16	0.0001603789	0.000000301384
15	100636847	101552693	2166	16	0.0000072624	0.000000291695
15	101552694	102520965	1913	16	-0.0000810316	0.000000286108
16	60054	1207205	2536	16	0.0003203683	0.000000311508
16	1207206	2764828	2630	16	0.0002872448	0.000000309412
16	2764829	4001195	1824	16	0.0001403867	0.000000300119
16	4001196	5118344	1923	16	0.0002251250	0.000000305481
16	5118345	5891579	2240	16	0.0002381099	0.000000306303
16	5891580	6893550	2987	16	-0.0001153800	0.000000283934
16	6893551	7529120	2380	16	0.0000945917	0.000000297221
16	7529121	8338518	2697	16	0.0000941515	0.000000297193
16	8338519	9799418	4022	16	0.0001015483	0.000000297661
16	9799419	10426031	1695	16	0.0000331191	0.000000293331
16	10426032	11520160	2623	16	0.0003067179	0.000000310644
16	11520161	12613097	2225	16	-0.0000174112	0.000000290134
16	12613098	13154436	1715	16	0.0000134218	0.000000292085
16	13154437	14464001	2668	16	-0.0001385452	0.000000282468
16	14464002	16154059	1515	16	0.0000618938	0.000000295152
16	16154060	17644748	2083	16	0.0000222996	0.000000292646
16	17644749	18643606	1167	16	0.0000900139	0.000000296931
16	18643607	20150570	2347	16	-0.0000100905	0.000000290597
16	20150571	22448903	2313	16	0.0000335405	0.000000293358
16	22448904	24136874	2392	16	-0.0000382134	0.000000288817
16	24136875	25986861	3866	16	0.0001102695	0.000000298213
16	25986862	27445754	3247	16	0.0000479344	0.000000294269
16	27445755	29036612	1424	16	0.0000491516	0.000000294346
16	29036613	31382942	2046	16	0.0001265074	0.000000299241
16	31382943	46399472	1153	16	-0.0000031971	0.000000291033
16	46399473	49007925	1548	16	0.0001117760	0.000000298308
16	49007926	52035822	4577	16	-0.0000217462	0.000000289859
16	52035823	53382571	2179	16	0.0003498701	0.000000313375
16	53382572	55903773	4819	16	0.0004462463	0.000000319473
16	55903774	57664329	2843	16	0.0000579028	0.000000294899
16	57664330	59045404	2775	16	0.0001535563	0.000000300952
16	59045405	60745693	3015	16	0.0000645642	0.000000295321
16	60745694	62229848	1932	16	-0.0000161161	0.000000290216
16	62229849	63691588	2436	16	0.0002004921	0.000000303922
16	63691589	65938565	4084	16	0.0001814214	0.000000302716
16	65938566	68841362	2776	16	0.0002072686	0.000000304351
16	68841363	71054027	2329	16	0.0000305721	0.000000293170
16	71054028	72935149	2132	16	0.0000183229	0.000000292395
16	72935150	74971502	3456	16	-0.0000339564	0.000000289087
16	74971503	75977953	1700	16	0.0001346307	0.000000299755
16	75977954	77523677	3834	16	-0.0000670555	0.000000286992
16	77523678	78456291	3374	16	0.0000309048	0.000000293191
16	78456292	79134814	2190	16	-0.0000353912	0.000000288996
16	79134815	80297373	2978	16	0.0000332860	0.000000293342
16	80297374	81772535	3694	16	0.0001523181	0.000000300874
16	81772536	82747727	2535	16	-0.0000622823	0.000000287294
16	82747728	83477207	2480	16	0.0000835097	0.000000296520
16	83477208	84445882	3004	16	0.0003232714	0.000000311692
16	84445883	85148684	2326	16	0.0000367771	0.000000293563
16	85148685	86156598	2419	16	-0.0000093286	0.000000290645
16	86156599	86815410	1993	16	0.0002610782	0.000000307756
16	86815411	87647348	1646	16	0.0002315772	0.000000305889
16	87647349	89041164	3866	16	-0.0000136921	0.000000290369
16	89041165	90292811	2523	16	0.0001605635	0.000000301396
17	56	1172398	2849	16	0.0000798420	0.000000296288
17	1172399	1928730	1757	16	0.0001433728	0.000000300308
17	1928731	3702311	3620	16	-0.0000801703	0.000000286162
17	3702312	4696260	2038	16	0.0001690977	0.000000301936
17	4696261	5741333	2188	16	0.0003483425	0.000000313278
17	5741334	7317397	3283	16	0.0000198073	0.000000292489
17	7317398	8306424	1480	16	0.0005888504	0.000000328497
17	8306425	9965920	3251	16	0.0000416596	0.000000293872
17	9965921	11102814	2197	16	0.0002474179	0.000000306892
17	11102815	12534768	2551	16	-0.0000006180	0.000000291196
17	12534769	13180371	1564	16	0.0000755211	0.000000296014
17	13180372	13894636	1918	16	-0.0000894583	0.000000285575
17	13894637	15019096	2990	16	0.0000838967	0.000000296544
17	15019097	16412341	1950	16	0.0004064170	0.000000316953
17	16412342	18856319	3409	16	0.0003723093	0.000000314795
17	18856320	21290356	2366	16	0.0000264642	0.000000292910
17	21290357	27334243	3124	16	0.0001492079	0.000000300677
17	27334244	29786490	2403	16	0.0003099186	0.000000310847
17	29786491	31538424	2716	16	-0.0000202770	0.000000289952
17	31538425	32912797	3169	16	-0.0000811280	0.000000286102
17	32912798	34469035	2350	16	-0.0000549929	0.000000287755
17	34469036	36809343	2705	16	0.0002826889	0.000000309124
17	36809344	38877403	2145	16	0.0001075005	0.000000298038
17	38877404	39899809	2090	16	0.0001133095	0.000000298406
17	39899810	41772086	2089	16	0.0002443620	0.000000306698
17	41772087	43056904	1646	16	0.0002991168	0.000000310163
17	43056905	45876021	4585	16	0.0004048240	0.000000316852
17	45876022	47517399	2603	16	0.0002629627	0.000000307875
17	47517400	49898956	3481	16	-0.0001343947	0.000000282731
17	49898957	50719054	1304	16	0.0000994803	0.000000198162
17	50719055	51826117	2072	16	0.0000705912	0.000000295702
17	51826118	53599431	3017	16	-0.0000162984	0.000000290204
17	53599432	55357540	2833	16	0.0000443572	0.000000294042
17	55357541	57487511	2717	16	0.0001578858	0.000000301226
17	57487512	59312754	1245	16	0.0002671682	0.000000245298
17	59312755	61545588	2294	16	0.0000161872	0.000000292260
17	61545589	63148127	1467	16	0.0000234763	0.000000292721
17	63148128	64800429	3433	16	0.0001621739	0.000000301498
17	64800430	67858769	4855	16	0.0000963953	0.000000297335
17	67858770	69387816	2876	16	0.0000636744	0.000000295265
17	69387817	72672202	6517	16	0.0000243231	0.000000292775
17	72672203	74375559	2328	16	0.0000220293	0.000000292629
17	74375560	76263412	4138	16	0.0002205380	0.000000305191
17	76263413	77298635	2546	16	0.0002147516	0.000000304825
17	77298636	78837587	3490	16	0.0001230618	0.000000299023
17	78837588	80034407	2465	16	0.0001867520	0.000000303053
17	80034408	81194907	2393	16	0.0003288643	0.000000312046
18	10644	912485	2285	16	-0.0000084169	0.000000290703
18	912486	1942910	2154	16	-0.0000238006	0.000000289729
18	1942911	3891657	4612	16	0.0000851677	0.000000296625
18	3891658	5834179	4134	16	-0.0000588708	0.000000287510
18	5834180	7090484	2333	16	0.0000821675	0.000000296435
18	7090485	8498930	2637	16	0.0000446118	0.000000294058
18	8498931	11075912	6157	16	0.0001530673	0.000000300921
18	11075913	11905439	1689	16	0.0000527452	0.000000294573
18	11905440	14440798	5286	16	0.0000017856	0.000000291348
18	14440799	19485843	1838	16	0.0001352420	0.000000299793
18	19485844	20649471	1655	16	-0.0000098763	0.000000290610
18	20649472	22996650	3300	16	0.0003284938	0.000000312022
18	22996651	24026190	1396	16	0.0000017402	0.000000289986
18	24026191	25927681	2957	16	-0.0000962877	0.000000285142
18	25927682	26875586	1341	16	0.0001126491	0.000000207693
18	26875587	27866477	1835	16	-0.0000076998	0.000000275885
18	27866478	30264065	4100	16	0.0001409859	0.000000300157
18	30264066	31780066	1757	16	0.0001297067	0.000000298763
18	31780067	33861963	2902	16	0.0001118512	0.000000298313
18	33861964	35075249	1805	16	0.0001769119	0.000000302430
18	35075250	36365489	2172	16	0.0000080669	0.000000291746
18	36365490	37684366	1755	16	-0.0000846057	0.000000280456
18	37684367	39892647	3762	16	0.0000714491	0.000000295757
18	39892648	42922105	4779	16	0.0000130651	0.000000292062
18	42922106	44299245	2570	16	0.0001088496	0.000000298123
18	44299246	45939731	2763	16	-0.0000387128	0.000000288786
18	45939732	47730583	3469	16	0.0000472947	0.000000294228
18	47730584	51062184	5807	16	0.0000314501	0.000000293226
18	51062185	51554174	1459	16	0.0002097779	0.000000158612
18	51554175	55213837	5005	16	-0.0000918216	0.000000285425
18	55213838	56530219	2982	16	0.0000100473	0.000000291871
18	56530220	57630482	2539	16	0.0000294678	0.000000293100
18	57630483	59020750	1968	16	0.0003717573	0.000000314760
18	59020751	60277714	2648	16	-0.0000247752	0.000000289668
18	60277715	61820251	2607	16	0.0000638972	0.000000295279
18	61820252	63463401	3016	16	0.0001155697	0.000000298549
18	63463402	64252800	1578	16	-0.0000816999	0.000000232322
18	64252801	66125816	4114	16	0.0003323062	0.000000312263
18	66125817	67175819	1684	16	0.0000419929	0.000000293893
18	67175820	68621178	2335	16	-0.0000015821	0.000000291135
18	68621179	69621617	2428	16	0.0000900934	0.000000296936
18	69621618	71038473	3197	16	0.0001000400	0.000000297566
18	71038474	71971461	2275	16	0.0001685025	0.000000301898
18	71971462	73526986	2607	16	0.0000176076	0.000000292350
18	73526987	74813814	2888	16	0.0000285570	0.000000293042
18	74813815	75976316	3476	16	0.0001688386	0.000000301919
18	75976317	77149990	2998	16	0.0004075571	0.000000317025
18	77149991	78017157	2166	16	0.0000888232	0.000000296856
19	80840	610728	1098	16	-0.0000644807	0.000000287155
19	610729	2098395	3198	16	0.0000232363	0.000000292706
19	2098396	3019659	2107	16	0.0001707573	0.000000302041
19	3019660	4348966	2817	16	0.0002386365	0.000000306336
19	4348967	5811851	3004	16	0.0000894631	0.000000296897
19	5811852	6684884	1600	16	0.0001750391	0.000000302312
19	6684885	8347512	4072	16	0.0001840421	0.000000302881
19	8347513	9238392	1670	16	0.0001989458	0.000000303824
19	9238393	11284027	3518	16	0.0002875009	0.000000309428
19	11284028	13471126	2888	16	-0.0000660640	0.000000287055
19	13471127	14486346	1624	16	0.0000143871	0.000000292146
19	14486347	15648609	2423	16	-0.0000920838	0.000000285408
19	15648610	16374415	2567	16	0.0001244479	0.000000299110
19	16374416	18409861	3915	16	0.0002176166	0.000000305006
19	18409862	19877470	1857	16	0.0001587607	0.000000301282
19	19877471	20905756	2309	16	0.0000312542	0.000000293213
19	20905757	22732895	4820	16	0.0001839995	0.000000302879
19	22732896	23467745	1816	16	0.0001885050	0.000000244843
19	23467746	28557892	4112	16	0.0000117309	0.000000291978
19	28557893	29790946	3095	16	0.0000028675	0.000000291417
19	29790947	30727953	1930	16	-0.0000029143	0.000000291051
19	30727954	32746519	2684	16	0.0000356661	0.000000293492
19	32746520	34262951	3172	16	0.0001146329	0.000000298489
19	34262952	36469294	3730	16	0.0001330262	0.000000299653
19	36469295	37527032	1776	16	0.0002025587	0.000000299299
19	37527033	40170618	3969	16	0.0000344764	0.000000293417
19	40170619	40984600	1140	16	0.0000334950	0.000000285222
19	40984601	42131572	1957	16	0.0004192207	0.000000317763
19	42131573	43862454	2805	16	0.0003560185	0.000000313764
19	43862455	44744107	1541	16	-0.0000138828	0.000000290357
19	44744108	46102696	2421	16	0.0001891461	0.000000303204
19	46102697	47150081	1970	16	0.0001252291	0.000000299160
19	47150082	49282226	3704	16	0.0002935290	0.000000309810
19	49282227	51532566	3998	16	-0.0000649782	0.000000287124
19	51532567	52985289	3354	16	0.0001827675	0.000000302801
19	52985290	54602361	5382	16	-0.0000764197	0.000000286400
19	54602362	55728079	3002	16	0.0000687945	0.000000295589
19	55728080	57521334	3963	16	0.0000787115	0.000000296216
19	57521335	59118838	3065	16	0.0000043933	0.000000291513
20	60479	697599	1299	16	0.0001088030	0.000000298120
20	697600	2469500	4120	16	-0.0000059266	0.000000290860
20	2469501	3828412	2603	16	0.0000261168	0.000000292888
20	3828413	5477849	4091	16	0.0000337077	0.000000293368
20	5477850	7084072	3346	16	0.0001807168	0.000000302671
20	7084073	8117010	1997	16	0.0000646301	0.000000295325
20	8117011	9730920	2941	16	0.0001445697	0.000000300384
20	9730921	11249535	2928	16	0.0001539074	0.000000300975
20	11249536	12447498	2401	16	0.0000408221	0.000000293139
20	12447499	13689863	2591	16	0.0003907478	0.000000315962
20	13689864	15958358	3891	16	-0.0001021459	0.000000284772
20	15958359	17487231	3619	16	0.0001508513	0.000000300781
20	17487232	18972202	3147	16	0.0001187895	0.000000298752
20	18972203	20959709	3075	16	0.0001625893	0.000000301524
20	20959710	22491455	1862	16	0.0001200537	0.000000298832
20	22491456	23293789	1394	16	-0.0000551888	0.000000287743
20	23293790	24717723	2818	16	-0.0001097822	0.000000284288
20	24717724	25344230	1437	16	0.0000330405	0.000000213983
20	25344231	31614822	4031	16	0.0001264509	0.000000299237
20	31614823	32813440	1181	16	0.0000713248	0.000000295749
20	32813441	34960445	2079	16	0.0000046725	0.000000291531
20	34960446	36909529	2239	16	0.0002905629	0.000000309622
20	36909530	38436760	2252	16	0.0001595569	0.000000301332
20	38436761	39610855	1970	16	0.0001639994	0.000000301613
20	39610856	40585688	1235	16	0.0000762941	0.000000254665
20	40585689	41615459	1875	16	-0.0000298507	0.000000289346
20	41615460	42680175	1815	16	0.0000096273	0.000000291845
20	42680176	44839055	3423	16	0.0000938117	0.000000297172
20	44839056	47199979	4213	16	0.0000616476	0.000000295136
20	47199980	49239657	3660	16	0.0000393005	0.000000293722
20	49239658	52472548	6192	16	-0.0001738454	0.000000280235
20	52472549	54055265	2857	16	0.0000230589	0.000000292695
20	54055266	56447958	4947	16	-0.0000002041	0.000000291222
20	56447959	58406571	3236	16	0.0000333509	0.000000293346
20	58406572	59561723	1969	16	0.0000734779	0.000000295885
20	59561724	61301854	4274	16	-0.0000904298	0.000000285513
20	61301855	62190179	2225	16	0.0002026153	0.000000304057
20	62190180	62965162	1519	16	0.0003198145	0.000000311473
21	9411243	15950981	2816	16	-0.0000604635	0.000000287409
21	15950982	18053164	3121	16	-0.0000651874	0.000000287110
21	18053165	19480374	2728	16	0.0000525097	0.000000294558
21	19480375	20962338	3452	16	-0.0000005898	0.000000291198
21	20962339	22072763	2565	16	0.0000643985	0.000000295310
21	22072764	23362874	2945	16	0.0000321686	0.000000293271
21	23362875	24696230	2532	16	-0.0000171224	0.000000290152
21	24696231	26469121	4168	16	0.0001891926	0.000000303207
21	26469122	27271018	1224	16	-0.0000044945	0.000000223047
21	27271019	29125225	4097	16	0.0001154678	0.000000298542
21	29125226	31197024	3919	16	0.0001255433	0.000000299180
21	31197025	32668641	2646	16	0.0000918801	0.000000297049
21	32668642	34376998	3278	16	0.0000417547	0.000000293878
21	34376999	35225464	1242	16	-0.0000362460	0.000000288942
21	35225465	36524372	2287	16	0.0002821479	0.000000309089
21	36524373	37870778	2609	16	0.0002385158	0.000000306328
21	37870779	38711703	1578	16	0.0001007452	0.000000297610
21	38711704	40482901	3420	16	0.0000537885	0.000000294639
21	40482902	41389526	2406	16	0.0003119971	0.000000310978
21	41389527	43321527	4489	16	0.0000303497	0.000000293156
21	43321528	44506267	3293	16	-0.0001290175	0.000000283071
21	44506268	46177104	3175	16	0.0000537617	0.000000294637
21	46177105	47492225	2980	16	-0.0001378847	0.000000282510
21	47492226	48119751	1511	16	0.0003029810	0.000000310408
22	16050408	17674294	1535	16	0.0000892898	0.000000296886
22	17674295	18296087	1446	16	0.0000414441	0.000000293858
22	18296088	19912357	2781	16	-0.0000252328	0.000000289639
22	19912358	22357324	3083	16	0.0000891118	0.000000296874
22	22357325	23712646	3465	16	0.0001409644	0.000000300155
22	23712647	24984203	2155	16	0.0002520001	0.000000307182
22	24984204	26791627	3463	16	-0.0001741850	0.000000280213
22	26791628	27834751	2591	16	-0.0000917117	0.000000285432
22	27834752	29651798	2294	16	0.0001390366	0.000000300034
22	29651799	31439917	2527	16	0.0000024080	0.000000291388
22	31439918	32664985	1676	16	-0.0000833875	0.000000285959
22	32664986	34494913	3849	16	0.0001693770	0.000000301953
22	34494914	35530984	2410	16	0.0000386302	0.000000293680
22	35530985	37570268	3923	16	0.0001099557	0.000000298193
22	37570269	39307893	2602	16	-0.0000236091	0.000000289741
22	39307894	40545796	1863	16	-0.0000145887	0.000000290312
22	40545797	42690817	2497	16	0.0002068576	0.000000304325
22	42690818	43714199	2229	16	-0.0000067860	0.000000290806
22	43714200	44995307	3044	16	0.0000626211	0.000000295198
22	44995308	46470494	3573	16	-0.0000111771	0.000000290528
22	46470495	47596317	2465	16	0.0000598255	0.000000295021
22	47596318	48903702	3221	16	0.0001081605	0.000000298080
22	48903703	49824533	4082	16	0.0001178516	0.000000298693
22	49824534	51243297	2966	16	0.0002691957	0.000000308270
