chr	start	end	num_snp	k	local_h2g	var
1	10583	1892606	153	14	0.0001528590	0.000000084140
1	1892607	3582735	811	14	0.0000717566	0.000000359406
1	3582736	4380810	553	14	0.0000652531	0.000000263570
1	4380811	5913892	1880	14	0.0000846612	0.000000360293
1	5913893	7247334	740	14	0.0000161353	0.000000333703
1	7247335	9365198	1271	14	0.0001567808	0.000000365254
1	9365199	10806983	540	14	0.0000263446	0.000000233142
1	10806984	11777840	399	14	-0.0000332243	0.000000200572
1	11777841	12779465	449	14	0.0000175831	0.000000231783
1	12779466	14891510	1206	14	0.0004039869	0.000000382258
1	14891511	16897729	1127	14	0.0000922906	0.000000360818
1	16897730	18662898	1173	14	0.0001502614	0.000000364806
1	18662899	20469148	1223	14	0.0001629552	0.000000365679
1	20469149	21736587	807	14	0.0001864260	0.000000346238
1	21736588	23086882	943	14	-0.0000274642	0.000000352581
1	23086883	23920589	350	14	0.0000317769	0.000000144200
1	23920590	25516844	898	14	0.0000458831	0.000000357626
1	25516845	27401866	659	14	0.0000457491	0.000000239044
1	27401867	30161880	959	14	-0.0000072853	0.000000353969
1	30161881	32438684	1900	14	0.0002357446	0.000000370685
1	32438685	34799757	1167	14	0.0001036711	0.000000361601
1	34799758	37549182	981	14	0.0000381743	0.000000357096
1	37549183	38731846	610	14	0.0001201010	0.000000273596
1	38731847	40200566	750	14	0.0002451026	0.000000359491
1	40200567	41975326	1023	14	0.0003391945	0.000000377801
1	41975327	43758456	1088	14	0.0002731532	0.000000373259
1	43758457	44969182	620	14	0.0000799250	0.000000226203
1	44969183	46899500	807	14	0.0003429527	0.000000241153
1	46899501	48002575	521	14	-0.0000260820	0.000000166941
1	48002576	48978187	560	14	0.0000078690	0.000000241052
1	48978188	49894176	460	14	-0.0001495922	0.000000150732
1	49894177	51713725	488	14	0.0000828995	0.000000135317
1	51713726	54226261	980	14	0.0000761415	0.000000359707
1	54226262	56413116	1444	14	0.0000519485	0.000000358043
1	56413117	57021727	522	14	0.0003456519	0.000000185848
1	57021728	58865398	1550	14	0.0001749201	0.000000366502
1	58865399	59890408	774	14	0.0001163442	0.000000264723
1	59890409	61922364	1212	14	-0.0000691032	0.000000349717
1	61922365	63455088	963	14	0.0001042210	0.000000361639
1	63455089	65041703	1331	14	-0.0000040977	0.000000354188
1	65041704	66939403	1341	14	0.0001202724	0.000000362743
1	66939404	68477894	1349	14	0.0001088038	0.000000361954
1	68477895	69687615	763	14	0.0000401536	0.000000265767
1	69687616	71372469	1109	14	-0.0000763716	0.000000349217
1	71372470	71684404	176	13	0.0001437178	0.000000051891
1	71684405	74326906	1590	14	0.0003094880	0.000000354694
1	74326907	76728134	1668	14	0.0001342387	0.000000363704
1	76728135	79661197	1972	14	-0.0001124572	0.000000346735
1	79661198	81354190	1201	14	0.0003184607	0.000000368750
1	81354191	83991747	2185	14	0.0001767186	0.000000366625
1	83991748	84844494	570	14	0.0000938787	0.000000177250
1	84844495	86454750	1286	14	0.0000451502	0.000000357576
1	86454751	88128630	1136	14	0.0003002395	0.000000375122
1	88128631	90066302	1008	14	0.0001384207	0.000000363991
1	90066303	91886316	1053	14	0.0000961258	0.000000361082
1	91886317	93536458	1052	14	0.0002115259	0.000000320721
1	93536459	94506190	528	14	0.0001019890	0.000000137295
1	94506191	96150892	1111	14	0.0000797542	0.000000359107
1	96150893	97885248	1137	14	0.0000188222	0.000000338065
1	97885249	99800603	1283	14	0.0001304354	0.000000363442
1	99800604	100826404	657	14	0.0003219802	0.000000202851
1	100826405	102041015	883	14	0.0000065078	0.000000286451
1	102041016	102898744	689	14	0.0000454970	0.000000181129
1	102898745	103914210	602	14	-0.0000122579	0.000000117355
1	103914211	106087841	1245	14	-0.0000305430	0.000000352369
1	106087842	108409664	1657	14	0.0000275923	0.000000356368
1	108409665	110303930	1050	14	0.0004071915	0.000000382478
1	110303931	111741736	971	14	0.0001943386	0.000000367837
1	111741737	113273305	1319	14	0.0000371798	0.000000357027
1	113273306	114873844	890	14	0.0001337768	0.000000363672
1	114873845	115880592	592	14	0.0000863982	0.000000208732
1	115880593	118839066	1633	14	0.0001402684	0.000000364118
1	118839067	144977493	1180	14	-0.0000116738	0.000000353667
1	144977494	148361252	787	14	-0.0000668419	0.000000282225
1	148361253	151538880	554	14	0.0001928298	0.000000195499
1	151538881	153180828	975	14	0.0001610443	0.000000270125
1	153180829	154770402	770	14	0.0003311058	0.000000329742
1	154770403	156336132	466	14	0.0000834284	0.000000214464
1	156336133	158027411	1171	14	0.0001199825	0.000000362723
1	158027412	159913047	1311	14	-0.0000847210	0.000000348643
1	159913048	162346720	1567	14	0.0001237540	0.000000362982
1	162346721	165191701	2421	14	0.0002981103	0.000000374975
1	165191702	166460516	1003	14	-0.0001375310	0.000000345010
1	166460517	169086323	1992	14	0.0000623052	0.000000358756
1	169086324	170557775	1366	14	-0.0000314951	0.000000331265
1	170557776	173097906	1676	14	0.0000254491	0.000000356221
1	173097907	175089767	729	14	0.0000259175	0.000000172622
1	175089768	177433380	1537	14	0.0002585911	0.000000372257
1	177433381	178944308	907	14	0.0000722419	0.000000298190
1	178944309	178954469	3	1	-0.0000168220	0.000000000569
1	178954470	181144120	1492	14	0.0001918887	0.000000367669
1	181144121	182755355	1077	14	0.0003276271	0.000000377005
1	182755356	184595512	1286	14	0.0000483216	0.000000357794
1	184595513	186810022	879	14	-0.0000265416	0.000000286591
1	186810023	188759944	1496	14	0.0000437503	0.000000357479
1	188759945	189904129	626	14	-0.0000239736	0.000000116560
1	189904130	191868929	1505	14	0.0001898889	0.000000333191
1	191868930	194107441	1332	14	0.0001259518	0.000000363134
1	194107442	196176200	1596	14	0.0000550982	0.000000358260
1	196176201	197311513	496	14	-0.0000590102	0.000000108828
1	197311514	199239883	1023	14	0.0001523198	0.000000346402
1	199239884	200137648	629	14	0.0001562423	0.000000207597
1	200137649	201589974	1243	14	-0.0000631144	0.000000350129
1	201589975	203334733	1049	14	0.0004542108	0.000000385712
1	203334734	204681067	824	14	0.0000547258	0.000000358234
1	204681068	206073264	1053	14	0.0002130674	0.000000369126
1	206073265	208410363	1159	14	0.0003479068	0.000000378400
1	208410364	210787749	1722	14	0.0001751115	0.000000366515
1	210787750	212842329	1275	14	0.0000418187	0.000000357347
1	212842330	214578265	1096	14	0.0005001184	0.000000388870
1	214578266	216243633	1268	14	0.0002045411	0.000000368539
1	216243634	218705512	2301	14	0.0001384967	0.000000363996
1	218705513	219590570	645	14	-0.0000274227	0.000000193604
1	219590571	221858230	1503	14	0.0002075237	0.000000368744
1	221858231	222230219	335	14	-0.0000322558	0.000000124098
1	222230220	224938519	931	14	0.0000632122	0.000000352044
1	224938520	226810859	912	14	0.0000588412	0.000000358517
1	226810860	229156247	1406	14	-0.0000634106	0.000000350108
1	229156248	230685254	873	14	0.0002610287	0.000000372425
1	230685255	232090251	1043	14	0.0000396663	0.000000357198
1	232090252	233429283	1122	14	0.0002208725	0.000000369663
1	233429284	234599433	1021	14	-0.0000365959	0.000000351953
1	234599434	235819435	721	14	0.0000984967	0.000000350255
1	235819436	237555627	1359	14	-0.0000158753	0.000000353378
1	237555628	238567806	876	14	-0.0001020774	0.000000347449
1	238567807	239925313	1101	14	0.0000088998	0.000000355082
1	239925314	240564090	653	14	0.0000222710	0.000000262192
1	240564091	241582219	936	14	0.0002647062	0.000000372678
1	241582220	242071601	383	14	0.0000531317	0.000000161000
1	242071602	244109498	1145	14	-0.0000295323	0.000000352439
1	244109499	245506745	924	14	0.0003030554	0.000000375315
1	245506746	247344517	1374	14	0.0000158045	0.000000355557
1	247344518	249239465	844	14	0.0000932589	0.000000345694
2	10133	1781021	1338	14	0.0001891703	0.000000367482
2	1781022	3973778	1826	14	0.0000698636	0.000000359276
2	3973779	5708336	1417	14	0.0000815979	0.000000360083
2	5708337	6836253	1269	14	0.0001981546	0.000000368100
2	6836254	8422146	1347	14	0.0002527541	0.000000371855
2	8422147	10298468	1326	14	0.0000550903	0.000000358259
2	10298469	12419149	1856	14	-0.0000242186	0.000000352804
2	12419150	14335307	1579	14	-0.0000632133	0.000000350122
2	14335308	16329734	1751	14	-0.0000665051	0.000000349896
2	16329735	18647422	1846	14	0.0001086699	0.000000361945
2	18647423	19692403	798	14	0.0000683059	0.000000287486
2	19692404	21050489	1283	14	0.0000084806	0.000000355053
2	21050490	23341382	1378	14	-0.0000248000	0.000000352764
2	23341383	24686917	853	14	0.0002309267	0.000000315543
2	24686918	26894984	1040	14	0.0001602703	0.000000365494
2	26894985	28598776	716	14	0.0015418693	0.000000349792
2	28598777	29217558	466	14	0.0001891662	0.000000201788
2	29217559	30463710	1185	14	0.0000558783	0.000000358314
2	30463711	31550449	1146	14	0.0001092041	0.000000361982
2	31550450	33363776	801	14	0.0000255428	0.000000356227
2	33363777	35345027	1762	14	-0.0001023604	0.000000347429
2	35345028	36122005	846	14	-0.0000219449	0.000000244401
2	36122006	38132711	1868	14	0.0003013150	0.000000375196
2	38132712	39031336	613	14	0.0002248787	0.000000318378
2	39031337	40281482	619	14	-0.0000092991	0.000000257686
2	40281483	43309589	2785	14	0.0004593237	0.000000386064
2	43309590	44313802	835	14	0.0005398469	0.000000391603
2	44313803	46482633	1948	14	-0.0000624839	0.000000350172
2	46482634	47318771	777	14	0.0003958898	0.000000380851
2	47318772	48213000	517	14	0.0003918671	0.000000327393
2	48213001	50022256	1510	14	0.0001336377	0.000000363662
2	50022257	50818927	813	14	0.0002485315	0.000000272209
2	50818928	52491132	1649	14	0.0001961668	0.000000367963
2	52491133	53508451	1101	14	0.0000747196	0.000000357065
2	53508452	54685225	870	14	0.0000710882	0.000000359360
2	54685226	56203344	1211	14	0.0002686575	0.000000372949
2	56203345	57429099	958	14	0.0001965049	0.000000333645
2	57429100	58297314	651	14	0.0003266967	0.000000228833
2	58297315	60291999	1318	14	0.0001875797	0.000000367373
2	60292000	62429043	1029	14	0.0001962552	0.000000367969
2	62429044	64625912	1113	14	0.0001156937	0.000000362428
2	64625913	65933443	883	14	0.0000663923	0.000000359037
2	65933444	67226165	1151	14	-0.0000923495	0.000000348118
2	67226166	68010175	929	14	0.0000553685	0.000000309192
2	68010176	69139563	1021	14	0.0001861448	0.000000361342
2	69139564	70755197	963	14	0.0001132846	0.000000362262
2	70755198	73174847	1777	14	0.0000787750	0.000000359889
2	73174848	75630085	1444	14	0.0002709634	0.000000373108
2	75630086	76913660	1070	14	0.0002332875	0.000000370516
2	76913661	78079263	914	14	0.0001614109	0.000000365573
2	78079264	80050402	2005	14	0.0001103581	0.000000362061
2	80050403	81620840	1127	14	-0.0000651898	0.000000349986
2	81620841	85140679	2387	14	-0.0000109982	0.000000353714
2	85140680	88038506	1212	14	0.0002211754	0.000000369683
2	88038507	89154525	439	14	0.0002954997	0.000000171870
2	89154526	95326451	48	5	-0.0000378918	0.000000018771
2	95326452	98995200	850	14	0.0004239540	0.000000345137
2	98995201	101822328	1897	14	0.0000185299	0.000000355745
2	101822329	102688764	600	14	0.0000841407	0.000000184482
2	102688765	103588214	951	14	0.0001315015	0.000000222968
2	103588215	105125033	781	14	0.0000197668	0.000000236504
2	105125034	106210057	849	14	0.0000090164	0.000000306012
2	106210058	107408266	938	14	-0.0000515022	0.000000334069
2	107408267	108429176	923	14	0.0001110577	0.000000226072
2	108429177	110572431	1128	14	-0.0000515428	0.000000350925
2	110572432	113921855	1400	14	0.0004996644	0.000000388839
2	113921856	116772469	1663	14	0.0000265951	0.000000356299
2	116772470	118367465	1016	14	0.0003901012	0.000000271807
2	118367466	121303782	2024	14	0.0001671979	0.000000365971
2	121303783	123302905	1220	14	0.0001002670	0.000000361367
2	123302906	124732249	1175	14	0.0002110432	0.000000280609
2	124732250	125840920	876	14	0.0001330498	0.000000284754
2	125840921	127373763	1064	14	0.0001690713	0.000000247473
2	127373764	128034346	599	14	0.0002959558	0.000000241709
2	128034347	129474440	840	14	0.0004778005	0.000000333288
2	129474441	130067169	459	14	0.0002382835	0.000000149972
2	130067170	130658084	455	14	-0.0000877703	0.000000131251
2	130658085	133042783	513	14	0.0001761362	0.000000224520
2	133042784	135158577	1739	14	0.0002893532	0.000000374373
2	135158578	137042793	844	14	0.0003903135	0.000000281130
2	137042794	138698116	1215	14	0.0002666760	0.000000372813
2	138698117	140100270	1014	14	0.0001615039	0.000000266254
2	140100271	141805350	1386	14	0.0003685034	0.000000379817
2	141805351	142518601	711	14	0.0000282878	0.000000221172
2	142518602	144519483	1481	14	0.0001298649	0.000000363403
2	144519484	146445569	861	14	-0.0000479971	0.000000305363
2	146445570	147277161	376	14	0.0001185739	0.000000117544
2	147277162	150210291	1478	14	0.0000662020	0.000000359024
2	150210292	151731461	1039	14	0.0000300829	0.000000355691
2	151731462	152486781	575	14	0.0001850642	0.000000184173
2	152486782	154005055	1015	14	0.0001024864	0.000000342141
2	154005056	155391134	1134	14	0.0002227929	0.000000369795
2	155391135	157560634	1213	14	0.0003005346	0.000000375142
2	157560635	158533217	347	14	0.0001035500	0.000000146316
2	158533218	159577081	709	14	0.0001214918	0.000000249588
2	159577082	161769732	1362	14	0.0003076035	0.000000375628
2	161769733	163503550	705	14	0.0000799914	0.000000211258
2	163503551	164466637	521	14	0.0001524659	0.000000169168
2	164466638	165178839	412	14	0.0001596371	0.000000150817
2	165178840	167160269	1348	14	-0.0000369834	0.000000351926
2	167160270	167355969	170	13	-0.0000313739	0.000000046154
2	167355970	169968235	1619	14	0.0044289059	0.000000659106
2	169968236	171226244	969	14	0.0001562777	0.000000365219
2	171226245	173138904	1013	14	-0.0000071599	0.000000353978
2	173138905	175588928	1622	14	0.0000910623	0.000000360734
2	175588929	177363635	983	14	0.0002065402	0.000000368677
2	177363636	178553182	1033	14	-0.0000409448	0.000000302584
2	178553183	181312738	2187	14	0.0000094926	0.000000355123
2	181312739	182266030	690	14	0.0000433442	0.000000195499
2	182266031	184357607	1294	14	-0.0000335344	0.000000352163
2	184357608	185280172	611	14	0.0000292969	0.000000162198
2	185280173	189882064	2471	14	0.0000570154	0.000000358392
2	189882065	191973356	1055	14	0.0001967778	0.000000328720
2	191973357	195861163	1695	14	0.0001247437	0.000000363050
2	195861164	196447455	337	14	0.0001140625	0.000000108642
2	196447456	198078109	880	14	0.0000444092	0.000000242782
2	198078110	199311124	599	14	0.0000665742	0.000000160508
2	199311125	201576283	1236	14	0.0000845053	0.000000360283
2	201576284	202818636	513	14	-0.0000144805	0.000000207039
2	202818637	205799240	1349	14	0.0000636746	0.000000358850
2	205799241	206735703	664	14	0.0001207895	0.000000354315
2	206735704	208645398	1166	14	-0.0000398765	0.000000351727
2	208645399	209941528	720	14	0.0003577220	0.000000275788
2	209941529	212379517	1670	14	0.0001191445	0.000000362665
2	212379518	214014281	1440	14	0.0001115402	0.000000362142
2	214014282	215573794	1041	14	-0.0000064069	0.000000323845
2	215573795	217715660	1495	14	0.0000532867	0.000000358135
2	217715661	218395479	512	14	0.0000556484	0.000000217790
2	218395480	220454550	912	14	0.0001573791	0.000000365295
2	220454551	222521175	1812	14	-0.0000552809	0.000000350668
2	222521176	224859418	1667	14	-0.0001113990	0.000000346808
2	224859419	225840003	733	14	0.0001378521	0.000000227901
2	225840004	228119841	1582	14	-0.0001091242	0.000000346964
2	228119842	229370786	927	14	0.0000022069	0.000000305545
2	229370787	231843388	1836	14	-0.0000131661	0.000000353564
2	231843389	233550002	775	14	0.0002871627	0.000000370828
2	233550003	235150986	1441	14	0.0002672728	0.000000372854
2	235150987	236043549	762	14	-0.0000470027	0.000000351237
2	236043550	237449031	885	14	0.0005943528	0.000000395352
2	237449032	238760980	1061	14	0.0002436200	0.000000371227
2	238760981	239952642	812	14	-0.0001030345	0.000000329691
2	239952643	241560083	1195	14	-0.0000758997	0.000000349249
2	241560084	242149920	368	14	0.0001466512	0.000000159651
2	242149921	243188919	250	14	0.0001702871	0.000000105904
3	60157	1441778	1218	14	0.0000752572	0.000000359647
3	1441779	2992119	1668	14	-0.0000227798	0.000000352903
3	2992120	4431646	1505	14	0.0001301795	0.000000363424
3	4431647	6083182	1446	14	-0.0000970127	0.000000347797
3	6083183	7083386	909	14	-0.0000548335	0.000000350698
3	7083387	8648560	1725	14	0.0000720747	0.000000359428
3	8648561	9543182	808	14	0.0004061134	0.000000382404
3	9543183	11019664	946	14	0.0000826005	0.000000360152
3	11019665	13070798	1299	14	0.0001581916	0.000000365351
3	13070799	14816899	1418	14	-0.0000178324	0.000000353244
3	14816900	16282441	989	14	-0.0000179929	0.000000353232
3	16282442	17891117	1029	14	0.0001341331	0.000000363696
3	17891118	19125143	758	14	0.0001318252	0.000000257236
3	19125144	20091347	332	14	0.0000751113	0.000000140258
3	20091348	21643706	1310	14	0.0000386279	0.000000357127
3	21643707	22204243	883	14	0.0000206592	0.000000355891
3	22204244	23804864	1140	14	-0.0001243922	0.000000345914
3	23804865	25461557	1408	14	0.0001428224	0.000000364294
3	25461558	26877768	974	14	0.0000889151	0.000000360586
3	26877769	27840909	653	14	0.0001937796	0.000000234732
3	27840910	29142259	920	14	0.0000654207	0.000000358970
3	29142260	30717954	1345	14	-0.0000414380	0.000000351620
3	30717955	32351714	1253	14	-0.0000329699	0.000000352202
3	32351715	33255591	461	14	0.0001624117	0.000000244726
3	33255592	35283457	1222	14	0.0002440066	0.000000370404
3	35283458	36486841	874	14	0.0001274645	0.000000307636
3	36486842	38356115	1035	14	0.0001106206	0.000000362079
3	38356116	40221297	1279	14	0.0000776102	0.000000359808
3	40221298	41064527	303	14	-0.0000328925	0.000000101314
3	41064528	42540001	978	14	-0.0000130786	0.000000337547
3	42540002	45165152	1270	14	0.0001892174	0.000000367485
3	45165153	46657499	1007	14	0.0002260264	0.000000370017
3	46657500	47727211	305	14	0.0001363095	0.000000106869
3	47727212	49316971	359	14	0.0001773692	0.000000094093
3	49316972	51832014	660	14	0.0002769839	0.000000153972
3	51832015	54081389	1004	14	0.0000882502	0.000000360540
3	54081390	55348859	1121	14	0.0000340138	0.000000356810
3	55348860	56433906	716	14	0.0001493495	0.000000288255
3	56433907	58157518	956	14	0.0003387152	0.000000377768
3	58157519	60272905	1786	14	0.0000666793	0.000000359057
3	60272906	62355665	1780	14	0.0001294722	0.000000363376
3	62355666	63669285	1277	14	0.0001087769	0.000000361952
3	63669286	65273537	1330	14	0.0002834350	0.000000373966
3	65273538	66270446	590	14	0.0001295719	0.000000338997
3	66270447	68286913	1350	14	0.0001301992	0.000000363426
3	68286914	69276761	695	14	0.0000794247	0.000000312474
3	69276762	70449027	835	14	0.0001958607	0.000000349394
3	70449028	72529328	1409	14	0.0003314739	0.000000377270
3	72529329	74321816	1449	14	-0.0000441664	0.000000351432
3	74321817	75704948	603	14	0.0001354016	0.000000223983
3	75704949	77508834	1119	14	0.0002441013	0.000000371260
3	77508835	79024540	902	14	0.0005592305	0.000000352777
3	79024541	81427309	1285	14	0.0000908675	0.000000305936
3	81427310	82643885	710	14	0.0000970417	0.000000176037
3	82643886	84367478	845	14	0.0002684670	0.000000238325
3	84367479	85582230	631	14	0.0000599996	0.000000172802
3	85582231	87409731	1258	14	-0.0000200304	0.000000274269
3	87409732	88298372	505	14	0.0002051017	0.000000116130
3	88298373	94255315	1210	14	0.0000483995	0.000000313614
3	94255316	95311970	755	14	-0.0000951446	0.000000138342
3	95311971	98215949	1538	14	0.0000946182	0.000000360978
3	98215950	99373761	795	14	-0.0000074608	0.000000208262
3	99373762	100592216	602	14	0.0001702973	0.000000189630
3	100592217	103084959	1443	14	0.0003926920	0.000000381481
3	103084960	104581612	1161	14	0.0000891224	0.000000280952
3	104581613	106982810	1618	14	0.0000112961	0.000000355247
3	106982811	109522394	1711	14	0.0002488722	0.000000371588
3	109522395	110513769	701	14	-0.0000772337	0.000000146522
3	110513770	112815698	1495	14	0.0001807316	0.000000366901
3	112815699	113947862	675	14	0.0001282162	0.000000240103
3	113947863	115447079	789	14	0.0001955683	0.000000348537
3	115447080	116800152	1047	14	0.0000663806	0.000000359036
3	116800153	118530250	1337	14	0.0001891451	0.000000367480
3	118530251	120523054	1167	14	0.0000760844	0.000000359703
3	120523055	121974096	776	14	0.0003312245	0.000000196994
3	121974097	123517767	967	14	0.0008680793	0.000000413329
3	123517768	124936641	1172	14	0.0001777310	0.000000366695
3	124936642	126214942	908	14	0.0001988042	0.000000302841
3	126214943	128194860	1251	14	0.0001536185	0.000000365037
3	128194861	130244734	778	14	0.0000816987	0.000000278858
3	130244735	131836515	1128	14	0.0002681161	0.000000333616
3	131836516	133252172	1063	14	-0.0000275445	0.000000314143
3	133252173	135456905	1624	14	0.0000557246	0.000000358303
3	135456906	137371082	860	14	0.0000607112	0.000000246971
3	137371083	139954596	1608	14	0.0001199680	0.000000362722
3	139954597	141339096	841	14	0.0000363327	0.000000352731
3	141339097	143164627	1094	14	0.0001669403	0.000000365953
3	143164628	144410815	813	14	0.0002048636	0.000000284919
3	144410816	145664618	1043	14	0.0001454763	0.000000272976
3	145664619	146726628	864	14	0.0003688841	0.000000267271
3	146726629	149043236	1398	14	-0.0000194073	0.000000353135
3	149043237	150252003	812	14	0.0000338667	0.000000346653
3	150252004	151348729	653	14	0.0002343589	0.000000295672
3	151348730	153256570	1261	14	0.0000655564	0.000000358979
3	153256571	154714217	971	14	0.0000536252	0.000000235006
3	154714218	156008699	686	14	0.0000093476	0.000000245770
3	156008700	157312027	919	14	-0.0000138387	0.000000273900
3	157312028	159477889	1419	14	0.0000086269	0.000000355063
3	159477890	161524503	1245	14	0.0000756441	0.000000319583
3	161524504	163253204	1582	14	0.0004066737	0.000000311473
3	163253205	165055468	1176	14	0.0004391729	0.000000258306
3	165055469	167117428	1175	14	-0.0000923913	0.000000278872
3	167117429	168580959	758	14	0.0001661005	0.000000244215
3	168580960	170964908	1390	14	0.0007252128	0.000000404353
3	170964909	172295730	904	14	0.0000562233	0.000000358337
3	172295731	173477284	757	14	-0.0001109358	0.000000335857
3	173477285	175116538	1314	14	0.0001796523	0.000000366827
3	175116539	176320286	820	14	-0.0001153068	0.000000236475
3	176320287	178107164	1106	14	0.0001583412	0.000000365361
3	178107165	179374585	786	14	-0.0000523343	0.000000266517
3	179374586	181511165	925	14	0.0000288809	0.000000327097
3	181511166	183769682	1211	14	0.0000973333	0.000000361165
3	183769683	185068254	737	14	0.0002303229	0.000000359317
3	185068255	186890343	1028	14	0.0002333175	0.000000370519
3	186890344	188856213	1491	14	0.0001018007	0.000000361472
3	188856214	190226606	1390	14	0.0000154179	0.000000355531
3	190226607	192343813	1575	14	0.0000157366	0.000000355553
3	192343814	194059670	733	14	0.0004015621	0.000000382091
3	194059671	194786673	389	14	-0.0000081365	0.000000210450
3	194786674	195971407	332	14	0.0002162328	0.000000188445
3	195971408	197075986	388	14	0.0000862821	0.000000194775
3	197075987	197946621	338	14	0.0000169674	0.000000142502
4	10240	694714	198	14	-0.0000032261	0.000000079306
4	694715	1478710	416	14	0.0001210148	0.000000162807
4	1478711	2842978	468	14	0.0003589947	0.000000243753
4	2842979	3846039	504	14	0.0000409384	0.000000268963
4	3846040	4684115	460	14	0.0001589109	0.000000246779
4	4684116	5502387	693	14	0.0001444721	0.000000364407
4	5502388	6773042	1112	14	0.0005602507	0.000000393006
4	6773043	7539691	676	14	0.0001469798	0.000000364580
4	7539692	8152234	558	14	-0.0000448544	0.000000325352
4	8152235	9326478	458	14	0.0006017729	0.000000270175
4	9326479	10699151	1158	14	0.0000560406	0.000000348178
4	10699152	12323033	1382	14	0.0003123773	0.000000375957
4	12323034	14272000	1634	14	0.0002057611	0.000000368623
4	14272001	15147445	728	14	0.0003167781	0.000000310928
4	15147446	15927008	493	14	-0.0000232765	0.000000194621
4	15927009	17383321	1239	14	-0.0000486032	0.000000351127
4	17383322	18841873	933	14	0.0002586067	0.000000341217
4	18841874	20544556	1124	14	0.0004669610	0.000000334171
4	20544557	22319346	1421	14	0.0000172093	0.000000355654
4	22319347	24135528	1265	14	-0.0000272983	0.000000352592
4	24135529	25609321	1078	14	0.0000268722	0.000000356318
4	25609322	27343721	1027	14	0.0002049125	0.000000368565
4	27343722	27965867	473	14	0.0001595141	0.000000173889
4	27965868	29762207	1394	14	0.0001532739	0.000000365013
4	29762208	30454534	379	14	-0.0001288978	0.000000108768
4	30454535	31782980	921	14	0.0000726362	0.000000342600
4	31782981	33172765	814	14	0.0002016404	0.000000264335
4	33172766	35151414	946	14	0.0002409054	0.000000209700
4	35151415	36020435	781	14	0.0001295245	0.000000200643
4	36020436	37255046	1057	14	-0.0001035345	0.000000276509
4	37255047	38907021	1384	14	0.0000004449	0.000000354501
4	38907022	40202608	684	14	0.0000924402	0.000000267778
4	40202609	42213057	1278	14	0.0000830311	0.000000360181
4	42213058	43965044	1166	14	-0.0000340619	0.000000351279
4	43965045	45189156	900	14	0.0003840706	0.000000246973
4	45189157	47411895	1121	14	0.0000128942	0.000000312815
4	47411896	48123599	469	14	0.0000724304	0.000000134606
4	48123600	53877432	901	14	0.0001232114	0.000000290450
4	53877433	55429555	1000	14	0.0001047169	0.000000361673
4	55429556	56547643	751	14	0.0003852848	0.000000309207
4	56547644	58935007	1597	14	0.0001517918	0.000000364911
4	58935008	60741086	1212	14	0.0004529262	0.000000383925
4	60741087	62371762	1063	14	0.0004894462	0.000000343881
4	62371763	64341000	1085	14	0.0000152858	0.000000348749
4	64341001	66600491	1268	14	0.0001389631	0.000000360636
4	66600492	68059496	898	14	0.0000368092	0.000000266323
4	68059497	68854764	518	14	0.0000397581	0.000000151685
4	68854765	71049151	1193	14	-0.0000699903	0.000000284415
4	71049152	72140557	509	14	-0.0001025502	0.000000122723
4	72140558	74592389	1028	14	0.0001637408	0.000000319893
4	74592390	77130706	1492	14	0.0000944519	0.000000360967
4	77130707	79093978	1341	14	0.0000595025	0.000000358563
4	79093979	80990296	1188	14	-0.0000211068	0.000000330311
4	80990297	82125314	502	14	-0.0001061222	0.000000146656
4	82125315	83372592	738	14	0.0001086780	0.000000262640
4	83372593	84799655	901	14	0.0000744296	0.000000332715
4	84799656	86930608	1249	14	0.0003156708	0.000000376183
4	86930609	87534647	282	14	0.0003007354	0.000000095417
4	87534648	89238027	1083	14	0.0002529101	0.000000371866
4	89238028	90231563	614	14	0.0003665431	0.000000257150
4	90231564	91560676	783	14	0.0002602498	0.000000262155
4	91560677	94233298	1211	14	0.0002470145	0.000000371461
4	94233299	96182187	1286	14	0.0002056719	0.000000368617
4	96182188	97540702	1150	14	0.0001170057	0.000000362518
4	97540703	99424066	1019	14	0.0003329971	0.000000254095
4	99424067	100678359	792	14	0.0001503043	0.000000279603
4	100678360	103221355	1643	14	0.0000495493	0.000000357878
4	103221356	105305293	1080	14	0.0001335231	0.000000313739
4	105305294	107501304	1173	14	0.0000657351	0.000000358992
4	107501305	108815347	756	14	0.0001209007	0.000000229755
4	108815348	111256566	1484	14	0.0001160489	0.000000362452
4	111256567	113870101	1437	14	0.0002011292	0.000000368304
4	113870102	115666245	1148	14	0.0000086087	0.000000355062
4	115666246	117276928	890	14	0.0000767706	0.000000195586
4	117276929	118479917	1029	14	0.0001125229	0.000000265242
4	118479918	119933511	1091	14	0.0001211637	0.000000276031
4	119933512	120392683	305	14	0.0001099781	0.000000082508
4	120392684	122657986	1574	14	-0.0000123812	0.000000353618
4	122657987	124286480	872	14	0.0000096050	0.000000222908
4	124286481	125210861	510	14	0.0000423707	0.000000188146
4	125210862	126480885	847	14	-0.0000359319	0.000000273180
4	126480886	127275476	566	14	-0.0000204364	0.000000170896
4	127275477	127830292	420	14	0.0001939715	0.000000144908
4	127830293	128996664	447	14	-0.0000195091	0.000000119554
4	128996665	130591884	921	14	0.0000027154	0.000000326129
4	130591885	131283820	453	14	0.0001824671	0.000000155134
4	131283821	132954032	934	14	0.0000607317	0.000000294984
4	132954033	134628433	1136	14	-0.0000596368	0.000000266806
4	134628434	136566406	1158	14	0.0001348966	0.000000309768
4	136566407	138541970	1267	14	0.0000706989	0.000000359333
4	138541971	139556510	723	14	0.0002739318	0.000000284914
4	139556511	141084630	826	14	0.0002270703	0.000000370089
4	141084631	143443264	1487	14	0.0000662263	0.000000359025
4	143443265	146178186	1178	14	0.0003258994	0.000000349157
4	146178187	148521872	1199	14	0.0003158762	0.000000376197
4	148521873	150683579	1138	14	0.0000899218	0.000000360655
4	150683580	152782183	920	14	0.0003525501	0.000000278546
4	152782184	154477640	848	14	0.0002895347	0.000000374385
4	154477641	155056125	397	14	-0.0000196601	0.000000153238
4	155056126	157485096	1648	14	-0.0000196141	0.000000353121
4	157485097	158743717	672	14	0.0000983234	0.000000235020
4	158743718	161058863	1104	14	0.0002199696	0.000000349378
4	161058864	161826434	602	14	0.0001274791	0.000000220452
4	161826435	163243678	1051	14	0.0001178576	0.000000340692
4	163243679	164478233	750	14	0.0000948087	0.000000255478
4	164478234	165823447	957	14	-0.0000379594	0.000000351859
4	165823448	167018857	721	14	0.0002556229	0.000000335229
4	167018858	167852916	498	14	0.0001707130	0.000000150191
4	167852917	169676824	1213	14	0.0001779164	0.000000366708
4	169676825	170776509	537	14	0.0000420042	0.000000201278
4	170776510	172558634	1037	14	0.0003227560	0.000000342313
4	172558635	174264131	923	14	0.0001741270	0.000000305175
4	174264132	176570715	1350	14	0.0002194911	0.000000369567
4	176570716	178991909	1740	14	-0.0000265732	0.000000352642
4	178991910	180122042	774	14	0.0002902569	0.000000317180
4	180122043	182066806	1673	14	0.0003096033	0.000000375766
4	182066807	183371274	1308	14	0.0000178658	0.000000355699
4	183371275	184929454	1022	14	0.0000624564	0.000000358766
4	184929455	186909089	1472	14	0.0005113766	0.000000389644
4	186909090	188472980	1103	14	0.0001304482	0.000000363443
4	188472981	189693510	810	14	0.0000152555	0.000000355519
4	189693511	191043593	655	14	0.0000124362	0.000000306246
5	11940	982251	435	14	0.0001065715	0.000000183131
5	982252	2132441	847	14	-0.0001221868	0.000000346066
5	2132442	3361940	1621	14	0.0000114897	0.000000355260
5	3361941	4632109	1109	14	0.0001123389	0.000000362197
5	4632110	5973232	1465	14	0.0001263515	0.000000363161
5	5973233	7143217	1150	14	0.0002274769	0.000000370117
5	7143218	8446335	1231	14	0.0001616447	0.000000365589
5	8446336	9718831	1298	14	0.0003400753	0.000000377862
5	9718832	11173270	1389	14	0.0000355768	0.000000356917
5	11173271	13464831	1174	14	0.0000892450	0.000000360609
5	13464832	14757803	1112	14	0.0002738535	0.000000373307
5	14757804	16963612	1397	14	0.0000781196	0.000000359843
5	16963613	18051591	560	14	0.0000249250	0.000000247606
5	18051592	19917715	1317	14	0.0003260476	0.000000376897
5	19917716	22152072	1071	14	-0.0000343129	0.000000302225
5	22152073	23494323	933	14	0.0000509722	0.000000283904
5	23494324	26184850	1818	14	0.0000315620	0.000000356641
5	26184851	26857603	422	14	-0.0000501616	0.000000123561
5	26857604	27984512	585	14	0.0001013976	0.000000196535
5	27984513	29714819	1201	14	0.0001973251	0.000000333701
5	29714820	31390248	1399	14	0.0002353954	0.000000370661
5	31390249	33500179	1379	14	0.0001698910	0.000000366156
5	33500180	35048969	1019	14	0.0000657536	0.000000358993
5	35048970	36433953	1008	14	0.0002545393	0.000000339283
5	36433954	38802409	1523	14	0.0002911064	0.000000374493
5	38802410	40287728	1140	14	0.0002474715	0.000000337970
5	40287729	41888709	1257	14	0.0001588481	0.000000295290
5	41888710	43983498	917	14	0.0000866906	0.000000234985
5	43983499	50163397	974	14	0.0001541604	0.000000236560
5	50163398	52134621	1353	14	0.0003930366	0.000000380655
5	52134622	53703043	1311	14	-0.0000351390	0.000000352053
5	53703044	55417348	1146	14	-0.0000527939	0.000000350839
5	55417349	56621101	988	14	0.0002614920	0.000000372456
5	56621102	57340072	589	14	0.0005311493	0.000000211328
5	57340073	58524621	1161	14	-0.0000340505	0.000000352128
5	58524622	60935906	1440	14	0.0000693008	0.000000359237
5	60935907	61672994	531	14	0.0000023910	0.000000158957
5	61672995	63218986	1051	14	0.0001164778	0.000000289190
5	63218987	63968303	357	14	0.0001452122	0.000000116033
5	63968304	65911285	1239	14	0.0002492442	0.000000371614
5	65911286	67850859	1499	14	-0.0000620140	0.000000350205
5	67850860	71240455	873	14	0.0001686724	0.000000325968
5	71240456	73759325	1821	14	0.0002873814	0.000000374237
5	73759326	75798865	1301	14	0.0001995384	0.000000368195
5	75798866	77623331	1319	14	0.0002965384	0.000000374867
5	77623332	79393143	1167	14	0.0005428336	0.000000391808
5	79393144	80481470	861	14	-0.0000212265	0.000000351314
5	80481471	82025647	895	14	-0.0000125451	0.000000352759
5	82025648	83972688	1045	14	0.0000760081	0.000000358849
5	83972689	85767289	1400	14	0.0001223700	0.000000362038
5	85767290	87389990	641	14	0.0000334621	0.000000215528
5	87389991	88891529	588	14	0.0000643818	0.000000186024
5	88891530	90422653	863	14	0.0002641785	0.000000304913
5	90422654	91840541	650	14	0.0000852116	0.000000207912
5	91840542	93809983	791	14	0.0002734070	0.000000291988
5	93809984	95963518	1316	14	0.0003382179	0.000000377734
5	95963519	97315600	935	14	0.0002565178	0.000000267314
5	97315601	99260991	1145	14	-0.0000250011	0.000000340083
5	99260992	101578768	1318	14	0.0003631894	0.000000379452
5	101578769	103320004	1070	14	0.0000307103	0.000000343913
5	103320005	104851482	1042	14	-0.0000476132	0.000000294009
5	104851483	105893054	403	14	-0.0001279948	0.000000157158
5	105893055	107264195	1167	14	0.0002717555	0.000000373162
5	107264196	108633933	902	14	0.0004707696	0.000000332805
5	108633934	110821143	1490	14	0.0000732494	0.000000359508
5	110821144	111981561	868	14	0.0000369225	0.000000347706
5	111981562	113396284	1177	14	0.0001875704	0.000000367372
5	113396285	114830369	1103	14	0.0002763748	0.000000373480
5	114830370	115831046	894	14	-0.0000813787	0.000000320353
5	115831047	117346212	1338	14	0.0002328616	0.000000370487
5	117346213	118608819	810	14	0.0002540367	0.000000359264
5	118608820	119669041	714	14	0.0000031649	0.000000269528
5	119669042	120452165	571	14	0.0001866652	0.000000204538
5	120452166	122556904	1419	14	0.0000213530	0.000000355939
5	122556905	123798099	1000	14	0.0002674038	0.000000372863
5	123798100	125785648	1853	14	0.0000439115	0.000000357490
5	125785649	127344603	825	14	0.0000572176	0.000000315857
5	127344604	129519024	1550	14	0.0002796324	0.000000373704
5	129519025	132139648	1134	14	0.0006898237	0.000000334890
5	132139649	134777400	1538	14	-0.0000301633	0.000000352395
5	134777401	136376049	1216	14	0.0001211081	0.000000362800
5	136376050	139265071	1229	14	0.0002330531	0.000000370500
5	139265072	140645970	591	14	-0.0000344025	0.000000173529
5	140645971	142981247	1549	14	0.0000969315	0.000000361137
5	142981248	144943353	1436	14	0.0002220757	0.000000369745
5	144943354	147181997	1512	14	0.0002233907	0.000000369836
5	147181998	148662623	1177	14	0.0001372747	0.000000363912
5	148662624	150561297	1457	14	0.0000093422	0.000000355113
5	150561298	152867773	1822	14	0.0002168425	0.000000368536
5	152867774	153773087	950	14	0.0003585719	0.000000269651
5	153773088	155373504	1192	14	0.0000397999	0.000000357208
5	155373505	156628699	784	14	0.0001859931	0.000000271051
5	156628700	158825697	1767	14	0.0002266962	0.000000370063
5	158825698	159973943	724	14	0.0001353117	0.000000342726
5	159973944	161482132	1100	14	0.0002592402	0.000000345409
5	161482133	162743907	880	14	0.0001728812	0.000000304284
5	162743908	163771581	853	14	0.0002245719	0.000000326523
5	163771582	165642394	1209	14	0.0000669020	0.000000359072
5	165642395	166847739	882	14	-0.0001086587	0.000000346996
5	166847740	168525317	1310	14	0.0000897357	0.000000360642
5	168525318	169505663	879	14	0.0001193478	0.000000362679
5	169505664	171074291	1226	14	0.0000770684	0.000000359771
5	171074292	172678326	1142	14	0.0000598186	0.000000358585
5	172678327	173642870	950	14	0.0000216496	0.000000355959
5	173642871	175450594	1522	14	-0.0000700781	0.000000349650
5	175450595	177251506	530	14	0.0005430436	0.000000269211
5	177251507	178413463	793	14	0.0000777863	0.000000359821
5	178413464	179401243	629	14	0.0000872255	0.000000336921
5	179401244	180559932	594	14	0.0001230296	0.000000292835
5	180559933	180885155	83	12	0.0000338726	0.000000045081
6	73924	1452361	1307	14	0.0003514416	0.000000378644
6	1452362	2458935	827	14	0.0000713391	0.000000359377
6	2458936	3573592	1034	14	0.0002227366	0.000000369791
6	3573593	4617816	1100	14	-0.0001050020	0.000000347248
6	4617817	5791471	1123	14	0.0002064629	0.000000368671
6	5791472	6785206	1076	14	0.0000045294	0.000000354782
6	6785207	7808935	935	14	0.0000679655	0.000000359145
6	7808936	9020025	1214	14	0.0006064295	0.000000396183
6	9020026	10540316	1322	14	-0.0001098821	0.000000346912
6	10540317	11790815	1028	14	0.0001526612	0.000000364971
6	11790816	13209387	1221	14	0.0000579297	0.000000358455
6	13209388	14802923	1314	14	0.0001384010	0.000000363990
6	14802924	17386404	1912	14	-0.0000307854	0.000000352353
6	17386405	19207486	1442	14	-0.0000950093	0.000000347935
6	19207487	21684064	2140	14	0.0001754883	0.000000366541
6	21684065	22748306	1084	14	0.0000161908	0.000000355584
6	22748307	23936618	1163	14	0.0004237620	0.000000383618
6	23936619	24852274	746	14	0.0005588057	0.000000391207
6	24852275	25684586	927	14	0.0001933246	0.000000336734
6	25684587	26791232	878	14	0.0000871798	0.000000219943
6	26791233	28017818	548	14	0.0000576225	0.000000145957
6	28017819	28917607	579	14	0.0001447927	0.000000118657
6	28917608	29737970	885	14	0.0002681206	0.000000205712
6	29737971	30798167	1779	14	0.0000688520	0.000000312565
6	30798168	31571217	1599	14	0.0001317931	0.000000334165
6	31571218	32682663	1165	14	-0.0000458499	0.000000312887
6	32682664	33236496	1183	14	0.0001917582	0.000000316920
6	33236497	35455755	1318	14	0.0004459542	0.000000385144
6	35455756	37572595	1423	14	0.0000810701	0.000000360046
6	37572596	39295676	1528	14	0.0000122235	0.000000355311
6	39295677	40345114	815	14	0.0001140490	0.000000293020
6	40345115	42038720	1333	14	0.0001664075	0.000000365916
6	42038721	43756168	736	14	-0.0000796416	0.000000329626
6	43756169	45406562	1175	14	0.0001508797	0.000000364848
6	45406563	47311897	1511	14	-0.0000429728	0.000000351514
6	47311898	48391124	899	14	0.0000555022	0.000000216286
6	48391125	50386144	1451	14	0.0000948867	0.000000285320
6	50386145	52210475	1375	14	0.0000686694	0.000000359193
6	52210476	53279101	825	14	0.0001116574	0.000000311425
6	53279102	55468269	2039	14	0.0000060717	0.000000354888
6	55468270	56105312	646	14	0.0000507841	0.000000121633
6	56105313	57599464	785	14	0.0001212606	0.000000260389
6	57599465	61880511	380	14	-0.0000170963	0.000000073909
6	61880512	63552887	1065	14	0.0000422885	0.000000185966
6	63552888	65765741	1234	14	0.0001713820	0.000000312270
6	65765742	67329214	1618	14	-0.0000283004	0.000000352524
6	67329215	68849482	1358	14	0.0000351811	0.000000333345
6	68849483	69523447	585	14	0.0000938048	0.000000151187
6	69523448	71609509	1717	14	-0.0000154462	0.000000353408
6	71609510	73450096	1511	14	0.0002041754	0.000000368514
6	73450097	75462002	1247	14	0.0000483433	0.000000357795
6	75462003	77414880	1040	14	0.0002752063	0.000000300066
6	77414881	78957727	1361	14	0.0001279915	0.000000262404
6	78957728	80691169	1330	14	0.0002533011	0.000000371893
6	80691170	81929221	1066	14	0.0001426859	0.000000183437
6	81929222	83127148	849	14	-0.0000088733	0.000000256155
6	83127149	85209988	1196	14	-0.0000309792	0.000000350643
6	85209989	87069499	1399	14	0.0000240639	0.000000316042
6	87069500	88822139	1210	14	0.0002529649	0.000000363402
6	88822140	89973051	890	14	0.0001692774	0.000000344225
6	89973052	91843195	1491	14	0.0002176833	0.000000369443
6	91843196	93428643	1279	14	0.0000916431	0.000000360774
6	93428644	94118141	703	14	0.0001214392	0.000000213344
6	94118142	94441174	208	11	0.0000198377	0.000000045347
6	94441175	97093510	1940	14	-0.0000946351	0.000000347961
6	97093511	97842283	556	14	0.0001686542	0.000000145927
6	97842284	100630145	1840	14	0.0002471915	0.000000371473
6	100630146	102636771	1313	14	0.0003629365	0.000000379434
6	102636772	103983394	929	14	-0.0000036392	0.000000218992
6	103983395	106056732	1397	14	-0.0000517510	0.000000350910
6	106056733	107450305	1206	14	0.0001312704	0.000000363499
6	107450306	108464379	620	14	-0.0000054973	0.000000236306
6	108464380	110304246	1072	14	0.0001771276	0.000000344765
6	110304247	112345013	1201	14	0.0000869147	0.000000360448
6	112345014	114220832	1399	14	0.0000313395	0.000000356626
6	114220833	116131395	1153	14	0.0002844978	0.000000318406
6	116131396	117672971	1046	14	0.0002667270	0.000000309912
6	117672972	118963114	850	14	0.0000652385	0.000000228973
6	118963115	119963277	755	14	-0.0000885275	0.000000193111
6	119963278	120512127	503	14	-0.0001108234	0.000000101321
6	120512128	121905675	1071	14	0.0000465671	0.000000226942
6	121905676	123856180	1452	14	0.0000103713	0.000000355183
6	123856181	125424382	1273	14	0.0002334781	0.000000370530
6	125424383	127540460	1027	14	0.0001926606	0.000000348338
6	127540461	129861030	1521	14	0.0002308759	0.000000370351
6	129861031	130935453	1043	14	0.0001081462	0.000000361909
6	130935454	132765668	1375	14	0.0001922750	0.000000367695
6	132765669	134244242	1256	14	0.0000333931	0.000000356767
6	134244243	136224176	1238	14	0.0001412052	0.000000364183
6	136224177	137614217	651	14	-0.0000251498	0.000000261297
6	137614218	138822628	939	14	-0.0000318802	0.000000352277
6	138822629	139845435	700	14	0.0000036103	0.000000312178
6	139845436	142288478	1372	14	0.0000038903	0.000000354738
6	142288479	145319809	2151	14	0.0003279840	0.000000377030
6	145319810	146665423	903	14	-0.0000424757	0.000000156609
6	146665424	148920351	1854	14	-0.0000710598	0.000000349582
6	148920352	150253403	1064	14	0.0001161438	0.000000362459
6	150253404	151912702	1655	14	0.0000553170	0.000000358275
6	151912703	153094495	1044	14	0.0000986716	0.000000361257
6	153094496	154974119	1786	14	0.0007087364	0.000000403220
6	154974120	156763325	1387	14	-0.0000029173	0.000000354269
6	156763326	158218718	636	14	0.0004376653	0.000000328911
6	158218719	160580496	2073	14	0.0000816851	0.000000360089
6	160580497	162169563	1400	14	0.0000502890	0.000000357929
6	162169564	162931202	714	14	0.0005107180	0.000000351093
6	162931203	164383520	1408	14	0.0001530051	0.000000364994
6	164383521	165586863	1297	14	-0.0000504299	0.000000351001
6	165586864	167024732	1562	14	0.0001694768	0.000000366127
6	167024733	168042834	878	14	0.0000607798	0.000000351033
6	168042835	169382049	1246	14	0.0000848336	0.000000360305
6	169382050	170330172	836	14	0.0000758749	0.000000261174
6	170330173	171051269	491	14	0.0000960206	0.000000194711
7	16161	972751	162	14	0.0000205656	0.000000084761
7	972752	1353066	146	14	0.0000803551	0.000000082412
7	1353067	2062397	250	14	-0.0000190384	0.000000134547
7	2062398	2772226	360	14	0.0001635471	0.000000212517
7	2772227	4573427	1742	14	0.0000021386	0.000000354617
7	4573428	5416231	323	14	0.0000550916	0.000000201434
7	5416232	5854525	158	14	-0.0000387265	0.000000077542
7	5854526	6573856	238	14	-0.0000073159	0.000000124435
7	6573857	7808751	875	14	0.0002176384	0.000000369440
7	7808752	9123422	1560	14	-0.0000401847	0.000000351706
7	9123423	9987498	857	14	0.0000593033	0.000000358549
7	9987499	11299197	1174	14	0.0000213432	0.000000355938
7	11299198	12635460	1634	14	0.0000190589	0.000000355781
7	12635461	13884201	1355	14	0.0000823597	0.000000360135
7	13884202	15143656	1261	14	0.0023803246	0.000000518197
7	15143657	16902068	1598	14	0.0001871363	0.000000367342
7	16902069	19481546	2041	14	-0.0000013839	0.000000354375
7	19481547	20124907	580	14	0.0001882294	0.000000232093
7	20124908	22507628	2353	14	-0.0001053918	0.000000347221
7	22507629	23471441	577	14	0.0001887572	0.000000275154
7	23471442	25077258	1328	14	0.0000874999	0.000000360489
7	25077259	25909554	928	14	0.0000074492	0.000000354982
7	25909555	28360308	1946	14	0.0000414984	0.000000357325
7	28360309	31137288	2124	14	0.0002452639	0.000000371340
7	31137289	33555767	2081	14	0.0001773654	0.000000366670
7	33555768	36213537	2059	14	0.0000713196	0.000000359376
7	36213538	37555183	1165	14	0.0001044708	0.000000361656
7	37555184	38966702	1308	14	0.0001507566	0.000000364840
7	38966703	39862669	624	14	-0.0000501853	0.000000203860
7	39862670	42001810	1311	14	0.0002086014	0.000000368818
7	42001811	43159073	874	14	0.0001623778	0.000000328004
7	43159074	44763827	958	14	0.0008869579	0.000000394371
7	44763828	45952921	699	14	-0.0000157227	0.000000283326
7	45952922	46986719	1030	14	0.0001603675	0.000000309082
7	46986720	49212277	1833	14	0.0000287950	0.000000356451
7	49212278	51675321	1935	14	0.0007695831	0.000000407405
7	51675322	53176311	1589	14	0.0000086764	0.000000355067
7	53176312	54222975	908	14	0.0002327616	0.000000265689
7	54222976	55691583	1142	14	0.0000767432	0.000000359749
7	55691584	57382637	610	14	-0.0000770149	0.000000181462
7	57382638	63307358	427	14	0.0001901908	0.000000159824
7	63307359	63641124	152	10	0.0002640344	0.000000058197
7	63641125	65689808	747	14	0.0000360491	0.000000196466
7	65689809	68234073	1569	14	0.0001589019	0.000000365400
7	68234074	69085363	517	14	0.0000347366	0.000000196376
7	69085364	71874884	1594	14	-0.0000965054	0.000000347832
7	71874885	73334601	238	14	0.0000330662	0.000000097911
7	73334602	76458563	584	14	0.0001850776	0.000000300293
7	76458564	78093858	1179	14	0.0001834762	0.000000367090
7	78093859	79888068	1456	14	0.0000595200	0.000000358564
7	79888069	82022685	1548	14	-0.0001421039	0.000000344696
7	82022686	83801202	1447	14	-0.0000486945	0.000000351121
7	83801203	85572181	1061	14	0.0000741687	0.000000257945
7	85572182	87825003	1214	14	0.0000380756	0.000000324419
7	87825004	90661783	2576	14	0.0004769007	0.000000387273
7	90661784	92493751	737	14	0.0002328857	0.000000277391
7	92493752	93966600	782	14	0.0000756925	0.000000316305
7	93966601	96073507	1328	14	0.0000949614	0.000000361002
7	96073508	97099569	619	14	-0.0000321640	0.000000220810
7	97099570	98715473	820	14	0.0000968546	0.000000320218
7	98715474	100196650	384	14	0.0002581165	0.000000139749
7	100196651	101199252	406	14	0.0000989421	0.000000200754
7	101199253	103197509	710	14	0.0000159428	0.000000297559
7	103197510	104159524	958	14	0.0001377873	0.000000355484
7	104159525	105682904	850	14	-0.0000816855	0.000000348851
7	105682905	107780177	1419	14	0.0001072359	0.000000361846
7	107780178	109647593	1255	14	0.0000747025	0.000000358760
7	109647594	112618683	1636	14	0.0001435321	0.000000364343
7	112618684	113712386	550	14	-0.0000458815	0.000000161328
7	113712387	116780177	1538	14	0.0001451139	0.000000364452
7	116780178	118351580	902	14	0.0000179019	0.000000205540
7	118351581	121045272	1116	14	0.0000462455	0.000000276430
7	121045273	121933629	451	14	0.0003395316	0.000000167197
7	121933630	124156804	1616	14	0.0000372180	0.000000357030
7	124156805	124167551	9	2	-0.0000109904	0.000000002667
7	124167552	126519169	1829	14	-0.0000570619	0.000000350545
7	126519170	126869220	378	14	-0.0000569579	0.000000085960
7	126869221	128778385	1088	14	-0.0000713470	0.000000345326
7	128778386	130422413	745	14	0.0000178660	0.000000309066
7	130422414	132805847	1718	14	-0.0000340302	0.000000352129
7	132805848	134307595	1034	14	-0.0000732025	0.000000284195
7	134307596	135591082	977	14	0.0002194031	0.000000367015
7	135591083	136876561	953	14	-0.0000027595	0.000000306835
7	136876562	138744678	1122	14	-0.0000915872	0.000000348170
7	138744679	139933176	508	14	0.0003167605	0.000000232624
7	139933177	140235209	173	14	0.0001059614	0.000000087977
7	140235210	141226556	525	14	-0.0000422633	0.000000177313
7	141226557	142656309	920	14	0.0003433724	0.000000285737
7	142656310	144968288	1150	14	0.0004149981	0.000000383015
7	144968289	146427959	1054	14	0.0003042676	0.000000310875
7	146427960	147815317	1435	14	0.0004955358	0.000000388555
7	147815318	149840657	1090	14	-0.0000779114	0.000000349111
7	149840658	150711504	557	14	0.0001200620	0.000000205865
7	150711505	152249805	738	14	0.0002318868	0.000000370420
7	152249806	153674018	979	14	-0.0000432226	0.000000351497
7	153674019	154964729	985	14	0.0002745412	0.000000373354
7	154964730	156065249	905	14	0.0001470323	0.000000364584
7	156065250	157634596	943	14	0.0000459332	0.000000356781
7	157634597	159128574	844	14	0.0003618465	0.000000379359
8	10422	1044216	704	14	0.0002892765	0.000000374368
8	1044217	1163244	128	14	0.0001266898	0.000000071667
8	1163245	2042941	742	14	0.0001434862	0.000000364340
8	2042942	2573278	612	14	0.0001588783	0.000000355248
8	2573279	3392925	1116	14	0.0000704321	0.000000359315
8	3392926	3783016	873	14	-0.0001043285	0.000000347294
8	3783017	4480475	1293	14	0.0001763542	0.000000366600
8	4480476	5146926	970	14	0.0003027885	0.000000375297
8	5146927	6142796	1757	14	-0.0000549980	0.000000350687
8	6142797	7153078	944	14	-0.0000402002	0.000000351705
8	7153079	9154693	1144	14	0.0002432706	0.000000371203
8	9154694	9640786	464	14	0.0005188279	0.000000248659
8	9640787	10463196	930	14	0.0002797041	0.000000373709
8	10463197	11278997	740	14	0.0000191763	0.000000355789
8	11278998	13491774	1500	14	0.0000313196	0.000000356624
8	13491775	13944991	694	14	-0.0000501442	0.000000262727
8	13944992	15991659	2249	14	0.0000696383	0.000000359260
8	15991660	17387875	1167	14	-0.0000026544	0.000000354288
8	17387876	17836398	536	14	0.0001428694	0.000000261091
8	17836399	19492839	1771	14	-0.0000039214	0.000000354200
8	19492840	20060855	607	14	0.0000737743	0.000000292664
8	20060856	21661736	1559	14	0.0002174235	0.000000369425
8	21661737	22897056	722	14	0.0000554631	0.000000358285
8	22897057	24674717	1284	14	0.0000958126	0.000000361060
8	24674718	25483453	536	14	0.0003757738	0.000000205070
8	25483454	26682524	1156	14	0.0000978453	0.000000361200
8	26682525	28162391	1520	14	0.0005902700	0.000000395071
8	28162392	29327895	673	14	0.0000087953	0.000000256585
8	29327896	31133728	1081	14	0.0003327601	0.000000377359
8	31133729	31548359	274	14	0.0002804255	0.000000115327
8	31548360	32977217	1046	14	0.0002504861	0.000000334876
8	32977218	35317231	1451	14	0.0001435676	0.000000316059
8	35317232	37379388	811	14	0.0000573153	0.000000272447
8	37379389	38938805	553	14	0.0002407815	0.000000244752
8	38938806	40703336	1182	14	0.0001904205	0.000000367568
8	40703337	41721453	744	14	0.0003425198	0.000000346152
8	41721454	42773822	308	14	0.0000826657	0.000000123125
8	42773823	46841314	106	10	-0.0000582596	0.000000033428
8	46841315	50082469	837	14	0.0000240530	0.000000273328
8	50082470	53302929	2265	14	-0.0000205379	0.000000353057
8	53302930	54418043	816	14	0.0001016456	0.000000236006
8	54418044	55945580	1033	14	0.0002151249	0.000000329979
8	55945581	56956382	734	14	0.0002764125	0.000000254810
8	56956383	59068650	1622	14	0.0001899253	0.000000367534
8	59068651	59728099	621	14	0.0002452847	0.000000207803
8	59728100	62329098	1782	14	0.0002414880	0.000000371081
8	62329099	63349305	758	14	0.0000225196	0.000000193348
8	63349306	65232871	1289	14	-0.0000311438	0.000000338821
8	65232872	66489089	742	14	0.0004231251	0.000000275611
8	66489090	69863056	1773	14	0.0001580168	0.000000365339
8	69863057	70867978	903	14	0.0001880256	0.000000359782
8	70867979	72289453	991	14	-0.0000018734	0.000000299576
8	72289454	73817198	1507	14	-0.0000022619	0.000000354315
8	73817199	75445063	1171	14	0.0000746833	0.000000359607
8	75445064	76456541	701	14	-0.0000435493	0.000000185198
8	76456542	79132860	1848	14	0.0004920960	0.000000388318
8	79132861	81956394	1570	14	0.0002462528	0.000000371408
8	81956395	82693738	518	14	0.0002237461	0.000000172607
8	82693739	84225588	1182	14	-0.0001421536	0.000000248595
8	84225589	85955618	969	14	0.0000297563	0.000000239481
8	85955619	87411708	518	14	0.0003337550	0.000000166804
8	87411709	89085480	1110	14	0.0002011160	0.000000343080
8	89085481	90638161	961	14	0.0000310075	0.000000273014
8	90638162	93554385	1534	14	0.0000127627	0.000000355348
8	93554386	95005526	787	14	0.0001244184	0.000000303381
8	95005527	96534805	1159	14	0.0001920251	0.000000367678
8	96534806	99401580	2089	14	-0.0000411128	0.000000351642
8	99401581	101620957	822	14	0.0000015860	0.000000242159
8	101620958	104123305	1919	14	0.0003360949	0.000000377588
8	104123306	104988751	706	14	0.0001513665	0.000000155794
8	104988752	107410753	1836	14	0.0002458497	0.000000371381
8	107410754	108648176	1108	14	-0.0000189001	0.000000293554
8	108648177	109248172	510	14	0.0001886226	0.000000123626
8	109248173	110484313	959	14	0.0002879636	0.000000211444
8	110484314	111850846	741	14	0.0000082287	0.000000173564
8	111850847	113064319	751	14	0.0001295944	0.000000140536
8	113064320	116096494	2155	14	-0.0000193401	0.000000353140
8	116096495	119685456	2571	14	0.0002692637	0.000000372991
8	119685457	121201699	1233	14	0.0001661775	0.000000362507
8	121201700	124861458	2708	14	0.0002350037	0.000000370634
8	124861459	125683718	591	14	0.0002064485	0.000000238618
8	125683719	126410916	473	14	0.0000615577	0.000000195279
8	126410917	128659110	1848	14	0.0000391242	0.000000357161
8	128659111	130381138	1478	14	0.0001564274	0.000000365230
8	130381139	131639624	947	14	-0.0000044134	0.000000351622
8	131639625	133351143	1623	14	-0.0000321962	0.000000352256
8	133351144	134570000	1395	14	0.0000595000	0.000000358563
8	134570001	136035604	1585	14	0.0001103388	0.000000362060
8	136035605	137524150	1278	14	0.0000935665	0.000000360906
8	137524151	139254829	1770	14	0.0000713247	0.000000359376
8	139254830	140725642	1440	14	0.0002142395	0.000000369206
8	140725643	143044913	1527	14	0.0000639412	0.000000358868
8	143044914	144236880	725	14	0.0000402319	0.000000300033
8	144236881	146303866	599	14	0.0002306185	0.000000309049
9	10023	1079706	1036	14	0.0002544863	0.000000371975
9	1079707	1916876	1217	14	0.0000774967	0.000000359801
9	1916877	3190063	1457	14	0.0000632207	0.000000358819
9	3190064	4495327	1379	14	0.0001452292	0.000000364459
9	4495328	4884925	435	14	-0.0000235468	0.000000224421
9	4884926	6557588	1063	14	0.0000327272	0.000000356721
9	6557589	7154922	589	14	-0.0000024005	0.000000287443
9	7154923	8456298	1834	14	0.0000946949	0.000000360984
9	8456299	9166402	780	14	0.0000573231	0.000000358413
9	9166403	10879252	2065	14	0.0002338084	0.000000370552
9	10879253	12276488	1434	14	0.0004276492	0.000000383885
9	12276489	14836362	2572	14	0.0000960024	0.000000361073
9	14836363	16659654	1648	14	0.0003141126	0.000000376076
9	16659655	18661050	2050	14	0.0001084038	0.000000361927
9	18661051	20463533	1607	14	0.0002271040	0.000000370091
9	20463534	22206558	1450	14	0.0003333252	0.000000377397
9	22206559	24158517	1373	14	0.0000286100	0.000000355589
9	24158518	25330809	713	14	0.0001199787	0.000000351731
9	25330810	26111756	600	14	0.0002093814	0.000000354514
9	26111757	28224282	1953	14	0.0002051684	0.000000368582
9	28224283	28811583	573	14	0.0001520773	0.000000216176
9	28811584	30387391	1522	14	0.0000087100	0.000000355069
9	30387392	31310382	824	14	0.0003711899	0.000000225941
9	31310383	32019367	644	14	0.0002126629	0.000000155803
9	32019368	33578333	1293	14	0.0003065950	0.000000375559
9	33578334	34642242	577	14	0.0002409622	0.000000157035
9	34642243	36743282	1034	14	0.0000378822	0.000000357076
9	36743283	38641598	1389	14	0.0000753100	0.000000359650
9	38641599	65472189	199	14	0.0000508933	0.000000098466
9	65472190	72512710	1104	14	0.0002905955	0.000000373609
9	72512711	72753754	215	14	0.0002890651	0.000000070865
9	72753755	74253039	1222	14	0.0008341316	0.000000410994
9	74253040	76203945	1231	14	0.0004228876	0.000000383558
9	76203946	76973080	521	14	-0.0000193005	0.000000125656
9	76973081	78900182	1695	14	0.0001086600	0.000000361944
9	78900183	79471207	498	14	0.0000561428	0.000000245120
9	79471208	81079054	1144	14	0.0001226389	0.000000362906
9	81079055	82590927	1284	14	0.0000241163	0.000000356129
9	82590928	84211232	1655	14	0.0001090775	0.000000361973
9	84211233	85440800	656	14	0.0002508207	0.000000298395
9	85440801	86938195	1297	14	-0.0000439815	0.000000351445
9	86938196	88109332	972	14	-0.0000298703	0.000000337231
9	88109333	88590416	205	14	0.0001256011	0.000000076610
9	88590417	90136245	1199	14	0.0001389789	0.000000364030
9	90136246	92528697	1691	14	-0.0001032975	0.000000347365
9	92528698	94167202	1240	14	0.0001257752	0.000000363121
9	94167203	96671697	1612	14	0.0001317273	0.000000363531
9	96671698	98922039	1254	14	0.0001124942	0.000000362208
9	98922040	101592858	1586	14	0.0002506532	0.000000371711
9	101592859	104624436	2152	14	-0.0000169831	0.000000353302
9	104624437	105967975	1516	14	-0.0000297065	0.000000352427
9	105967976	107581748	1667	14	0.0001240043	0.000000363000
9	107581749	109298753	1257	14	0.0000934794	0.000000360900
9	109298754	110695061	1087	14	0.0000351108	0.000000356885
9	110695062	112778023	2309	14	0.0000900868	0.000000360667
9	112778024	114831081	1807	14	0.0000751100	0.000000359636
9	114831082	115693144	692	14	0.0000104370	0.000000199861
9	115693145	117019800	1204	14	0.0002052035	0.000000368585
9	117019801	117921959	901	14	0.0002801106	0.000000372888
9	117921960	121321536	3064	14	-0.0000018084	0.000000354346
9	121321537	122260296	806	14	0.0001459016	0.000000279302
9	122260297	124871321	1608	14	0.0001814600	0.000000366952
9	124871322	126971886	1232	14	0.0002152544	0.000000369276
9	126971887	129059664	966	14	0.0002368351	0.000000370760
9	129059665	130055509	622	14	0.0000616318	0.000000251662
9	130055510	132165469	951	14	0.0000431476	0.000000357438
9	132165470	133223216	615	14	0.0000079736	0.000000297012
9	133223217	134127887	558	14	0.0000896283	0.000000293751
9	134127888	135298841	749	14	0.0000597088	0.000000332534
9	135298842	137041121	1189	14	0.0006183166	0.000000397000
9	137041122	137589363	389	14	0.0001448619	0.000000225378
9	137589364	138938977	1150	14	-0.0000865445	0.000000348517
9	138938978	139500341	227	14	0.0001397440	0.000000127670
9	139500342	141144795	415	14	0.0000265907	0.000000214312
10	60523	751338	236	14	0.0001958303	0.000000130133
10	751339	1523543	638	14	0.0001015069	0.000000302618
10	1523544	2254499	946	14	-0.0000426594	0.000000351536
10	2254500	3352698	1306	14	0.0000158570	0.000000355561
10	3352699	4572273	1267	14	0.0001588669	0.000000365398
10	4572274	5983761	1414	14	0.0001283876	0.000000363301
10	5983762	7171483	1257	14	0.0000536356	0.000000358159
10	7171484	8774664	1628	14	-0.0000627953	0.000000350151
10	8774665	10249395	1241	14	-0.0000512624	0.000000350944
10	10249396	12586796	2000	14	0.0000641535	0.000000358883
10	12586797	13321599	769	14	0.0001784991	0.000000366748
10	13321600	15026067	1665	14	-0.0000049847	0.000000354127
10	15026068	16551766	1125	14	0.0000545667	0.000000358223
10	16551767	18537266	1540	14	0.0002843335	0.000000374028
10	18537267	19716877	1286	14	0.0001674835	0.000000365990
10	19716878	22772282	2060	14	0.0002363037	0.000000370724
10	22772283	23175131	278	14	0.0002797223	0.000000123169
10	23175132	25578595	1569	14	0.0001742666	0.000000366457
10	25578596	26888683	1293	14	0.0001196642	0.000000356770
10	26888684	29323235	1955	14	0.0000629662	0.000000358801
10	29323236	29783691	532	14	0.0000792921	0.000000213438
10	29783692	30458837	721	14	0.0002285640	0.000000333371
10	30458838	31907518	1046	14	-0.0000306935	0.000000351510
10	31907519	33707967	1336	14	-0.0000741229	0.000000349372
10	33707968	35109354	1050	14	0.0002768357	0.000000373512
10	35109355	36572507	922	14	0.0003479105	0.000000328447
10	36572508	37790028	757	14	0.0002176681	0.000000260015
10	37790029	42372578	585	14	0.0002621039	0.000000098547
10	42372579	43894770	688	14	0.0001433870	0.000000244189
10	43894771	44730074	697	14	0.0001667927	0.000000222389
10	44730075	48760449	1474	14	0.0001565703	0.000000365240
10	48760450	50840914	1313	14	0.0000147312	0.000000355483
10	50840915	53616628	1490	14	0.0002050136	0.000000368572
10	53616629	55103571	1510	14	0.0000459572	0.000000357631
10	55103572	57031139	1988	14	0.0005323991	0.000000391090
10	57031140	57662145	516	14	0.0000110363	0.000000095766
10	57662146	58959527	1253	14	-0.0001019132	0.000000189258
10	58959528	60289986	1133	14	0.0000768903	0.000000250388
10	60289987	61891408	1162	14	0.0000587672	0.000000358512
10	61891409	62659678	666	14	0.0001053590	0.000000210766
10	62659679	63341694	330	14	0.0003047955	0.000000127517
10	63341695	65794113	1798	14	0.0000925727	0.000000360838
10	65794114	67549614	1263	14	0.0005264087	0.000000359608
10	67549615	69900147	2034	14	-0.0000396240	0.000000351745
10	69900148	70195990	204	14	0.0001572358	0.000000072484
10	70195991	72220849	1551	14	0.0004100972	0.000000382678
10	72220850	73508511	1376	14	0.0000464647	0.000000357666
10	73508512	75422549	724	14	0.0000483311	0.000000206136
10	75422550	78706813	1626	14	0.0001270933	0.000000363212
10	78706814	80876748	1925	14	-0.0000355417	0.000000352025
10	80876749	82414678	1007	14	0.0002087940	0.000000368832
10	82414679	84383744	1595	14	0.0000056452	0.000000354858
10	84383745	85458702	1154	14	-0.0000153996	0.000000264320
10	85458703	87937576	2218	14	0.0000570766	0.000000358396
10	87937577	89127063	492	14	0.0003546476	0.000000212338
10	89127064	91013380	1423	14	0.0005542209	0.000000392591
10	91013381	92006580	852	14	0.0002666333	0.000000303477
10	92006581	93335046	1011	14	0.0000497845	0.000000321097
10	93335047	95396367	1196	14	0.0003271512	0.000000376973
10	95396368	96221242	536	14	0.0001325795	0.000000191394
10	96221243	97822356	1055	14	0.0002586447	0.000000319881
10	97822357	100241301	1547	14	-0.0000780423	0.000000349102
10	100241302	100668399	344	14	-0.0000316870	0.000000085085
10	100668400	102949238	1315	14	0.0000088400	0.000000355078
10	102949239	104380409	510	14	0.0002422002	0.000000164056
10	104380410	106695047	1396	14	-0.0000749822	0.000000349313
10	106695048	108726685	1622	14	0.0002914392	0.000000374516
10	108726686	110317704	1475	14	-0.0000581510	0.000000350470
10	110317705	112561492	1632	14	0.0001879248	0.000000367396
10	112561493	115328431	1997	14	0.0014498941	0.000000454199
10	115328432	116421405	930	14	0.0001026266	0.000000361529
10	116421406	119523933	2063	14	0.0003074568	0.000000375618
10	119523934	120591352	780	14	0.0002782970	0.000000365144
10	120591353	122407322	1277	14	-0.0001279268	0.000000345671
10	122407323	123231464	750	14	0.0000641811	0.000000319618
10	123231465	123900544	507	14	0.0001999772	0.000000237420
10	123900545	125869345	1504	14	-0.0000029223	0.000000354269
10	125869346	128001097	1841	14	0.0000135147	0.000000355400
10	128001098	129154361	967	14	0.0000156018	0.000000355543
10	129154362	130844283	1740	14	0.0001178072	0.000000362573
10	130844284	131741326	843	14	0.0002700938	0.000000353658
10	131741327	132580244	907	14	0.0001106818	0.000000337699
10	132580245	134336328	1762	14	0.0000026569	0.000000354653
10	134336329	134494672	59	6	0.0000496494	0.000000025259
10	134494673	135523864	479	14	0.0000168508	0.000000221896
11	70855	1213589	397	14	0.0000816184	0.000000201773
11	1213590	3665480	1537	14	-0.0000284115	0.000000352516
11	3665481	4746708	868	14	0.0001115439	0.000000362142
11	4746709	6322868	2170	14	0.0001373518	0.000000363918
11	6322869	7436700	1029	14	0.0001857447	0.000000367246
11	7436701	8333273	850	14	0.0000667235	0.000000359060
11	8333274	9087316	502	14	0.0003689081	0.000000225786
11	9087317	10952026	1197	14	-0.0000187963	0.000000353177
11	10952027	12564228	2008	14	0.0002363353	0.000000370726
11	12564229	13373123	798	14	0.0002061738	0.000000317095
11	13373124	15742551	1659	14	0.0001717413	0.000000366283
11	15742552	17578401	1133	14	0.0003056639	0.000000375495
11	17578402	19569534	1504	14	0.0001654166	0.000000365848
11	19569535	21017137	1399	14	0.0001441583	0.000000364386
11	21017138	22374141	1204	14	0.0003236267	0.000000376730
11	22374142	24088516	1514	14	0.0004055480	0.000000382365
11	24088517	26045752	1768	14	0.0001773864	0.000000366671
11	26045753	27020460	829	14	-0.0001030507	0.000000245821
11	27020461	28481592	774	14	0.0003698573	0.000000259667
11	28481593	30141356	982	14	0.0002897679	0.000000307469
11	30141357	32276900	1315	14	-0.0000490786	0.000000351094
11	32276901	33958738	1042	14	0.0001181618	0.000000362598
11	33958739	35502604	1585	14	0.0003801216	0.000000380616
11	35502605	37116814	1380	14	0.0000386274	0.000000357127
11	37116815	39382002	1495	14	0.0000256717	0.000000316153
11	39382003	42310002	2250	14	-0.0000245473	0.000000352782
11	42310003	44693798	1938	14	0.0000975586	0.000000361181
11	44693799	47006136	1330	14	0.0010514570	0.000000426793
11	47006137	49866049	1081	14	0.0009244672	0.000000279351
11	49866050	54695472	437	10	0.0000642793	0.000000066823
11	54695473	55082656	34	5	0.0001147172	0.000000018584
11	55082657	58457494	2744	14	0.0003722368	0.000000380074
11	58457495	58780548	181	9	0.0001663379	0.000000049791
11	58780549	62223770	1743	14	0.0002535460	0.000000371910
11	62223771	63804568	475	14	-0.0000977730	0.000000167062
11	63804569	65898630	777	14	0.0000848833	0.000000347637
11	65898631	68005824	498	14	-0.0001116146	0.000000194486
11	68005825	69516129	870	14	0.0000885375	0.000000360560
11	69516130	70926291	878	14	0.0000836039	0.000000360221
11	70926292	72286016	629	14	0.0003026158	0.000000233153
11	72286017	74412350	1015	14	0.0000903060	0.000000360682
11	74412351	76797208	1314	14	0.0001476194	0.000000364624
11	76797209	78355057	798	14	0.0000458497	0.000000258341
11	78355058	80722372	2097	14	0.0000544571	0.000000358216
11	80722373	81266711	643	14	0.0000717214	0.000000222635
11	81266712	84381271	2597	14	0.0000479340	0.000000357767
11	84381272	86619300	1531	14	0.0000203802	0.000000355872
11	86619301	87430234	737	14	0.0001840866	0.000000219846
11	87430235	89208935	1183	14	0.0002079137	0.000000368771
11	89208936	90966489	1000	14	-0.0000368168	0.000000239533
11	90966490	92077143	840	14	0.0000249073	0.000000244522
11	92077144	93276156	812	14	0.0028660648	0.000000466362
11	93276157	94242259	553	14	0.0000900348	0.000000160699
11	94242260	95726040	1154	14	0.0001676848	0.000000366004
11	95726041	97057057	968	14	0.0002030087	0.000000368434
11	97057058	98705064	1370	14	0.0000906706	0.000000359858
11	98705065	100417168	1793	14	-0.0000626508	0.000000350161
11	100417169	101331120	961	14	0.0001623682	0.000000289147
11	101331121	103959635	2467	14	0.0003673961	0.000000379741
11	103959636	104873283	666	14	0.0003408189	0.000000156252
11	104873284	106520893	1151	14	0.0000647167	0.000000292846
11	106520894	107844199	1002	14	0.0000382212	0.000000356250
11	107844200	108437036	222	13	0.0001307631	0.000000068825
11	108437037	109866115	733	14	0.0002457123	0.000000286136
11	109866116	111114396	1013	14	0.0002322189	0.000000342722
11	111114397	112459487	706	14	0.0000879482	0.000000238875
11	112459488	114257727	1520	14	0.0002078699	0.000000368768
11	114257728	114830665	506	14	0.0000781406	0.000000143900
11	114830666	116383347	1184	14	0.0001567823	0.000000365254
11	116383348	117747109	1036	14	0.0003172345	0.000000376291
11	117747110	119215475	850	14	0.0002122263	0.000000369068
11	119215476	120766805	1104	14	-0.0000263658	0.000000352657
11	120766806	121175942	401	14	0.0002179945	0.000000150652
11	121175943	122591909	938	14	0.0000115511	0.000000355265
11	122591910	123500116	678	14	-0.0000134732	0.000000353543
11	123500117	124495527	1015	14	0.0000099941	0.000000252778
11	124495528	126311319	1401	14	0.0000842048	0.000000360262
11	126311320	127316678	1052	14	0.0002576878	0.000000372195
11	127316679	128188536	641	14	0.0001061745	0.000000236316
11	128188537	130342574	1472	14	0.0000561588	0.000000358333
11	130342575	131074611	728	14	0.0000338678	0.000000328269
11	131074612	133000045	2005	14	-0.0000119958	0.000000353645
11	133000046	134205992	923	14	0.0001555198	0.000000365167
11	134205993	134946451	845	14	0.0002453242	0.000000371344
12	61107	1080330	528	14	-0.0000619194	0.000000262708
12	1080331	2544785	854	14	-0.0000150670	0.000000353434
12	2544786	3677036	886	14	0.0003143319	0.000000376091
12	3677037	4417678	648	14	-0.0001724419	0.000000307488
12	4417679	5321471	879	14	0.0001341232	0.000000363696
12	5321472	6419752	1008	14	0.0000719480	0.000000359419
12	6419753	8377535	853	14	0.0001112537	0.000000362123
12	8377536	9031394	254	14	0.0001984515	0.000000130311
12	9031395	10481533	1064	14	-0.0000545034	0.000000350721
12	10481534	11754845	766	14	0.0002479748	0.000000275292
12	11754846	12733527	745	14	0.0000844904	0.000000360282
12	12733528	15241483	1928	14	0.0000765076	0.000000359733
12	15241484	16310459	478	14	0.0000698666	0.000000195115
12	16310460	18087872	1293	14	0.0001470435	0.000000364584
12	18087873	20863942	2238	14	0.0001660950	0.000000365895
12	20863943	23820633	2159	14	-0.0001724992	0.000000342605
12	23820634	25371082	1444	14	0.0001461255	0.000000364521
12	25371083	27799772	2121	14	0.0000732613	0.000000359509
12	27799773	29651254	1536	14	0.0000054523	0.000000353997
12	29651255	30512405	1179	14	0.0002080953	0.000000362006
12	30512406	32165591	1343	14	0.0000244584	0.000000356152
12	32165592	33076988	838	14	0.0002753742	0.000000317780
12	33076989	37856716	1042	14	0.0001120174	0.000000211960
12	37856717	39227168	464	14	0.0000864520	0.000000098921
12	39227169	40816184	1311	14	0.0001517242	0.000000331396
12	40816185	41658585	825	14	0.0001186689	0.000000210934
12	41658586	43984473	2131	14	0.0000776553	0.000000359812
12	43984474	46024228	1101	14	0.0000905156	0.000000291407
12	46024229	47714792	923	14	0.0002013002	0.000000349768
12	47714793	49001865	1029	14	0.0002194983	0.000000369568
12	49001866	51776493	1027	14	0.0000305308	0.000000356570
12	51776494	53039003	1097	14	0.0005093100	0.000000389502
12	53039004	54778822	1004	14	0.0003432616	0.000000377231
12	54778823	55665836	588	14	0.0002714432	0.000000218400
12	55665837	57548859	670	14	0.0005695973	0.000000287952
12	57548860	59308665	861	14	0.0004510942	0.000000307335
12	59308666	61123728	1089	14	0.0001590376	0.000000312236
12	61123729	64032460	2346	14	0.0003056624	0.000000375495
12	64032461	65559694	731	14	0.0002643501	0.000000306530
12	65559695	67181143	1004	14	0.0000863324	0.000000349418
12	67181144	67909728	711	14	0.0000561810	0.000000193453
12	67909729	69826541	1487	14	-0.0000775950	0.000000349133
12	69826542	70957986	1115	14	-0.0000833942	0.000000314427
12	70957987	72645074	1184	14	0.0001955734	0.000000367922
12	72645075	73818453	745	14	0.0002762260	0.000000236598
12	73818454	76511313	1767	14	0.0000323586	0.000000356696
12	76511314	78570569	1631	14	0.0000388312	0.000000357141
12	78570570	80448149	925	14	0.0000437554	0.000000309210
12	80448150	81467766	747	14	-0.0000236444	0.000000187283
12	81467767	83502665	1305	14	0.0004157305	0.000000383066
12	83502666	84303843	622	14	0.0001650915	0.000000148432
12	84303844	85990425	1048	14	0.0001231951	0.000000222401
12	85990426	89682121	1979	14	-0.0000978342	0.000000347741
12	89682122	92066154	1524	14	-0.0000673215	0.000000349839
12	92066155	94514566	1794	14	0.0000321773	0.000000356683
12	94514567	96020784	1168	14	0.0000249252	0.000000356185
12	96020785	97108838	859	14	0.0002109744	0.000000357987
12	97108839	99305986	1770	14	0.0001108336	0.000000362094
12	99305987	101447640	1381	14	0.0003672774	0.000000379733
12	101447641	101862689	271	14	0.0000129481	0.000000091992
12	101862690	102964985	620	14	0.0002415885	0.000000260108
12	102964986	104848695	1465	14	0.0002265239	0.000000370051
12	104848696	106436212	1471	14	0.0000035942	0.000000354717
12	106436213	106958747	413	14	-0.0000456349	0.000000165610
12	106958748	109025900	1378	14	0.0001431305	0.000000364315
12	109025901	110336718	718	14	0.0003862664	0.000000310074
12	110336719	113263517	698	14	0.0000972032	0.000000256416
12	113263518	113986708	385	14	0.0002631616	0.000000165481
12	113986709	115036601	1061	14	0.0001883646	0.000000367426
12	115036602	115503215	384	14	0.0001481651	0.000000167465
12	115503216	117087470	1284	14	0.0000629929	0.000000358803
12	117087471	118135374	809	14	0.0001152066	0.000000362394
12	118135375	119754109	1247	14	0.0000133543	0.000000355389
12	119754110	122007650	1139	14	0.0002622691	0.000000372510
12	122007651	124977979	1122	14	0.0002833961	0.000000373963
12	124977980	126445504	1141	14	-0.0000454829	0.000000351342
12	126445505	127875097	1352	14	-0.0000179255	0.000000353237
12	127875098	129237296	1378	14	0.0000509734	0.000000357976
12	129237297	130377920	1241	14	0.0002294575	0.000000370253
12	130377921	131786750	1398	14	-0.0001007710	0.000000347539
12	131786751	132807033	637	14	-0.0000355991	0.000000263723
12	132807034	133841510	323	14	0.0002037132	0.000000144887
13	19020013	20686719	743	14	-0.0000951894	0.000000254936
13	20686720	22242173	1099	14	-0.0000973203	0.000000347776
13	22242174	23594701	1258	14	0.0002215556	0.000000369709
13	23594702	24531936	985	14	0.0000467953	0.000000357689
13	24531937	25784361	1180	14	-0.0000251785	0.000000352738
13	25784362	27284361	1119	14	0.0001932321	0.000000366912
13	27284362	29257550	1578	14	0.0000124553	0.000000355327
13	29257551	30483266	1025	14	0.0001676556	0.000000366002
13	30483267	32301814	1484	14	0.0000216732	0.000000355961
13	32301815	33776902	1177	14	0.0000832920	0.000000360199
13	33776903	35026463	988	14	0.0000429666	0.000000324754
13	35026464	36046366	475	14	0.0001286751	0.000000187516
13	36046367	37498184	1261	14	0.0001318583	0.000000363540
13	37498185	38878162	1384	14	0.0002103602	0.000000367242
13	38878163	41069262	1813	14	-0.0000538586	0.000000350766
13	41069263	43101026	1270	14	-0.0000798179	0.000000348980
13	43101027	44901408	1604	14	0.0002480604	0.000000371533
13	44901409	46495213	971	14	0.0000996117	0.000000361322
13	46495214	47431078	701	14	0.0001496953	0.000000259232
13	47431079	49383961	1378	14	-0.0000807508	0.000000348916
13	49383962	51591090	1407	14	0.0002798871	0.000000373722
13	51591091	53339621	690	14	0.0002073189	0.000000333562
13	53339622	54682863	1154	14	0.0000442829	0.000000357516
13	54682864	55817130	851	14	0.0000175427	0.000000214442
13	55817131	57554216	934	14	0.0001157181	0.000000174458
13	57554217	58410625	549	14	0.0000623570	0.000000117061
13	58410626	59302270	675	14	0.0001031914	0.000000143539
13	59302271	60854777	1290	14	0.0002086305	0.000000368820
13	60854778	61591948	675	14	0.0005014952	0.000000233352
13	61591949	63971558	1877	14	0.0000518367	0.000000358036
13	63971559	65200601	1070	14	0.0000301546	0.000000188040
13	65200602	67844452	1678	14	0.0002084119	0.000000368805
13	67844453	70724515	2583	14	0.0000535825	0.000000358156
13	70724516	71526790	716	14	-0.0000549622	0.000000284643
13	71526791	73934088	1755	14	0.0004267578	0.000000383824
13	73934089	75670142	1457	14	0.0000583304	0.000000358482
13	75670143	77410554	1639	14	0.0003099442	0.000000375789
13	77410555	78808812	981	14	0.0003143148	0.000000302746
13	78808813	80585675	1222	14	-0.0000088881	0.000000353859
13	80585676	82581813	1539	14	-0.0001004611	0.000000347560
13	82581814	84133143	1108	14	0.0000282548	0.000000237849
13	84133144	85610915	1071	14	0.0000063499	0.000000291256
13	85610916	88559881	2130	14	-0.0000161664	0.000000353358
13	88559882	90521310	1320	14	0.0000266804	0.000000312123
13	90521311	93129690	2061	14	0.0001259807	0.000000363136
13	93129691	93586454	286	14	0.0000251051	0.000000101299
13	93586455	96087557	2129	14	0.0001968733	0.000000368012
13	96087558	97519209	753	14	-0.0000287213	0.000000240087
13	97519210	98938918	825	14	-0.0000335539	0.000000352162
13	98938919	100574094	1490	14	0.0000103647	0.000000355183
13	100574095	102300522	1494	14	0.0000211637	0.000000355926
13	102300523	104066709	1823	14	-0.0000446341	0.000000351400
13	104066710	104844113	743	14	-0.0000782157	0.000000259234
13	104844114	106247553	1435	14	0.0000911902	0.000000360742
13	106247554	106749999	599	14	0.0002273618	0.000000235518
13	106750000	108189876	1246	14	0.0003316570	0.000000377283
13	108189877	109121209	936	14	0.0000741876	0.000000359573
13	109121210	109815111	742	14	0.0000178621	0.000000261891
13	109815112	111232072	1324	14	0.0001196533	0.000000362700
13	111232073	112247591	824	14	0.0003711627	0.000000379150
13	112247592	113572487	930	14	0.0001436400	0.000000364350
13	113572488	115109852	676	14	0.0002007944	0.000000328995
14	19002084	21589401	1048	14	0.0000957252	0.000000361054
14	21589402	23018664	1441	14	0.0000850984	0.000000360323
14	23018665	24905122	1191	14	0.0000713299	0.000000359376
14	24905123	26135685	1247	14	0.0002212332	0.000000369687
14	26135686	28466532	1616	14	0.0002626061	0.000000372533
14	28466533	29972144	885	14	-0.0000552149	0.000000292679
14	29972145	32383264	1200	14	0.0001348608	0.000000363746
14	32383265	34846250	2184	14	-0.0000008895	0.000000354409
14	34846251	35859592	466	14	0.0002808226	0.000000198602
14	35859593	38667724	1625	14	0.0001196887	0.000000362703
14	38667725	40341989	1147	14	0.0000412149	0.000000357305
14	40341990	41615501	1081	14	-0.0000361642	0.000000209283
14	41615502	43137388	954	14	0.0002965655	0.000000274716
14	43137389	44543226	941	14	0.0002071898	0.000000321240
14	44543227	46081895	782	14	0.0002036118	0.000000250599
14	46081896	46749129	515	14	0.0002170448	0.000000107118
14	46749130	48573585	1528	14	-0.0001585171	0.000000343567
14	48573586	49005470	289	14	0.0001382315	0.000000083785
14	49005471	50507759	971	14	0.0002419198	0.000000371110
14	50507760	51493571	691	14	0.0001557279	0.000000295877
14	51493572	53474382	1601	14	-0.0000920591	0.000000348138
14	53474383	53997830	398	14	0.0000674363	0.000000114075
14	53997831	55233680	785	14	0.0001661837	0.000000365901
14	55233681	56216879	565	14	0.0000110986	0.000000174476
14	56216880	57481261	1294	14	-0.0000251531	0.000000352740
14	57481262	59448335	1447	14	0.0000662426	0.000000359027
14	59448336	61680423	1391	14	0.0001205281	0.000000362760
14	61680424	63790014	1621	14	0.0002115003	0.000000369018
14	63790015	65220297	653	14	0.0006071835	0.000000280486
14	65220298	66399554	757	14	0.0000548170	0.000000298609
14	66399555	67992316	698	14	0.0002060952	0.000000200030
14	67992317	71131956	2217	14	-0.0000622033	0.000000350192
14	71131957	72889614	1424	14	0.0000589450	0.000000358525
14	72889615	76444766	2054	14	0.0001942230	0.000000367829
14	76444767	77229471	619	14	0.0002251384	0.000000299833
14	77229472	78561944	1094	14	0.0000829361	0.000000360175
14	78561945	80186578	1212	14	-0.0000103651	0.000000352909
14	80186579	81579713	1150	14	0.0000067313	0.000000354933
14	81579714	83138096	1037	14	-0.0000259828	0.000000334149
14	83138097	84241632	933	14	0.0002607669	0.000000316778
14	84241633	85746318	1140	14	0.0001884943	0.000000367435
14	85746319	86647001	634	14	0.0000727548	0.000000231757
14	86647002	87635340	716	14	0.0003112062	0.000000269504
14	87635341	89497642	1313	14	0.0001928650	0.000000367736
14	89497643	91296859	1298	14	0.0001685006	0.000000366060
14	91296860	93132298	1272	14	0.0004853638	0.000000387855
14	93132299	94325284	752	14	0.0000632952	0.000000308107
14	94325285	95750866	1540	14	0.0001778028	0.000000366700
14	95750867	96262414	680	14	0.0000560057	0.000000293856
14	96262415	98341161	1574	14	0.0000363363	0.000000356969
14	98341162	99138531	853	14	-0.0000058686	0.000000258702
14	99138532	101534306	1586	14	0.0005517176	0.000000392419
14	101534307	103012101	741	14	0.0002132859	0.000000369141
14	103012102	105001722	905	14	-0.0000494532	0.000000351069
14	105001723	106340357	281	14	-0.0001415554	0.000000131729
14	106340358	107289453	287	14	-0.0000185994	0.000000140085
15	20001200	21131603	34	5	-0.0000194056	0.000000017676
15	21131604	24195126	574	14	0.0000569425	0.000000293116
15	24195127	25108589	635	14	0.0000423654	0.000000219880
15	25108590	27298111	1665	14	0.0001417598	0.000000364221
15	27298112	29338501	1027	14	-0.0001047471	0.000000347265
15	29338502	30165567	585	14	0.0000344901	0.000000242872
15	30165568	31591820	516	14	0.0000471675	0.000000252994
15	31591821	32441810	487	14	0.0000680621	0.000000192805
15	32441811	34015424	1301	14	0.0001970459	0.000000368024
15	34015425	35083250	729	14	0.0000364276	0.000000319357
15	35083251	37456501	1867	14	0.0003126039	0.000000375972
15	37456502	38530776	725	14	-0.0000114151	0.000000293260
15	38530777	40384131	1594	14	0.0003213503	0.000000376574
15	40384132	41177513	399	14	-0.0000501596	0.000000151163
15	41177514	42776398	762	14	0.0001619702	0.000000325508
15	42776399	44198048	410	14	0.0003864233	0.000000143738
15	44198049	46618786	955	14	0.0000822363	0.000000336578
15	46618787	48136047	1314	14	0.0000694926	0.000000359250
15	48136048	50008042	932	14	-0.0000054675	0.000000286431
15	50008043	51677559	1110	14	0.0000646842	0.000000358919
15	51677560	53069095	771	14	0.0001903317	0.000000271348
15	53069096	54508527	1343	14	0.0001579954	0.000000364489
15	54508528	55136268	573	14	0.0000074735	0.000000236428
15	55136269	56901772	1071	14	0.0000976173	0.000000361185
15	56901773	58441365	1221	14	0.0001993300	0.000000368181
15	58441366	59694115	913	14	0.0002846376	0.000000374049
15	59694116	61265835	1186	14	0.0002344542	0.000000370597
15	61265836	63215221	1639	14	0.0000699064	0.000000359279
15	63215222	65104667	898	14	0.0004757413	0.000000377875
15	65104668	67094766	1012	14	0.0002160538	0.000000369331
15	67094767	69017998	1278	14	0.0001881416	0.000000367411
15	69017999	70133340	551	14	0.0002865805	0.000000257036
15	70133341	71922648	1217	14	0.0001046999	0.000000361672
15	71922649	73628713	726	14	0.0002741170	0.000000227477
15	73628714	76398623	979	14	0.0002771969	0.000000373537
15	76398624	78516052	1059	14	-0.0000826030	0.000000347940
15	78516053	80860977	1859	14	0.0000309213	0.000000356597
15	80860978	84260467	1495	14	0.0001720685	0.000000366306
15	84260468	86652904	1595	14	0.0000031157	0.000000354684
15	86652905	88369942	1465	14	0.0001642140	0.000000365765
15	88369943	90475550	1259	14	-0.0000883091	0.000000348396
15	90475551	92164391	1144	14	0.0003985363	0.000000381883
15	92164392	93780901	1367	14	-0.0000435231	0.000000351476
15	93780902	94924329	1154	14	-0.0000063611	0.000000354033
15	94924330	96141595	1090	14	0.0002878335	0.000000374268
15	96141596	98030909	1354	14	0.0001279571	0.000000363271
15	98030910	99244058	1098	14	0.0000669267	0.000000359074
15	99244059	100636846	1024	14	0.0001085282	0.000000361086
15	100636847	101552693	676	14	0.0000952008	0.000000361018
15	101552694	102520965	725	14	0.0000009337	0.000000354534
16	60054	1207205	456	14	0.0001272221	0.000000278812
16	1207206	2764828	592	14	0.0001376938	0.000000307527
16	2764829	4001195	445	14	0.0000658187	0.000000262046
16	4001196	5118344	575	14	-0.0000125322	0.000000349371
16	5118345	5891579	702	14	0.0002737790	0.000000373302
16	5891580	6893550	1222	14	0.0003119341	0.000000375926
16	6893551	7529120	898	14	0.0002490981	0.000000371604
16	7529121	8338518	1028	14	-0.0000077880	0.000000353934
16	8338519	9799418	1336	14	0.0004319091	0.000000384178
16	9799419	10426031	746	14	0.0004114431	0.000000313402
16	10426032	11520160	776	14	0.0000926861	0.000000360845
16	11520161	12613097	698	14	0.0000223456	0.000000356007
16	12613098	13154436	630	14	0.0003838369	0.000000294805
16	13154437	14464001	1069	14	-0.0000694532	0.000000349693
16	14464002	16154059	430	14	0.0001867696	0.000000233499
16	16154060	17644748	676	14	0.0000266737	0.000000342795
16	17644749	18643606	347	14	0.0000704330	0.000000149598
16	18643607	20150570	783	14	0.0001394120	0.000000350545
16	20150571	22448903	747	14	0.0001511905	0.000000297168
16	22448904	24136874	922	14	0.0001658088	0.000000365875
16	24136875	25986861	1324	14	0.0000151437	0.000000355512
16	25986862	27445754	1189	14	0.0002518518	0.000000371793
16	27445755	29036612	503	14	0.0001334636	0.000000200911
16	29036613	31382942	430	14	-0.0000335971	0.000000202026
16	31382943	46399472	230	14	0.0000906534	0.000000095959
16	46399473	49007925	597	14	0.0002448335	0.000000204853
16	49007926	52035822	1952	14	0.0000723096	0.000000359444
16	52035823	53382571	877	14	-0.0000307987	0.000000283894
16	53382572	55903773	2147	14	0.0001373584	0.000000363918
16	55903774	57664329	1125	14	0.0001159668	0.000000362447
16	57664330	59045404	858	14	0.0000822639	0.000000360129
16	59045405	60745693	1099	14	-0.0000069061	0.000000353995
16	60745694	62229848	802	14	0.0000483050	0.000000234643
16	62229849	63691588	986	14	0.0001220676	0.000000362866
16	63691589	65938565	1706	14	-0.0000170117	0.000000353300
16	65938566	68841362	1153	14	0.0004343241	0.000000384344
16	68841363	71054027	606	14	0.0002293845	0.000000281865
16	71054028	72935149	745	14	0.0000510408	0.000000309710
16	72935150	74971502	1255	14	0.0002886119	0.000000374322
16	74971503	75977953	438	14	0.0002965963	0.000000200398
16	75977954	77523677	1396	14	0.0001060248	0.000000361763
16	77523678	78456291	1139	14	-0.0000977520	0.000000347746
16	78456292	79134814	957	14	0.0000590183	0.000000358530
16	79134815	80297373	1329	14	0.0000991294	0.000000361289
16	80297374	81772535	1391	14	0.0000166069	0.000000355612
16	81772536	82747727	1005	14	0.0003376640	0.000000377696
16	82747728	83477207	1060	14	-0.0000504709	0.000000350999
16	83477208	84445882	1283	14	0.0001890452	0.000000367473
16	84445883	85148684	806	14	0.0000043471	0.000000354769
16	85148685	86156598	845	14	0.0003797216	0.000000380589
16	86156599	86815410	883	14	-0.0000021940	0.000000354319
16	86815411	87647348	640	14	0.0000352147	0.000000356892
16	87647349	89041164	621	14	0.0001685881	0.000000366066
16	89041165	90292811	527	14	0.0003657927	0.000000316703
17	56	1172398	483	14	0.0001552750	0.000000291051
17	1172399	1928730	402	14	0.0002949629	0.000000225183
17	1928731	3702311	1098	14	0.0001565953	0.000000365241
17	3702312	4696260	579	14	-0.0000544786	0.000000289501
17	4696261	5741333	750	14	-0.0000477277	0.000000292385
17	5741334	7317397	1060	14	0.0001335839	0.000000363658
17	7317398	8306424	433	14	0.0000628818	0.000000242511
17	8306425	9965920	1188	14	0.0000144195	0.000000355462
17	9965921	11102814	888	14	0.0000283226	0.000000356418
17	11102815	12534768	995	14	0.0001653456	0.000000365843
17	12534769	13180371	574	14	0.0000884070	0.000000278526
17	13180372	13894636	716	14	0.0003211996	0.000000370629
17	13894637	15019096	1270	14	0.0000222977	0.000000356004
17	15019097	16412341	575	14	-0.0000518910	0.000000250875
17	16412342	18856319	984	14	0.0000337497	0.000000356792
17	18856320	21290356	713	14	0.0001102739	0.000000295166
17	21290357	27334243	1011	14	-0.0000623996	0.000000350178
17	27334244	29786490	743	14	0.0001271351	0.000000243079
17	29786491	31538424	961	14	0.0000068039	0.000000354938
17	31538425	32912797	1564	14	0.0000816959	0.000000360089
17	32912798	34469035	946	14	0.0000536936	0.000000358163
17	34469036	36809343	813	14	0.0000166726	0.000000355617
17	36809344	38877403	693	14	0.0003211934	0.000000332334
17	38877404	39899809	602	14	-0.0000473745	0.000000173364
17	39899810	41772086	527	14	0.0005731251	0.000000224315
17	41772087	43056904	536	14	0.0002408818	0.000000222235
17	43056905	45876021	1222	14	0.0000269855	0.000000356326
17	45876022	47517399	883	14	0.0000358045	0.000000326744
17	47517400	49898956	1299	14	0.0002793608	0.000000373686
17	49898957	50719054	591	14	-0.0000905316	0.000000161130
17	50719055	51826117	826	14	0.0001379562	0.000000210033
17	51826118	53599431	1205	14	0.0000612975	0.000000358686
17	53599432	55357540	1164	14	0.0001802043	0.000000366865
17	55357541	57487511	1118	14	0.0000040890	0.000000354751
17	57487512	59312754	411	14	0.0001336797	0.000000129952
17	59312755	61545588	790	14	-0.0000406784	0.000000349128
17	61545589	63148127	510	14	0.0000152137	0.000000194313
17	63148128	64800429	1332	14	-0.0000790798	0.000000349031
17	64800430	67858769	1717	14	0.0000468157	0.000000357690
17	67858770	69387816	1352	14	-0.0000294868	0.000000352442
17	69387817	72672202	2514	14	0.0001987562	0.000000368141
17	72672203	74375559	660	14	-0.0000530132	0.000000317338
17	74375560	76263412	1233	14	-0.0000270221	0.000000352611
17	76263413	77298635	741	14	0.0000149265	0.000000355497
17	77298636	78837587	995	14	0.0000230868	0.000000356058
17	78837588	80034407	432	14	-0.0000506414	0.000000216534
17	80034408	81194907	524	14	0.0002517423	0.000000237936
18	10644	912485	691	14	-0.0000035906	0.000000354223
18	912486	1942910	804	14	-0.0000074487	0.000000272753
18	1942911	3891657	1501	14	0.0000660009	0.000000359010
18	3891658	5834179	1539	14	0.0001593282	0.000000365429
18	5834180	7090484	1059	14	-0.0001222898	0.000000346059
18	7090485	8498930	1076	14	0.0001871155	0.000000367341
18	8498931	11075912	2291	14	0.0000321585	0.000000356682
18	11075913	11905439	531	14	0.0000445863	0.000000252043
18	11905440	14440798	1351	14	0.0000103007	0.000000355179
18	14440799	19485843	338	14	0.0002869025	0.000000133632
18	19485844	20649471	644	14	-0.0000733966	0.000000214229
18	20649472	22996650	1487	14	-0.0000416570	0.000000351605
18	22996651	24026190	629	14	-0.0000310531	0.000000234560
18	24026191	25927681	1499	14	0.0001163610	0.000000362474
18	25927682	26875586	635	14	0.0001115098	0.000000166381
18	26875587	27866477	694	14	0.0000431446	0.000000182410
18	27866478	30264065	1816	14	0.0004382530	0.000000384615
18	30264066	31780066	853	14	0.0004195222	0.000000242629
18	31780067	33861963	1322	14	0.0000001206	0.000000353630
18	33861964	35075249	899	14	0.0000181113	0.000000352325
18	35075250	36365489	1072	14	0.0001467805	0.000000322004
18	36365490	37684366	813	14	0.0000555454	0.000000218532
18	37684367	39892647	1790	14	0.0005293984	0.000000390884
18	39892648	42922105	2117	14	0.0000117674	0.000000355280
18	42922106	44299245	1199	14	0.0000551383	0.000000358263
18	44299246	45939731	1087	14	-0.0000624044	0.000000350178
18	45939732	47730583	1336	14	0.0001350395	0.000000363759
18	47730584	51062184	2471	14	0.0001918476	0.000000367666
18	51062185	51554174	469	14	0.0003026386	0.000000117487
18	51554175	55213837	2170	14	0.0002473798	0.000000371486
18	55213838	56530219	1074	14	0.0001159322	0.000000362444
18	56530220	57630482	1046	14	0.0000974274	0.000000361172
18	57630483	59020750	979	14	0.0002444120	0.000000346054
18	59020751	60277714	1177	14	0.0002129665	0.000000369119
18	60277715	61820251	1192	14	-0.0000570688	0.000000350545
18	61820252	63463401	1275	14	0.0000879355	0.000000360519
18	63463402	64252800	727	14	0.0000930968	0.000000170787
18	64252801	66125816	1685	14	0.0000909992	0.000000360729
18	66125817	67175819	736	14	0.0002097688	0.000000287630
18	67175820	68621178	944	14	0.0001765576	0.000000366614
18	68621179	69621617	927	14	0.0001108473	0.000000351104
18	69621618	71038473	1265	14	0.0001337204	0.000000363668
18	71038474	71971461	996	14	-0.0000020031	0.000000354332
18	71971462	73526986	1335	14	0.0002951877	0.000000374774
18	73526987	74813814	1114	14	0.0001697555	0.000000366146
18	74813815	75976316	1186	14	0.0000133363	0.000000355387
18	75976317	77149990	943	14	-0.0000021510	0.000000354322
18	77149991	78017157	508	14	-0.0000392416	0.000000226381
19	80840	610728	142	14	-0.0000234194	0.000000076663
19	610729	2098395	481	14	0.0000724575	0.000000315265
19	2098396	3019659	393	14	0.0000394582	0.000000218932
19	3019660	4348966	515	14	0.0000831416	0.000000315180
19	4348967	5811851	642	14	0.0000075939	0.000000354992
19	5811852	6684884	338	14	0.0001235090	0.000000189329
19	6684885	8347512	876	14	0.0001332393	0.000000363635
19	8347513	9238392	411	14	0.0000317085	0.000000156031
19	9238393	11284027	767	14	0.0002778470	0.000000339230
19	11284028	13471126	717	14	0.0001095240	0.000000349330
19	13471127	14486346	355	14	0.0000567572	0.000000180457
19	14486347	15648609	558	14	0.0001840600	0.000000278761
19	15648610	16374415	659	14	0.0000654971	0.000000228235
19	16374416	18409861	869	14	0.0000200465	0.000000355849
19	18409862	19877470	508	14	0.0002632015	0.000000249326
19	19877471	20905756	340	14	0.0002014377	0.000000150902
19	20905757	22732895	844	14	0.0000609366	0.000000234745
19	22732896	23467745	320	14	0.0001226086	0.000000095535
19	23467746	28557892	743	14	0.0000660781	0.000000197781
19	28557893	29790946	1180	14	-0.0000117908	0.000000353659
19	29790947	30727953	686	14	0.0000642311	0.000000294420
19	30727954	32746519	1217	14	0.0002398402	0.000000370967
19	32746520	34262951	929	14	0.0002693141	0.000000372994
19	34262952	36469294	1106	14	-0.0000457597	0.000000351323
19	36469295	37527032	451	14	0.0001537516	0.000000134016
19	37527033	40170618	1066	14	0.0003619326	0.000000379365
19	40170619	40984600	317	14	0.0002261301	0.000000132861
19	40984601	42131572	481	14	0.0001054319	0.000000244654
19	42131573	43862454	491	14	-0.0000466714	0.000000179180
19	43862455	44744107	516	14	0.0000368627	0.000000187771
19	44744108	46102696	623	14	0.0001390588	0.000000326403
19	46102697	47150081	470	14	0.0002235919	0.000000244338
19	47150082	49282226	953	14	-0.0000261026	0.000000352675
19	49282227	51532566	1005	14	0.0002831849	0.000000373949
19	51532567	52985289	1157	14	0.0001512613	0.000000364874
19	52985290	54602361	1008	14	0.0002353076	0.000000370655
19	54602362	55728079	608	14	-0.0000445719	0.000000348861
19	55728080	57521334	1103	14	0.0000484721	0.000000357804
19	57521335	59118838	835	14	0.0001684831	0.000000366059
20	60479	697599	419	14	-0.0000163146	0.000000225672
20	697600	2469500	1796	14	0.0001268406	0.000000363195
20	2469501	3828412	887	14	0.0001106080	0.000000362078
20	3828413	5477849	1416	14	0.0000386527	0.000000357129
20	5477850	7084072	1507	14	-0.0000768421	0.000000349185
20	7084073	8117010	1024	14	0.0002351381	0.000000308552
20	8117011	9730920	1540	14	0.0000322515	0.000000356688
20	9730921	11249535	1478	14	0.0000247094	0.000000356170
20	11249536	12447498	1070	14	0.0003704022	0.000000379098
20	12447499	13689863	1128	14	0.0001902935	0.000000367559
20	13689864	15958358	2015	14	-0.0000136269	0.000000353533
20	15958359	17487231	1812	14	0.0001812716	0.000000366939
20	17487232	18972202	1178	14	-0.0000043454	0.000000354171
20	18972203	20959709	1751	14	0.0000411972	0.000000357304
20	20959710	22491455	868	14	-0.0000015702	0.000000251211
20	22491456	23293789	823	14	0.0005620864	0.000000305431
20	23293790	24717723	1117	14	0.0001760412	0.000000366579
20	24717724	25344230	577	14	0.0004219340	0.000000165195
20	25344231	31614822	1147	14	0.0003837755	0.000000380868
20	31614823	32813440	462	14	0.0001932300	0.000000182585
20	32813441	34960445	772	14	0.0000066926	0.000000204035
20	34960446	36909529	902	14	0.0001970022	0.000000346965
20	36909530	38436760	1076	14	0.0001302512	0.000000354122
20	38436761	39610855	942	14	0.0001816098	0.000000364416
20	39610856	40585688	558	14	0.0004628711	0.000000231456
20	40585689	41615459	1046	14	0.0003725750	0.000000380097
20	41615460	42680175	704	14	0.0000491349	0.000000337640
20	42680176	44839055	1392	14	-0.0000342314	0.000000352116
20	44839056	47199979	1928	14	0.0000316774	0.000000356649
20	47199980	49239657	1427	14	0.0003814163	0.000000380705
20	49239658	52472548	2556	14	0.0000038005	0.000000354732
20	52472549	54055265	1311	14	0.0000163251	0.000000355593
20	54055266	56447958	2194	14	0.0002318395	0.000000370417
20	56447959	58406571	1542	14	0.0002949159	0.000000374755
20	58406572	59561723	1061	14	0.0002098863	0.000000368907
20	59561724	61301854	1399	14	0.0000958495	0.000000361063
20	61301855	62190179	519	14	0.0001211986	0.000000292710
20	62190180	62965162	381	14	0.0000983264	0.000000181133
21	9411243	15950981	603	14	0.0000301214	0.000000276911
21	15950982	18053164	1328	14	0.0001491230	0.000000364727
21	18053165	19480374	901	14	0.0003398953	0.000000377849
21	19480375	20962338	1284	14	0.0000300019	0.000000356534
21	20962339	22072763	861	14	0.0000249995	0.000000356190
21	22072764	23362874	1158	14	0.0002869756	0.000000374209
21	23362875	24696230	867	14	0.0002013459	0.000000309464
21	24696231	26469121	1465	14	-0.0000401363	0.000000351709
21	26469122	27271018	459	14	-0.0000823050	0.000000156017
21	27271019	29125225	1712	14	0.0000464964	0.000000357668
21	29125226	31197024	1488	14	0.0002398716	0.000000370969
21	31197025	32668641	1069	14	-0.0000323784	0.000000260802
21	32668642	34376998	1086	14	0.0001640458	0.000000365754
21	34376999	35225464	480	14	-0.0000626240	0.000000210465
21	35225465	36524372	1021	14	0.0000465687	0.000000357673
21	36524373	37870778	950	14	0.0003104964	0.000000375827
21	37870779	38711703	596	14	0.0000002812	0.000000208790
21	38711704	40482901	1553	14	0.0000478087	0.000000357759
21	40482902	41389526	907	14	0.0001348197	0.000000348550
21	41389527	43321527	1709	14	0.0002832870	0.000000373956
21	43321528	44506267	1192	14	-0.0000648752	0.000000350008
21	44506268	46177104	1030	14	0.0001891257	0.000000367479
21	46177105	47492225	896	14	-0.0000696011	0.000000349683
21	47492226	48119751	409	14	0.0000974271	0.000000180354
22	16050408	17674294	377	14	0.0001357591	0.000000188719
22	17674295	18296087	421	14	0.0000551576	0.000000204385
22	18296088	19912357	952	14	0.0000105095	0.000000355193
22	19912358	22357324	984	14	0.0000695874	0.000000359257
22	22357325	23712646	777	14	0.0001656627	0.000000354872
22	23712647	24984203	651	14	0.0000284331	0.000000257928
22	24984204	26791627	1346	14	-0.0000092184	0.000000353836
22	26791628	27834751	1330	14	0.0000443168	0.000000357518
22	27834752	29651798	998	14	0.0000192287	0.000000355793
22	29651799	31439917	958	14	0.0001543933	0.000000365090
22	31439918	32664985	582	14	0.0004702532	0.000000247592
22	32664986	34494913	1739	14	0.0001288619	0.000000363334
22	34494914	35530984	1128	14	-0.0000469677	0.000000312810
22	35530985	37570268	1579	14	0.0002556224	0.000000372053
22	37570269	39307893	898	14	0.0000095246	0.000000355125
22	39307894	40545796	594	14	0.0001033649	0.000000305983
22	40545797	42690817	833	14	0.0003724139	0.000000285373
22	42690818	43714199	750	14	0.0000861748	0.000000360398
22	43714200	44995307	1286	14	0.0001479451	0.000000364646
22	44995308	46470494	1140	14	0.0004175683	0.000000383192
22	46470495	47596317	883	14	0.0003790007	0.000000380539
22	47596318	48903702	1536	14	-0.0001589234	0.000000343539
22	48903703	49824533	1317	14	-0.0000232406	0.000000352872
22	49824534	51243297	719	14	0.0001467106	0.000000355254
