chr	start	end	num_snp	k	local_h2g	var
1	10583	1892606	151	14	0.0001154299	0.000000085171
1	1892607	3582735	809	14	-0.0000334850	0.000000374246
1	3582736	4380810	553	14	0.0003481760	0.000000299922
1	4380811	5913892	1879	14	-0.0000678534	0.000000371808
1	5913893	7247334	740	14	0.0000892014	0.000000359714
1	7247335	9365198	1269	14	0.0000489496	0.000000380093
1	9365199	10806983	540	14	0.0000491695	0.000000249326
1	10806984	11777840	399	14	0.0001237783	0.000000224292
1	11777841	12779465	447	14	0.0000929127	0.000000249986
1	12779466	14891510	1205	14	0.0000854150	0.000000382680
1	14891511	16897729	1127	14	-0.0000351711	0.000000374126
1	16897730	18662898	1168	14	-0.0000467726	0.000000373303
1	18662899	20469148	1215	14	-0.0001183808	0.000000368224
1	20469149	21736587	807	14	0.0002642238	0.000000373002
1	21736588	23086882	943	14	0.0001382898	0.000000386431
1	23086883	23920589	349	14	0.0000287715	0.000000153006
1	23920590	25516844	898	14	0.0002390732	0.000000393580
1	25516845	27401866	659	14	-0.0000196935	0.000000249334
1	27401867	30161880	957	14	0.0001346260	0.000000386171
1	30161881	32438684	1899	14	0.0002269595	0.000000392720
1	32438685	34799757	1166	14	0.0000243661	0.000000378350
1	34799758	37549182	977	14	0.0000622285	0.000000381035
1	37549183	38731846	609	14	-0.0000905540	0.000000275615
1	38731847	40200566	750	14	0.0003326694	0.000000387646
1	40200567	41975326	1021	14	0.0001674203	0.000000388497
1	41975327	43758456	1089	14	0.0002724489	0.000000395947
1	43758457	44969182	620	14	0.0002280095	0.000000250663
1	44969183	46899500	807	14	0.0000098548	0.000000232105
1	46899501	48002575	520	14	0.0001526457	0.000000189293
1	48002576	48978187	560	14	0.0000141754	0.000000256603
1	48978188	49894176	460	14	0.0000164146	0.000000172192
1	49894177	51713725	488	14	0.0003143136	0.000000159876
1	51713726	54226261	979	14	-0.0000597115	0.000000372386
1	54226262	56413116	1445	14	0.0003877196	0.000000404124
1	56413117	57021727	522	14	0.0000344975	0.000000174964
1	57021728	58865398	1549	14	-0.0000030357	0.000000376406
1	58865399	59890408	773	14	0.0002919230	0.000000292633
1	59890409	61922364	1211	14	-0.0001146523	0.000000368488
1	61922365	63455088	963	14	0.0002180146	0.000000392086
1	63455089	65041703	1329	14	-0.0000875830	0.000000370409
1	65041704	66939403	1340	14	0.0001153193	0.000000384801
1	66939404	68477894	1349	14	0.0000336723	0.000000379010
1	68477895	69687615	763	14	0.0000118244	0.000000280341
1	69687616	71372469	1109	14	0.0000313484	0.000000378845
1	71372470	71684404	176	13	-0.0000443112	0.000000041775
1	71684405	74326906	1587	14	-0.0000014356	0.000000351522
1	74326907	76728134	1666	14	0.0001811403	0.000000389470
1	76728135	79661197	1972	14	0.0000795604	0.000000382265
1	79661198	81354190	1201	14	0.0002128239	0.000000383625
1	81354191	83991747	2183	14	0.0000660827	0.000000381309
1	83991748	84844494	570	14	0.0000693240	0.000000186476
1	84844495	86454750	1285	14	0.0002807801	0.000000396538
1	86454751	88128630	1134	14	-0.0000650593	0.000000372006
1	88128631	90066302	1008	14	0.0000254760	0.000000378428
1	90066303	91886316	1053	14	0.0003697252	0.000000402847
1	91886317	93536458	1051	14	-0.0000111507	0.000000324585
1	93536459	94506190	528	14	-0.0000306202	0.000000136442
1	94506191	96150892	1111	14	-0.0000473707	0.000000372360
1	96150893	97885248	1136	14	0.0001293633	0.000000366996
1	97885249	99800603	1279	14	0.0002020897	0.000000390956
1	99800604	100826404	656	14	0.0002880950	0.000000211766
1	100826405	102041015	882	14	-0.0000543391	0.000000299228
1	102041016	102898744	689	14	0.0001080199	0.000000196816
1	102898745	103914210	603	14	-0.0000402876	0.000000123536
1	103914211	106087841	1244	14	0.0001131133	0.000000384645
1	106087842	108409664	1654	14	-0.0001452535	0.000000366318
1	108409665	110303930	1049	14	0.0003299986	0.000000400030
1	110303931	111741736	970	14	0.0000973487	0.000000383527
1	111741737	113273305	1318	14	0.0000741949	0.000000381884
1	113273306	114873844	890	14	0.0003107570	0.000000398665
1	114873845	115880592	591	14	0.0004526939	0.000000246645
1	115880593	118839066	1632	14	-0.0000415468	0.000000373674
1	118839067	144977493	1178	14	0.0000778666	0.000000382145
1	144977494	148361252	786	14	0.0001847349	0.000000316975
1	148361253	151538880	553	14	0.0002448066	0.000000210261
1	151538881	153180828	974	14	0.0002187947	0.000000289960
1	153180829	154770402	769	14	0.0001237291	0.000000334129
1	154770403	156336132	466	14	0.0001474975	0.000000232266
1	156336133	158027411	1171	14	0.0001707319	0.000000388732
1	158027412	159913047	1311	14	0.0000158460	0.000000377745
1	159913048	162346720	1563	14	0.0000970751	0.000000383507
1	162346721	165191701	2418	14	-0.0000250004	0.000000374848
1	165191702	166460516	1003	14	0.0002775968	0.000000396312
1	166460517	169086323	1991	14	-0.0000602592	0.000000372347
1	169086324	170557775	1366	14	0.0000872368	0.000000360461
1	170557776	173097906	1676	14	0.0001794686	0.000000389352
1	173097907	175089767	729	14	0.0002347270	0.000000198090
1	175089768	177433380	1537	14	0.0001785712	0.000000389288
1	177433381	178944308	907	14	0.0000386082	0.000000314328
1	178944309	178954469	3	1	-0.0000046226	0.000000001488
1	178954470	181144120	1491	14	0.0001439943	0.000000386835
1	181144121	182755355	1077	14	0.0000596771	0.000000380854
1	182755356	184595512	1286	14	0.0002987396	0.000000397812
1	184595513	186810022	878	14	0.0002700598	0.000000325563
1	186810023	188759944	1494	14	0.0000653315	0.000000381255
1	188759945	189904129	626	14	0.0001834085	0.000000138478
1	189904130	191868929	1504	14	0.0000524379	0.000000343894
1	191868930	194107441	1332	14	0.0000288609	0.000000378668
1	194107442	196176200	1595	14	0.0000018636	0.000000376753
1	196176201	197311513	497	14	0.0000345009	0.000000122364
1	197311514	199239883	1023	14	0.0001738440	0.000000369260
1	199239884	200137648	629	14	0.0000750086	0.000000214595
1	200137649	201589974	1243	14	0.0000779259	0.000000382149
1	201589975	203334733	1048	14	-0.0000208154	0.000000375145
1	203334734	204681067	823	14	-0.0000164718	0.000000375453
1	204681068	206073264	1052	14	0.0000684572	0.000000381477
1	206073265	208410363	1157	14	0.0003306722	0.000000400077
1	208410364	210787749	1719	14	0.0004310131	0.000000407195
1	210787750	212842329	1275	14	0.0001080177	0.000000384283
1	212842330	214578265	1096	14	0.0001568018	0.000000387744
1	214578266	216243633	1268	14	0.0000720890	0.000000381735
1	216243634	218705512	2300	14	0.0001017287	0.000000383837
1	218705513	219590570	644	14	0.0002695020	0.000000226712
1	219590571	221858230	1503	14	0.0003522710	0.000000401609
1	221858231	222230219	335	14	0.0000012293	0.000000134337
1	222230220	224938519	931	14	0.0003847209	0.000000396711
1	224938520	226810859	911	14	-0.0000513668	0.000000372978
1	226810860	229156247	1406	14	-0.0001068691	0.000000369041
1	229156248	230685254	873	14	-0.0000984912	0.000000369635
1	230685255	232090251	1043	14	0.0003751163	0.000000403230
1	232090252	233429283	1121	14	0.0003116941	0.000000398731
1	233429284	234599433	1020	14	0.0002459093	0.000000394065
1	234599434	235819435	717	14	0.0001848412	0.000000375381
1	235819436	237555627	1358	14	0.0000407710	0.000000379513
1	237555628	238567806	875	14	0.0000368622	0.000000379236
1	238567807	239925313	1099	14	0.0000231406	0.000000378263
1	239925314	240564090	652	14	-0.0000288148	0.000000274976
1	240564091	241582219	935	14	0.0004439090	0.000000408110
1	241582220	242071601	383	14	-0.0000279890	0.000000165331
1	242071602	244109498	1144	14	0.0002335018	0.000000393185
1	244109499	245506745	924	14	0.0000881712	0.000000382876
1	245506746	247344517	1373	14	0.0000186039	0.000000377941
1	247344518	249239465	844	14	0.0001338883	0.000000369096
2	10133	1781021	1337	14	0.0001114106	0.000000384524
2	1781022	3973778	1825	14	-0.0000081370	0.000000376044
2	3973779	5708336	1416	14	0.0001784339	0.000000389278
2	5708337	6836253	1267	14	-0.0000189234	0.000000375279
2	6836254	8422146	1344	14	0.0000155860	0.000000377727
2	8422147	10298468	1327	14	0.0000149911	0.000000377685
2	10298469	12419149	1855	14	0.0001847849	0.000000389729
2	12419150	14335307	1577	14	0.0000616541	0.000000380995
2	14335308	16329734	1749	14	0.0000678625	0.000000381435
2	16329735	18647422	1844	14	-0.0000543374	0.000000372767
2	18647423	19692403	798	14	-0.0000434747	0.000000297449
2	19692404	21050489	1281	14	0.0000991985	0.000000383658
2	21050490	23341382	1377	14	-0.0000226340	0.000000375016
2	23341383	24686917	853	14	0.0001004408	0.000000325571
2	24686918	26894984	1039	14	0.0000638126	0.000000381148
2	26894985	28598776	716	14	0.0002052177	0.000000274160
2	28598777	29217558	466	14	0.0002692247	0.000000219695
2	29217559	30463710	1185	14	0.0000819865	0.000000382437
2	30463711	31550449	1147	14	-0.0000272284	0.000000374690
2	31550450	33363776	801	14	0.0000670131	0.000000381375
2	33363777	35345027	1760	14	-0.0000421727	0.000000373630
2	35345028	36122005	846	14	0.0001862133	0.000000274459
2	36122006	38132711	1867	14	0.0001878476	0.000000389946
2	38132712	39031336	613	14	0.0001287888	0.000000331027
2	39031337	40281482	619	14	0.0000656325	0.000000279151
2	40281483	43309589	2783	14	0.0000976386	0.000000383547
2	43309590	44313802	835	14	0.0000780449	0.000000382157
2	44313803	46482633	1947	14	0.0000283241	0.000000378630
2	46482634	47318771	777	14	0.0001585876	0.000000386969
2	47318772	48213000	513	14	0.0000391936	0.000000319518
2	48213001	50022256	1509	14	0.0001402995	0.000000386573
2	50022257	50818927	813	14	0.0003015958	0.000000292487
2	50818928	52491132	1649	14	-0.0000322781	0.000000374332
2	52491133	53508451	1101	14	0.0002618276	0.000000392490
2	53508452	54685225	869	14	-0.0000308914	0.000000374430
2	54685226	56203344	1210	14	0.0001285115	0.000000385737
2	56203345	57429099	958	14	0.0000461210	0.000000343447
2	57429100	58297314	651	14	0.0001291548	0.000000228606
2	58297315	60291999	1318	14	0.0001901697	0.000000390111
2	60292000	62429043	1029	14	0.0000219038	0.000000378175
2	62429044	64625912	1113	14	0.0000646658	0.000000381208
2	64625913	65933443	883	14	0.0001958090	0.000000390511
2	65933444	67226165	1151	14	0.0002599942	0.000000395064
2	67226166	68010175	929	14	-0.0000047222	0.000000324174
2	68010176	69139563	1021	14	0.0000829301	0.000000376208
2	69139564	70755197	963	14	0.0000919771	0.000000383146
2	70755198	73174847	1777	14	0.0000458058	0.000000379870
2	73174848	75630085	1441	14	0.0000576645	0.000000380712
2	75630086	76913660	1070	14	0.0000351665	0.000000379116
2	76913661	78079263	914	14	0.0001039083	0.000000383992
2	78079264	80050402	2005	14	0.0002191517	0.000000392167
2	80050403	81620840	1127	14	0.0001484714	0.000000387153
2	81620841	85140679	2387	14	0.0001558473	0.000000387676
2	85140680	88038506	1211	14	0.0001694170	0.000000388639
2	88038507	89154525	439	14	0.0001667057	0.000000173024
2	89154526	95326451	47	5	0.0000909166	0.000000028375
2	95326452	98995200	850	14	0.0000597713	0.000000340039
2	98995201	101822328	1897	14	0.0001611255	0.000000388051
2	101822329	102688764	600	14	0.0005176364	0.000000226357
2	102688765	103588214	951	14	0.0002411820	0.000000244410
2	103588215	105125033	781	14	0.0000455372	0.000000253120
2	105125034	106210057	847	14	0.0003331507	0.000000346349
2	106210058	107408266	938	14	0.0000214594	0.000000360238
2	107408267	108429176	923	14	-0.0000025297	0.000000232031
2	108429177	110572431	1128	14	0.0001386181	0.000000386454
2	110572432	113921855	1397	14	0.0001751881	0.000000389048
2	113921856	116772469	1663	14	0.0001010777	0.000000383791
2	116772470	118367465	1016	14	0.0003433849	0.000000284723
2	118367466	121303782	2021	14	-0.0000601554	0.000000372354
2	121303783	123302905	1219	14	0.0001701430	0.000000388690
2	123302906	124732249	1175	14	0.0002289681	0.000000299009
2	124732250	125840920	876	14	0.0001721614	0.000000305073
2	125840921	127373763	1064	14	0.0002616755	0.000000269166
2	127373764	128034346	599	14	0.0000906745	0.000000241791
2	128034347	129474440	840	14	-0.0000734405	0.000000314133
2	129474441	130067169	459	14	0.0002256609	0.000000158026
2	130067170	130658084	454	14	0.0002862679	0.000000165190
2	130658085	133042783	513	14	-0.0000597838	0.000000221636
2	133042784	135158577	1736	14	0.0000117118	0.000000377452
2	135158578	137042793	844	14	0.0001965530	0.000000284248
2	137042794	138698116	1215	14	0.0002047057	0.000000391142
2	138698117	140100270	1014	14	-0.0000181959	0.000000269922
2	140100271	141805350	1386	14	0.0001206214	0.000000385177
2	141805351	142518601	711	14	0.0000778285	0.000000238488
2	142518602	144519483	1480	14	-0.0000046963	0.000000376288
2	144519484	146445569	860	14	0.0001433948	0.000000337254
2	146445570	147277161	376	14	0.0004652898	0.000000148957
2	147277162	150210291	1475	14	0.0000508131	0.000000380226
2	150210292	151731461	1038	14	0.0000192019	0.000000377082
2	151731462	152486781	575	14	0.0001228271	0.000000190992
2	152486782	154005055	1014	14	0.0002782284	0.000000375769
2	154005056	155391134	1134	14	0.0001032680	0.000000383946
2	155391135	157560634	1213	14	0.0000124993	0.000000377508
2	157560635	158533217	347	14	0.0001614266	0.000000159369
2	158533218	159577081	708	14	0.0001496608	0.000000266155
2	159577082	161769732	1362	14	0.0001179453	0.000000384988
2	161769733	163503550	705	14	0.0000412277	0.000000221631
2	163503551	164466637	520	14	0.0003601033	0.000000193308
2	164466638	165178839	412	14	0.0001604265	0.000000160031
2	165178840	167160269	1348	14	0.0000871147	0.000000382801
2	167160270	167355969	170	13	0.0000540706	0.000000055096
2	167355970	169968235	1617	14	-0.0000190841	0.000000375268
2	169968236	171226244	968	14	-0.0000308348	0.000000374434
2	171226245	173138904	1009	14	0.0004036515	0.000000405254
2	173138905	175588928	1622	14	0.0001636306	0.000000388228
2	175588929	177363635	983	14	-0.0000944743	0.000000369920
2	177363636	178553182	1033	14	0.0001016677	0.000000331702
2	178553183	181312738	2187	14	0.0000607428	0.000000380930
2	181312739	182266030	690	14	0.0002219707	0.000000220254
2	182266031	184357607	1293	14	0.0001336654	0.000000386103
2	184357608	185280172	611	14	0.0001787573	0.000000182834
2	185280173	189882064	2469	14	0.0000692165	0.000000381531
2	189882065	191973356	1054	14	0.0002886076	0.000000354493
2	191973357	195861163	1691	14	0.0001578461	0.000000387818
2	195861164	196447455	337	14	0.0000352766	0.000000109747
2	196447456	198078109	880	14	0.0002576351	0.000000272952
2	198078110	199311124	600	14	0.0001378296	0.000000175469
2	199311125	201576283	1235	14	0.0001546060	0.000000387588
2	201576284	202818636	513	14	0.0000720566	0.000000226167
2	202818637	205799240	1345	14	0.0000528968	0.000000380373
2	205799241	206735703	664	14	0.0000686953	0.000000372509
2	206735704	208645398	1166	14	0.0002161984	0.000000391957
2	208645399	209941528	720	14	0.0001584834	0.000000278259
2	209941529	212379517	1669	14	-0.0000080713	0.000000376049
2	212379518	214014281	1438	14	-0.0000343688	0.000000374183
2	214014282	215573794	1039	14	0.0001892780	0.000000357976
2	215573795	217715660	1494	14	0.0000281215	0.000000378616
2	217715661	218395479	512	14	-0.0000354342	0.000000224937
2	218395480	220454550	909	14	0.0001076245	0.000000384256
2	220454551	222521175	1810	14	0.0000964123	0.000000383460
2	222521176	224859418	1667	14	0.0000842547	0.000000382598
2	224859419	225840003	732	14	0.0002415307	0.000000249216
2	225840004	228119841	1580	14	0.0003245968	0.000000399646
2	228119842	229370786	927	14	0.0000080061	0.000000325075
2	229370787	231843388	1833	14	0.0001844979	0.000000389708
2	231843389	233550002	775	14	0.0000645057	0.000000377596
2	233550003	235150986	1439	14	0.0004250765	0.000000406774
2	235150987	236043549	761	14	0.0001654004	0.000000388354
2	236043550	237449031	885	14	0.0003981806	0.000000404866
2	237449032	238760980	1058	14	0.0000382220	0.000000379332
2	238760981	239952642	811	14	0.0001383792	0.000000366747
2	239952643	241560083	1191	14	-0.0000120839	0.000000375764
2	241560084	242149920	366	14	0.0002438758	0.000000174725
2	242149921	243188919	248	14	0.0001649784	0.000000110469
3	60157	1441778	1217	14	0.0004116461	0.000000405821
3	1441779	2992119	1668	14	-0.0000361490	0.000000374057
3	2992120	4431646	1502	14	-0.0000480515	0.000000373213
3	4431647	6083182	1444	14	-0.0000415115	0.000000373677
3	6083183	7083386	908	14	0.0001109150	0.000000384489
3	7083387	8648560	1723	14	-0.0000221634	0.000000375049
3	8648561	9543182	805	14	0.0001884077	0.000000389986
3	9543183	11019664	946	14	0.0001349218	0.000000386192
3	11019665	13070798	1298	14	0.0003861728	0.000000404014
3	13070799	14816899	1416	14	0.0000716570	0.000000381704
3	14816900	16282441	988	14	0.0006876714	0.000000425401
3	16282442	17891117	1029	14	0.0004411148	0.000000407911
3	17891118	19125143	752	14	0.0001670604	0.000000270650
3	19125144	20091347	332	14	0.0002381259	0.000000160357
3	20091348	21643706	1310	14	0.0000555594	0.000000380562
3	21643707	22204243	882	14	0.0001849227	0.000000389739
3	22204244	23804864	1138	14	0.0001915067	0.000000390206
3	23804865	25461557	1407	14	0.0000268976	0.000000378529
3	25461558	26877768	973	14	-0.0001376910	0.000000366854
3	26877769	27840909	652	14	-0.0001134920	0.000000226613
3	27840910	29142259	921	14	0.0001036488	0.000000383974
3	29142260	30717954	1344	14	0.0002795107	0.000000396448
3	30717955	32351714	1252	14	-0.0000766598	0.000000371183
3	32351715	33255591	460	14	0.0000166355	0.000000248651
3	33255592	35283457	1222	14	-0.0001453754	0.000000365409
3	35283458	36486841	874	14	0.0002044991	0.000000332070
3	36486842	38356115	1035	14	0.0000499365	0.000000380163
3	38356116	40221297	1279	14	0.0000305342	0.000000378787
3	40221298	41064527	304	14	0.0002675290	0.000000129487
3	41064528	42540001	974	14	0.0001298765	0.000000365256
3	42540002	45165152	1269	14	0.0000617468	0.000000381001
3	45165153	46657499	1007	14	0.0003601699	0.000000402170
3	46657500	47727211	305	14	-0.0001013521	0.000000096712
3	47727212	49316971	359	14	0.0003487224	0.000000111620
3	49316972	51832014	660	14	0.0003616457	0.000000169011
3	51832015	54081389	1003	14	0.0003256261	0.000000399719
3	54081390	55348859	1121	14	-0.0000407925	0.000000373728
3	55348860	56433906	716	14	0.0003203295	0.000000318074
3	56433907	58157518	955	14	0.0000379931	0.000000379316
3	58157519	60272905	1784	14	0.0002116977	0.000000391638
3	60272906	62355665	1779	14	-0.0000027496	0.000000376426
3	62355666	63669285	1277	14	-0.0000032640	0.000000376390
3	63669286	65273537	1328	14	0.0001519845	0.000000387402
3	65273538	66270446	589	14	0.0000690544	0.000000354749
3	66270447	68286913	1350	14	0.0001276257	0.000000385674
3	68286914	69276761	695	14	0.0005248064	0.000000363375
3	69276762	70449027	835	14	0.0000922603	0.000000363478
3	70449028	72529328	1408	14	0.0000926633	0.000000383194
3	72529329	74321816	1449	14	0.0000621536	0.000000381030
3	74321817	75704948	603	14	0.0000703002	0.000000233176
3	75704949	77508834	1117	14	0.0000039518	0.000000376902
3	77508835	79024540	901	14	0.0002208026	0.000000349693
3	79024541	81427309	1285	14	-0.0000011270	0.000000318387
3	81427310	82643885	710	14	0.0008845416	0.000000242195
3	82643886	84367478	845	14	0.0004367996	0.000000264566
3	84367479	85582230	630	14	0.0003109229	0.000000201163
3	85582231	87409731	1258	14	0.0001666266	0.000000304682
3	87409732	88298372	505	14	0.0001655259	0.000000120252
3	88298373	94255315	1212	14	0.0003103137	0.000000351672
3	94255316	95311970	755	14	-0.0000321326	0.000000151680
3	95311971	98215949	1538	14	0.0001814420	0.000000389492
3	98215950	99373761	795	14	0.0000358504	0.000000224409
3	99373762	100592216	602	14	0.0000653430	0.000000193818
3	100592217	103084959	1441	14	0.0000287799	0.000000378663
3	103084960	104581612	1161	14	0.0001489797	0.000000302593
3	104581613	106982810	1616	14	0.0000379753	0.000000379315
3	106982811	109522394	1711	14	0.0002802042	0.000000396497
3	109522395	110513769	699	14	-0.0000187592	0.000000159274
3	110513770	112815698	1494	14	0.0001356087	0.000000386241
3	112815699	113947862	673	14	-0.0000258758	0.000000242423
3	113947863	115447079	787	14	0.0004549747	0.000000386518
3	115447080	116800152	1047	14	0.0002164285	0.000000391973
3	116800153	118530250	1334	14	0.0000371065	0.000000379253
3	118530251	120523054	1166	14	-0.0000052444	0.000000376249
3	120523055	121974096	776	14	0.0002249690	0.000000201211
3	121974097	123517767	965	14	-0.0000046658	0.000000373589
3	123517768	124936641	1169	14	0.0001245724	0.000000385458
3	124936642	126214942	908	14	0.0000862891	0.000000313426
3	126214943	128194860	1248	14	-0.0000155771	0.000000375516
3	128194861	130244734	778	14	0.0000673164	0.000000295141
3	130244735	131836515	1128	14	0.0001429315	0.000000345053
3	131836516	133252172	1062	14	0.0004380746	0.000000365947
3	133252173	135456905	1622	14	0.0002480907	0.000000394219
3	135456906	137371082	860	14	0.0002669317	0.000000276874
3	137371083	139954596	1608	14	0.0001427458	0.000000386747
3	139954597	141339096	839	14	0.0001308727	0.000000379607
3	141339097	143164627	1094	14	0.0002342493	0.000000393238
3	143164628	144410815	813	14	0.0000611543	0.000000292185
3	144410816	145664618	1042	14	-0.0000293708	0.000000277433
3	145664619	146726628	864	14	0.0001212605	0.000000265786
3	146726629	149043236	1397	14	0.0000481046	0.000000380034
3	149043237	150252003	812	14	-0.0000173477	0.000000364619
3	150252004	151348729	653	14	0.0001829091	0.000000310056
3	151348730	153256570	1261	14	0.0000163872	0.000000377784
3	153256571	154714217	970	14	-0.0000953879	0.000000239140
3	154714218	156008699	686	14	-0.0000489422	0.000000257056
3	156008700	157312027	917	14	0.0003267472	0.000000314307
3	157312028	159477889	1419	14	0.0002951022	0.000000397554
3	159477890	161524503	1245	14	0.0000068093	0.000000334545
3	161524504	163253204	1582	14	-0.0000026779	0.000000301180
3	163253205	165055468	1175	14	0.0002707760	0.000000261711
3	165055469	167117428	1175	14	-0.0000386298	0.000000300338
3	167117429	168580959	758	14	-0.0000119735	0.000000246635
3	168580960	170964908	1390	14	0.0001568910	0.000000387750
3	170964909	172295730	904	14	0.0000869924	0.000000382792
3	172295731	173477284	755	14	0.0001369734	0.000000372880
3	173477285	175116538	1313	14	0.0002111316	0.000000391598
3	175116539	176320286	820	14	0.0002779422	0.000000279288
3	176320287	178107164	1106	14	0.0001299955	0.000000385842
3	178107165	179374585	785	14	-0.0000234019	0.000000284537
3	179374586	181511165	925	14	0.0003774151	0.000000373062
3	181511166	183769682	1208	14	0.0002592535	0.000000395011
3	183769683	185068254	736	14	0.0003885393	0.000000391607
3	185068255	186890343	1026	14	-0.0000176239	0.000000375371
3	186890344	188856213	1489	14	-0.0000421352	0.000000373632
3	188856214	190226606	1386	14	-0.0000246165	0.000000374875
3	190226607	192343813	1573	14	0.0000887267	0.000000382915
3	192343814	194059670	731	14	0.0000532037	0.000000380395
3	194059671	194786673	389	14	-0.0000043969	0.000000223950
3	194786674	195971407	330	14	-0.0000967069	0.000000176336
3	195971408	197075986	388	14	0.0002282194	0.000000216812
3	197075987	197946621	337	14	0.0001143494	0.000000157536
4	10240	694714	197	14	0.0000151881	0.000000084933
4	694715	1478710	415	14	0.0001861078	0.000000176618
4	1478711	2842978	467	14	0.0000207230	0.000000233668
4	2842979	3846039	503	14	0.0001015604	0.000000290013
4	3846040	4684115	460	14	0.0000415869	0.000000253653
4	4684116	5502387	691	14	0.0003541000	0.000000401739
4	5502388	6773042	1111	14	0.0000610988	0.000000380955
4	6773043	7539691	672	14	0.0002054872	0.000000391197
4	7539692	8152234	559	14	0.0001619988	0.000000361333
4	8152235	9326478	457	14	0.0002278763	0.000000258688
4	9326479	10699151	1157	14	0.0001006024	0.000000372982
4	10699152	12323033	1382	14	-0.0000348477	0.000000374149
4	12323034	14272000	1632	14	0.0000220476	0.000000378185
4	14272001	15147445	728	14	0.0003999491	0.000000335599
4	15147446	15927008	493	14	0.0003382507	0.000000232327
4	15927009	17383321	1238	14	0.0000521406	0.000000380320
4	17383322	18841873	933	14	0.0002574049	0.000000361921
4	18841874	20544556	1122	14	0.0003109123	0.000000342183
4	20544557	22319346	1420	14	0.0002315594	0.000000393047
4	22319347	24135528	1264	14	0.0001437762	0.000000386820
4	24135529	25609321	1075	14	0.0002938580	0.000000397466
4	25609322	27343721	1025	14	0.0000511745	0.000000380251
4	27343722	27965867	473	14	-0.0000497165	0.000000169806
4	27965868	29762207	1394	14	0.0001338317	0.000000386115
4	29762208	30454534	378	14	-0.0000033637	0.000000123980
4	30454535	31782980	920	14	0.0000205666	0.000000359286
4	31782981	33172765	814	14	0.0000458849	0.000000269492
4	33172766	35151414	944	14	0.0001998085	0.000000218696
4	35151415	36020435	781	14	0.0001851831	0.000000216890
4	36020436	37255046	1055	14	0.0003849346	0.000000326874
4	37255047	38907021	1384	14	0.0003814485	0.000000403679
4	38907022	40202608	684	14	0.0000791639	0.000000283429
4	40202609	42213057	1278	14	0.0001768070	0.000000389163
4	42213058	43965044	1166	14	0.0003275244	0.000000398952
4	43965045	45189156	899	14	0.0004762004	0.000000268141
4	45189157	47411895	1119	14	0.0001482205	0.000000341941
4	47411896	48123599	469	14	-0.0000247490	0.000000136129
4	48123600	53877432	901	14	0.0000174072	0.000000300903
4	53877433	55429555	1000	14	0.0001290063	0.000000385772
4	55429556	56547643	750	14	0.0005649118	0.000000339592
4	56547644	58935007	1599	14	0.0000404660	0.000000379492
4	58935008	60741086	1212	14	0.0003009008	0.000000396162
4	60741087	62371762	1062	14	0.0000143790	0.000000330728
4	62371763	64341000	1083	14	0.0000633049	0.000000373023
4	64341001	66600491	1268	14	0.0000575682	0.000000377104
4	66600492	68059496	897	14	0.0002658824	0.000000299109
4	68059497	68854764	518	14	0.0000290555	0.000000160403
4	68854765	71049151	1192	14	0.0001062690	0.000000314838
4	71049152	72140557	507	14	-0.0000021900	0.000000136986
4	72140558	74592389	1028	14	0.0000488161	0.000000331429
4	74592390	77130706	1492	14	0.0001295236	0.000000385809
4	77130707	79093978	1341	14	-0.0000624173	0.000000372194
4	79093979	80990296	1188	14	0.0001731700	0.000000364778
4	80990297	82125314	502	14	0.0001282334	0.000000172558
4	82125315	83372592	737	14	0.0000071766	0.000000270886
4	83372593	84799655	900	14	-0.0000030862	0.000000346992
4	84799656	86930608	1249	14	-0.0000214396	0.000000375100
4	86930609	87534647	282	14	0.0003281215	0.000000102710
4	87534648	89238027	1083	14	0.0001172531	0.000000384939
4	89238028	90231563	613	14	0.0006511077	0.000000291742
4	90231564	91560676	783	14	0.0002136366	0.000000274754
4	91560677	94233298	1210	14	-0.0000117853	0.000000375785
4	94233299	96182187	1286	14	0.0000008832	0.000000376684
4	96182188	97540702	1149	14	0.0001615437	0.000000388080
4	97540703	99424066	1018	14	0.0000331649	0.000000248198
4	99424067	100678359	792	14	0.0003602420	0.000000311628
4	100678360	103221355	1639	14	0.0000327389	0.000000378944
4	103221356	105305293	1080	14	-0.0000716228	0.000000318576
4	105305294	107501304	1172	14	0.0003087731	0.000000398524
4	107501305	108815347	756	14	0.0000770867	0.000000240834
4	108815348	111256566	1480	14	0.0003670316	0.000000402656
4	111256567	113870101	1437	14	0.0001115879	0.000000384537
4	113870102	115666245	1147	14	-0.0000156886	0.000000375508
4	115666246	117276928	890	14	0.0000463929	0.000000205581
4	117276929	118479917	1028	14	0.0001234252	0.000000281571
4	118479918	119933511	1091	14	-0.0000344071	0.000000282086
4	119933512	120392683	305	14	0.0000028388	0.000000080010
4	120392684	122657986	1574	14	0.0002097580	0.000000391500
4	122657987	124286480	871	14	0.0002602504	0.000000253734
4	124286481	125210861	510	14	0.0001568872	0.000000207934
4	125210862	126480885	847	14	0.0003554870	0.000000318023
4	126480886	127275476	566	14	0.0003326135	0.000000206484
4	127275477	127830292	420	14	0.0000530374	0.000000143752
4	127830293	128996664	447	14	-0.0000958736	0.000000121791
4	128996665	130591884	918	14	0.0000566688	0.000000350344
4	130591885	131283820	453	14	0.0000299007	0.000000153820
4	131283821	132954032	931	14	0.0000827299	0.000000313174
4	132954033	134628433	1135	14	0.0001652484	0.000000299537
4	134628434	136566406	1158	14	0.0003372360	0.000000343182
4	136566407	138541970	1265	14	-0.0000778345	0.000000371100
4	138541971	139556510	723	14	-0.0000552510	0.000000278942
4	139556511	141084630	826	14	-0.0000067423	0.000000376143
4	141084631	143443264	1487	14	0.0000094553	0.000000377292
4	143443265	146178186	1177	14	0.0000900356	0.000000352707
4	146178187	148521872	1197	14	0.0002198136	0.000000392214
4	148521873	150683579	1136	14	-0.0000913408	0.000000370142
4	150683580	152782183	920	14	0.0001432243	0.000000280485
4	152782184	154477640	847	14	0.0001981724	0.000000390678
4	154477641	155056125	396	14	0.0003227518	0.000000186202
4	155056126	157485096	1648	14	0.0001326864	0.000000386033
4	157485097	158743717	671	14	0.0003716071	0.000000268008
4	158743718	161058863	1103	14	-0.0000107341	0.000000354405
4	161058864	161826434	601	14	0.0002234179	0.000000240777
4	161826435	163243678	1049	14	0.0003042786	0.000000374067
4	163243679	164478233	750	14	0.0000840187	0.000000270536
4	164478234	165823447	956	14	-0.0001125073	0.000000368641
4	165823448	167018857	721	14	0.0003697804	0.000000363736
4	167018858	167852916	499	14	0.0000314423	0.000000149527
4	167852917	169676824	1212	14	0.0000150436	0.000000377688
4	169676825	170776509	536	14	0.0001770661	0.000000222554
4	170776510	172558634	1036	14	0.0000468290	0.000000343497
4	172558635	174264131	923	14	-0.0000390625	0.000000308837
4	174264132	176570715	1346	14	-0.0000226437	0.000000375015
4	176570716	178991909	1737	14	0.0000098348	0.000000377319
4	178991910	180122042	773	14	0.0003292318	0.000000339171
4	180122043	182066806	1671	14	-0.0000070212	0.000000376123
4	182066807	183371274	1307	14	-0.0000840246	0.000000370661
4	183371275	184929454	1020	14	0.0000918856	0.000000383139
4	184929455	186909089	1470	14	0.0000129045	0.000000377537
4	186909090	188472980	1102	14	0.0001228559	0.000000385336
4	188472981	189693510	803	14	0.0000283386	0.000000378631
4	189693511	191043593	652	14	-0.0000544246	0.000000318065
5	11940	982251	435	14	0.0001671369	0.000000198675
5	982252	2132441	847	14	0.0001896187	0.000000390072
5	2132442	3361940	1622	14	0.0000299156	0.000000378743
5	3361941	4632109	1109	14	0.0001105588	0.000000384464
5	4632110	5973232	1461	14	0.0003067744	0.000000398382
5	5973233	7143217	1149	14	-0.0000430717	0.000000373566
5	7143218	8446335	1231	14	0.0000528394	0.000000380369
5	8446336	9718831	1297	14	0.0000109611	0.000000377399
5	9718832	11173270	1384	14	0.0000081137	0.000000377197
5	11173271	13464831	1173	14	0.0000580581	0.000000380740
5	13464832	14757803	1111	14	0.0001682653	0.000000388557
5	14757804	16963612	1395	14	0.0003176298	0.000000399152
5	16963613	18051591	559	14	0.0001103894	0.000000268292
5	18051592	19917715	1317	14	0.0003795072	0.000000403541
5	19917716	22152072	1070	14	0.0000050927	0.000000323139
5	22152073	23494323	932	14	0.0001448832	0.000000308216
5	23494324	26184850	1816	14	0.0001077437	0.000000384264
5	26184851	26857603	421	14	-0.0000625684	0.000000129869
5	26857604	27984512	585	14	-0.0000229787	0.000000199929
5	27984513	29714819	1201	14	0.0000482562	0.000000343598
5	29714820	31390248	1398	14	0.0000815802	0.000000382408
5	31390249	33500179	1375	14	0.0001811500	0.000000389471
5	33500180	35048969	1016	14	0.0000898030	0.000000382991
5	35048970	36433953	1008	14	0.0001488850	0.000000352478
5	36433954	38802409	1521	14	0.0000450255	0.000000379815
5	38802410	40287728	1140	14	0.0004498638	0.000000372914
5	40287729	41888709	1256	14	0.0001891569	0.000000314737
5	41888710	43983498	917	14	0.0002692947	0.000000262413
5	43983499	50163397	974	14	0.0000763397	0.000000245596
5	50163398	52134621	1353	14	0.0002226003	0.000000391510
5	52134622	53703043	1310	14	0.0005219283	0.000000413644
5	53703044	55417348	1146	14	0.0000618294	0.000000381007
5	55417349	56621101	987	14	0.0002762849	0.000000396219
5	56621102	57340072	589	14	0.0002189734	0.000000201553
5	57340073	58524621	1160	14	-0.0000802583	0.000000370928
5	58524622	60935906	1440	14	-0.0000442544	0.000000373482
5	60935907	61672994	531	14	-0.0000107164	0.000000168039
5	61672995	63218986	1051	14	-0.0000487080	0.000000295384
5	63218987	63968303	357	14	0.0000047854	0.000000113223
5	63968304	65911285	1237	14	0.0002521966	0.000000394511
5	65911286	67850859	1497	14	0.0004932620	0.000000411611
5	67850860	71240455	872	14	0.0000091913	0.000000333842
5	71240456	73759325	1821	14	0.0003248331	0.000000399663
5	73759326	75798865	1301	14	0.0003166290	0.000000399081
5	75798866	77623331	1319	14	-0.0001158337	0.000000368405
5	77623332	79393143	1167	14	0.0003968940	0.000000404775
5	79393144	80481470	860	14	-0.0000001524	0.000000373909
5	80481471	82025647	895	14	0.0001791460	0.000000388427
5	82025648	83972688	1043	14	0.0000189295	0.000000377063
5	83972689	85767289	1399	14	-0.0001064294	0.000000368171
5	85767290	87389990	641	14	0.0001276897	0.000000235626
5	87389991	88891529	588	14	0.0000754762	0.000000198364
5	88891530	90422653	863	14	0.0000686441	0.000000309621
5	90422654	91840541	650	14	-0.0000906789	0.000000208420
5	91840542	93809983	790	14	0.0000995452	0.000000296576
5	93809984	95963518	1316	14	0.0000239823	0.000000378322
5	95963519	97315600	935	14	0.0002532616	0.000000283297
5	97315601	99260991	1145	14	0.0002962665	0.000000384172
5	99260992	101578768	1317	14	-0.0000391712	0.000000373843
5	101578769	103320004	1070	14	0.0001611392	0.000000374593
5	103320005	104851482	1041	14	0.0002289465	0.000000332078
5	104851483	105893054	402	14	0.0001634272	0.000000187781
5	105893055	107264195	1166	14	0.0001275111	0.000000385666
5	107264196	108633933	901	14	0.0000270082	0.000000321238
5	108633934	110821143	1490	14	0.0000662368	0.000000381320
5	110821144	111981561	868	14	0.0001863175	0.000000379954
5	111981562	113396284	1177	14	0.0001189341	0.000000385058
5	113396285	114830369	1103	14	-0.0000467008	0.000000373309
5	114830370	115831046	894	14	-0.0000260405	0.000000344486
5	115831047	117346212	1338	14	0.0004281997	0.000000406995
5	117346213	118608819	810	14	0.0001668923	0.000000375001
5	118608820	119669041	713	14	-0.0000700473	0.000000281243
5	119669042	120452165	570	14	0.0000278863	0.000000205055
5	120452166	122556904	1419	14	0.0000071073	0.000000377125
5	122556905	123798099	999	14	0.0003479936	0.000000401306
5	123798100	125785648	1853	14	0.0002745791	0.000000396098
5	125785649	127344603	825	14	-0.0000192391	0.000000330088
5	127344604	129519024	1548	14	0.0001590476	0.000000387903
5	129519025	132139648	1134	14	0.0002489092	0.000000323215
5	132139649	134777400	1537	14	-0.0000111592	0.000000375830
5	134777401	136376049	1216	14	0.0002739030	0.000000396050
5	136376050	139265071	1228	14	0.0000978444	0.000000383562
5	139265072	140645970	591	14	0.0002477665	0.000000204338
5	140645971	142981247	1544	14	0.0001007045	0.000000383765
5	142981248	144943353	1435	14	0.0001485240	0.000000387157
5	144943354	147181997	1512	14	0.0001069281	0.000000384206
5	147181998	148662623	1176	14	0.0000360402	0.000000379178
5	148662624	150561297	1457	14	-0.0000933446	0.000000370000
5	150561298	152867773	1820	14	-0.0001142089	0.000000367619
5	152867774	153773087	950	14	0.0002936442	0.000000281215
5	153773088	155373504	1189	14	0.0001873129	0.000000389908
5	155373505	156628699	782	14	0.0001061987	0.000000282014
5	156628700	158825697	1767	14	0.0002104361	0.000000391548
5	158825698	159973943	724	14	0.0003560260	0.000000379506
5	159973944	161482132	1100	14	-0.0000023424	0.000000347926
5	161482133	162743907	877	14	0.0001328737	0.000000317573
5	162743908	163771581	851	14	0.0000202090	0.000000330272
5	163771582	165642394	1209	14	-0.0000706964	0.000000371606
5	165642395	166847739	881	14	0.0000641262	0.000000381170
5	166847740	168525317	1308	14	0.0000854269	0.000000382681
5	168525318	169505663	878	14	-0.0000540146	0.000000372790
5	169505664	171074291	1223	14	0.0002606964	0.000000395114
5	171074292	172678326	1140	14	0.0000970758	0.000000383507
5	172678327	173642870	946	14	0.0000715213	0.000000381695
5	173642871	175450594	1520	14	-0.0000820712	0.000000370800
5	175450595	177251506	529	14	0.0001849650	0.000000258895
5	177251507	178413463	793	14	0.0002909564	0.000000397260
5	178413464	179401243	623	14	0.0002170991	0.000000362589
5	179401244	180559932	593	14	0.0000534530	0.000000305147
5	180559933	180885155	83	12	-0.0000000362	0.000000045502
6	73924	1452361	1307	14	-0.0000444871	0.000000373466
6	1452362	2458935	823	14	0.0001305371	0.000000385881
6	2458936	3573592	1034	14	0.0001364336	0.000000386299
6	3573593	4617816	1101	14	0.0001033944	0.000000383955
6	4617817	5791471	1122	14	-0.0000513728	0.000000372977
6	5791472	6785206	1076	14	0.0003047893	0.000000398241
6	6785207	7808935	935	14	0.0002213652	0.000000392324
6	7808936	9020025	1214	14	0.0000208283	0.000000378099
6	9020026	10540316	1322	14	0.0001810835	0.000000389466
6	10540317	11790815	1028	14	-0.0000562276	0.000000372633
6	11790816	13209387	1221	14	0.0000393881	0.000000379415
6	13209388	14802923	1312	14	0.0000623727	0.000000381046
6	14802924	17386404	1911	14	-0.0000704737	0.000000371622
6	17386405	19207486	1442	14	0.0001514441	0.000000387364
6	19207487	21684064	2135	14	0.0002210743	0.000000392303
6	21684065	22748306	1083	14	0.0002172117	0.000000392029
6	22748307	23936618	1161	14	0.0001058437	0.000000384129
6	23936619	24852274	746	14	0.0002673924	0.000000393785
6	24852275	25684586	927	14	-0.0000115390	0.000000342874
6	25684587	26791232	878	14	0.0000325814	0.000000229725
6	26791233	28017818	547	14	-0.0000898196	0.000000143960
6	28017819	28917607	578	14	-0.0001046708	0.000000108385
6	28917608	29737970	884	14	-0.0000040101	0.000000198942
6	29737971	30798167	1779	14	-0.0001127376	0.000000319129
6	30798168	31571217	1599	14	0.0001137615	0.000000353507
6	31571218	32682663	1161	14	0.0001408598	0.000000344907
6	32682664	33236496	1180	14	0.0001058407	0.000000330267
6	33236497	35455755	1316	14	0.0009290117	0.000000442520
6	35455756	37572595	1423	14	0.0000530990	0.000000380388
6	37572596	39295676	1528	14	-0.0000953602	0.000000369857
6	39295677	40345114	816	14	0.0001076633	0.000000310677
6	40345115	42038720	1332	14	-0.0000138398	0.000000375640
6	42038721	43756168	730	14	0.0001901057	0.000000365093
6	43756169	45406562	1175	14	-0.0000060301	0.000000376193
6	45406563	47311897	1509	14	0.0001081109	0.000000384290
6	47311898	48391124	899	14	0.0002486304	0.000000243345
6	48391125	50386144	1449	14	0.0002277390	0.000000311532
6	50386145	52210475	1375	14	0.0001984512	0.000000390698
6	52210476	53279101	821	14	0.0001758717	0.000000332631
6	53279102	55468269	2040	14	0.0003549193	0.000000401797
6	55468270	56105312	646	14	0.0000846888	0.000000131569
6	56105313	57599464	785	14	-0.0000606116	0.000000263627
6	57599465	61880511	379	14	0.0003982339	0.000000107603
6	61880512	63552887	1065	14	0.0001807624	0.000000207300
6	63552888	65765741	1233	14	0.0001928980	0.000000332111
6	65765742	67329214	1618	14	0.0000412336	0.000000379546
6	67329215	68849482	1358	14	0.0001445721	0.000000361867
6	68849483	69523447	585	14	0.0000901469	0.000000160252
6	69523448	71609509	1717	14	0.0000444536	0.000000379775
6	71609510	73450096	1511	14	0.0001363266	0.000000386291
6	73450097	75462002	1246	14	-0.0001064116	0.000000369073
6	75462003	77414880	1038	14	-0.0000983860	0.000000291027
6	77414881	78957727	1360	14	0.0001898607	0.000000282949
6	78957728	80691169	1330	14	0.0002444884	0.000000393964
6	80691170	81929221	1066	14	-0.0000136978	0.000000183687
6	81929222	83127148	849	14	0.0000378361	0.000000275531
6	83127149	85209988	1196	14	-0.0000217890	0.000000373274
6	85209989	87069499	1398	14	0.0000435689	0.000000337147
6	87069500	88822139	1208	14	0.0000597646	0.000000371876
6	88822140	89973051	890	14	0.0002004635	0.000000367597
6	89973052	91843195	1490	14	0.0002127284	0.000000391711
6	91843196	93428643	1279	14	0.0001058520	0.000000384130
6	93428644	94118141	703	14	0.0000906528	0.000000224321
6	94118142	94441174	208	11	0.0001227284	0.000000055341
6	94441175	97093510	1938	14	0.0000686857	0.000000381493
6	97093511	97842283	556	14	0.0001036938	0.000000150209
6	97842284	100630145	1838	14	0.0000729334	0.000000381795
6	100630146	102636771	1313	14	0.0000389734	0.000000379386
6	102636772	103983394	929	14	0.0002309258	0.000000249268
6	103983395	106056732	1392	14	0.0001306219	0.000000385887
6	106056733	107450305	1205	14	0.0001422973	0.000000386715
6	107450306	108464379	618	14	0.0002431061	0.000000267857
6	108464380	110304246	1072	14	0.0000191224	0.000000354748
6	110304247	112345013	1201	14	0.0001343034	0.000000386148
6	112345014	114220832	1397	14	-0.0000066461	0.000000376150
6	114220833	116131395	1152	14	0.0000205643	0.000000319061
6	116131396	117672971	1046	14	0.0003117323	0.000000331927
6	117672972	118963114	849	14	0.0004592686	0.000000270158
6	118963115	119963277	755	14	-0.0000130497	0.000000210747
6	119963278	120512127	503	14	0.0000595914	0.000000119874
6	120512128	121905675	1071	14	0.0002146742	0.000000252930
6	121905676	123856180	1452	14	0.0001729594	0.000000388890
6	123856181	125424382	1270	14	0.0000514829	0.000000380273
6	125424383	127540460	1027	14	0.0001754940	0.000000368489
6	127540461	129861030	1518	14	-0.0000126501	0.000000375724
6	129861031	130935453	1042	14	0.0001822287	0.000000389548
6	130935454	132765668	1374	14	0.0000127408	0.000000377525
6	132765669	134244242	1256	14	0.0002529966	0.000000394567
6	134244243	136224176	1236	14	0.0003254007	0.000000399703
6	136224177	137614217	651	14	-0.0001066417	0.000000271978
6	137614218	138822628	937	14	0.0000689759	0.000000381514
6	138822629	139845435	699	14	0.0000380794	0.000000333275
6	139845436	142288478	1372	14	0.0001199509	0.000000385130
6	142288479	145319809	2151	14	0.0001231480	0.000000385357
6	145319810	146665423	903	14	-0.0000699354	0.000000164633
6	146665424	148920351	1853	14	0.0001155977	0.000000384821
6	148920352	150253403	1064	14	0.0002892809	0.000000397141
6	150253404	151912702	1654	14	-0.0000083296	0.000000376030
6	151912703	153094495	1044	14	0.0001251455	0.000000385498
6	153094496	154974119	1786	14	0.0000772867	0.000000382104
6	154974120	156763325	1386	14	0.0000895425	0.000000382973
6	156763326	158218718	636	14	0.0007149358	0.000000368173
6	158218719	160580496	2071	14	0.0000455160	0.000000379850
6	160580497	162169563	1400	14	-0.0000826718	0.000000370757
6	162169564	162931202	714	14	-0.0000390475	0.000000333044
6	162931203	164383520	1408	14	-0.0000178005	0.000000375359
6	164383521	165586863	1296	14	-0.0000181548	0.000000375333
6	165586864	167024732	1561	14	-0.0000102249	0.000000375896
6	167024733	168042834	878	14	0.0002423446	0.000000385718
6	168042835	169382049	1243	14	0.0001725517	0.000000388861
6	169382050	170330172	834	14	0.0000097214	0.000000271066
6	170330173	171051269	490	14	0.0000574283	0.000000204033
7	16161	972751	162	14	0.0003174106	0.000000110800
7	972752	1353066	146	14	0.0001978199	0.000000095647
7	1353067	2062397	251	14	0.0001326708	0.000000153698
7	2062398	2772226	360	14	-0.0000363298	0.000000211459
7	2772227	4573427	1742	14	0.0002012864	0.000000390899
7	4573428	5416231	323	14	0.0000467100	0.000000213386
7	5416232	5854525	158	14	0.0002171810	0.000000100392
7	5854526	6573856	238	14	0.0001279410	0.000000141768
7	6573857	7808751	873	14	0.0001191902	0.000000385076
7	7808752	9123422	1558	14	0.0000870184	0.000000382794
7	9123423	9987498	856	14	0.0001697284	0.000000388661
7	9987499	11299197	1172	14	0.0001475148	0.000000387085
7	11299198	12635460	1633	14	0.0001927983	0.000000390297
7	12635461	13884201	1354	14	0.0003605512	0.000000402197
7	13884202	15143656	1261	14	0.0000386366	0.000000379362
7	15143657	16902068	1598	14	0.0001524403	0.000000387435
7	16902069	19481546	2038	14	0.0000789968	0.000000382225
7	19481547	20124907	580	14	-0.0000574234	0.000000228963
7	20124908	22507628	2350	14	0.0000575796	0.000000380706
7	22507629	23471441	577	14	-0.0000093687	0.000000278012
7	23471442	25077258	1327	14	0.0001171616	0.000000384932
7	25077259	25909554	927	14	0.0005857800	0.000000418173
7	25909555	28360308	1946	14	0.0001950110	0.000000390454
7	28360309	31137288	2122	14	0.0001761056	0.000000389113
7	31137289	33555767	2081	14	0.0000721783	0.000000381741
7	33555768	36213537	2056	14	-0.0000365018	0.000000374032
7	36213538	37555183	1162	14	0.0000769956	0.000000382083
7	37555184	38966702	1307	14	-0.0000082256	0.000000376038
7	38966703	39862669	624	14	0.0003336703	0.000000243787
7	39862670	42001810	1311	14	0.0001892050	0.000000390042
7	42001811	43159073	874	14	0.0000075996	0.000000337219
7	43159074	44763827	958	14	0.0002398223	0.000000371273
7	44763828	45952921	698	14	-0.0000116519	0.000000300546
7	45952922	46986719	1030	14	0.0000805846	0.000000322445
7	46986720	49212277	1832	14	0.0001425532	0.000000386733
7	49212278	51675321	1936	14	0.0004088889	0.000000405626
7	51675322	53176311	1589	14	0.0001239421	0.000000385413
7	53176312	54222975	908	14	0.0001793475	0.000000278084
7	54222976	55691583	1142	14	0.0002218996	0.000000392362
7	55691584	57382637	610	14	0.0000828375	0.000000204273
7	57382638	63307358	427	14	0.0002367013	0.000000172742
7	63307359	63641124	152	10	0.0000483825	0.000000046299
7	63641125	65689808	746	14	0.0003087475	0.000000227912
7	65689809	68234073	1568	14	0.0001503202	0.000000387284
7	68234074	69085363	517	14	0.0001690844	0.000000218092
7	69085364	71874884	1592	14	-0.0000471040	0.000000373280
7	71874885	73334601	239	14	0.0000643993	0.000000106907
7	73334602	76458563	584	14	0.0003541475	0.000000330654
7	76458564	78093858	1178	14	0.0003837743	0.000000403844
7	78093859	79888068	1454	14	0.0001944505	0.000000390414
7	79888069	82022685	1546	14	0.0002089704	0.000000391444
7	82022686	83801202	1447	14	-0.0000443050	0.000000373478
7	83801203	85572181	1061	14	0.0000086131	0.000000269336
7	85572182	87825003	1213	14	0.0000672972	0.000000345823
7	87825004	90661783	2576	14	0.0000414282	0.000000379560
7	90661784	92493751	734	14	0.0001928029	0.000000289787
7	92493752	93966600	782	14	0.0000676027	0.000000335365
7	93966601	96073507	1327	14	0.0002130266	0.000000391732
7	96073508	97099569	619	14	0.0001222846	0.000000245620
7	97099570	98715473	818	14	0.0000245626	0.000000333188
7	98715474	100196650	384	14	0.0004831440	0.000000163757
7	100196651	101199252	406	14	0.0002482471	0.000000223658
7	101199253	103197509	710	14	-0.0000045831	0.000000314704
7	103197510	104159524	958	14	0.0000335127	0.000000370015
7	104159525	105682904	850	14	-0.0000599938	0.000000372366
7	105682905	107780177	1419	14	0.0001398290	0.000000386540
7	107780178	109647593	1255	14	0.0002190076	0.000000391255
7	109647594	112618683	1634	14	0.0001068199	0.000000384198
7	112618684	113712386	549	14	-0.0000203662	0.000000173372
7	113712387	116780177	1537	14	0.0001921544	0.000000390252
7	116780178	118351580	902	14	0.0000277594	0.000000219109
7	118351581	121045272	1115	14	0.0003793747	0.000000316340
7	121045273	121933629	451	14	0.0003394714	0.000000176993
7	121933630	124156804	1616	14	0.0001586118	0.000000387872
7	124156805	124167551	9	2	0.0000981454	0.000000010438
7	124167552	126519169	1828	14	0.0004322210	0.000000407281
7	126519170	126869220	378	14	0.0001942539	0.000000109062
7	126869221	128778385	1088	14	0.0001606404	0.000000383515
7	128778386	130422413	745	14	-0.0001177540	0.000000318774
7	130422414	132805847	1714	14	0.0000596797	0.000000380855
7	132805848	134307595	1034	14	0.0002299221	0.000000323579
7	134307596	135591082	977	14	0.0001118410	0.000000381852
7	135591083	136876561	953	14	0.0002193747	0.000000341763
7	136876562	138744678	1121	14	-0.0000242909	0.000000374898
7	138744679	139933176	508	14	0.0000172354	0.000000225472
7	139933177	140235209	173	14	0.0001976760	0.000000099030
7	140235210	141226556	525	14	0.0000590692	0.000000195676
7	141226557	142656309	919	14	0.0000555551	0.000000282595
7	142656310	144968288	1150	14	0.0000087449	0.000000377242
7	144968289	146427959	1054	14	-0.0000297955	0.000000306073
7	146427960	147815317	1434	14	0.0003073306	0.000000398422
7	147815318	149840657	1087	14	0.0000881336	0.000000382873
7	149840658	150711504	557	14	0.0000631722	0.000000214544
7	150711505	152249805	737	14	0.0000192964	0.000000377990
7	152249806	153674018	979	14	0.0001112752	0.000000384514
7	153674019	154964729	983	14	0.0001819230	0.000000389526
7	154964730	156065249	901	14	0.0003443242	0.000000401046
7	156065250	157634596	943	14	0.0000227480	0.000000377334
7	157634597	159128574	844	14	0.0003880214	0.000000404145
8	10422	1044216	704	14	0.0001170223	0.000000384922
8	1044217	1163244	128	14	0.0000893899	0.000000073326
8	1163245	2042941	740	14	0.0000633384	0.000000381114
8	2042942	2573278	608	14	0.0002135841	0.000000377418
8	2573279	3392925	1115	14	0.0003794088	0.000000403534
8	3392926	3783016	871	14	0.0000479267	0.000000380021
8	3783017	4480475	1292	14	-0.0000096710	0.000000375935
8	4480476	5146926	970	14	0.0002471215	0.000000394151
8	5146927	6142796	1752	14	-0.0000935911	0.000000369982
8	6142797	7153078	939	14	-0.0000860124	0.000000370520
8	7153079	9154693	1144	14	0.0001260880	0.000000385565
8	9154694	9640786	464	14	0.0003884725	0.000000253983
8	9640787	10463196	930	14	0.0001627450	0.000000388165
8	10463197	11278997	740	14	0.0001661659	0.000000388408
8	11278998	13491774	1499	14	0.0001486634	0.000000387167
8	13491775	13944991	693	14	0.0000979199	0.000000288921
8	13944992	15991659	2248	14	0.0000670055	0.000000381374
8	15991660	17387875	1166	14	0.0000060574	0.000000377051
8	17387876	17836398	535	14	-0.0000108557	0.000000265490
8	17836399	19492839	1770	14	0.0004038480	0.000000405268
8	19492840	20060855	607	14	0.0001232022	0.000000314330
8	20060856	21661736	1554	14	0.0001122645	0.000000384585
8	21661737	22897056	721	14	0.0003863558	0.000000404027
8	22897057	24674717	1284	14	0.0000928749	0.000000383209
8	24674718	25483453	536	14	0.0000673593	0.000000195492
8	25483454	26682524	1156	14	0.0003246334	0.000000399649
8	26682525	28162391	1519	14	0.0000039249	0.000000376900
8	28162392	29327895	672	14	0.0001548508	0.000000282133
8	29327896	31133728	1078	14	0.0001217489	0.000000385257
8	31133729	31548359	274	14	0.0001881813	0.000000115557
8	31548360	32977217	1045	14	0.0000701959	0.000000342525
8	32977218	35317231	1451	14	0.0002067309	0.000000340002
8	35317232	37379388	811	14	0.0001587390	0.000000296561
8	37379389	38938805	553	14	0.0003036243	0.000000264025
8	38938806	40703336	1181	14	0.0000605037	0.000000380913
8	40703337	41721453	744	14	0.0003280806	0.000000366047
8	41721454	42773822	308	14	0.0001040184	0.000000132208
8	42773823	46841314	106	10	0.0000568130	0.000000043682
8	46841315	50082469	837	14	0.0000247374	0.000000290453
8	50082470	53302929	2262	14	0.0000063437	0.000000377071
8	53302930	54418043	816	14	0.0000997541	0.000000250468
8	54418044	55945580	1032	14	0.0002467859	0.000000351532
8	55945581	56956382	734	14	-0.0001130023	0.000000242757
8	56956383	59068650	1622	14	0.0001277548	0.000000385683
8	59068651	59728099	621	14	-0.0000243166	0.000000201385
8	59728100	62329098	1782	14	-0.0000068455	0.000000376136
8	62329099	63349305	758	14	-0.0000659950	0.000000199231
8	63349306	65232871	1289	14	0.0000761499	0.000000367676
8	65232872	66489089	742	14	0.0001870873	0.000000275341
8	66489090	69863056	1774	14	0.0001711740	0.000000388763
8	69863057	70867978	902	14	-0.0000314945	0.000000365405
8	70867979	72289453	990	14	-0.0000243107	0.000000316747
8	72289454	73817198	1507	14	0.0001798769	0.000000389381
8	73817199	75445063	1171	14	0.0002407262	0.000000393697
8	75445064	76456541	701	14	0.0003363431	0.000000223638
8	76456542	79132860	1847	14	-0.0000254975	0.000000374813
8	79132861	81956394	1569	14	-0.0000181816	0.000000375332
8	81956395	82693738	517	14	0.0001371558	0.000000176917
8	82693739	84225588	1182	14	0.0002128011	0.000000289537
8	84225589	85955618	969	14	0.0002031513	0.000000266667
8	85955619	87411708	518	14	0.0001099657	0.000000160905
8	87411709	89085480	1110	14	-0.0000511029	0.000000346237
8	89085481	90638161	961	14	0.0000480644	0.000000291261
8	90638162	93554385	1534	14	0.0000297541	0.000000378732
8	93554386	95005526	786	14	0.0001051393	0.000000319889
8	95005527	96534805	1159	14	0.0002301999	0.000000392950
8	96534806	99401580	2089	14	0.0001553591	0.000000387642
8	99401581	101620957	821	14	-0.0000704429	0.000000251453
8	101620958	104123305	1917	14	0.0003141603	0.000000398906
8	104123306	104988751	706	14	0.0002146644	0.000000169719
8	104988752	107410753	1836	14	0.0002399546	0.000000393642
8	107410754	108648176	1107	14	0.0000174321	0.000000314545
8	108648177	109248172	510	14	-0.0000451497	0.000000114667
8	109248173	110484313	959	14	0.0001825327	0.000000216704
8	110484314	111850846	740	14	0.0001148804	0.000000191955
8	111850847	113064319	749	14	0.0000836354	0.000000145170
8	113064320	116096494	2155	14	-0.0000564818	0.000000372615
8	116096495	119685456	2568	14	0.0002933684	0.000000397431
8	119685457	121201699	1233	14	0.0000399897	0.000000375857
8	121201700	124861458	2708	14	0.0000003614	0.000000376647
8	124861459	125683718	591	14	-0.0000547129	0.000000234758
8	125683719	126410916	473	14	0.0000248268	0.000000204840
8	126410917	128659110	1845	14	0.0000484396	0.000000380057
8	128659111	130381138	1475	14	0.0002284872	0.000000392829
8	130381139	131639624	946	14	0.0002851074	0.000000393241
8	131639625	133351143	1623	14	0.0000281411	0.000000378617
8	133351144	134570000	1393	14	-0.0000971590	0.000000369729
8	134570001	136035604	1582	14	-0.0000162103	0.000000375471
8	136035605	137524150	1277	14	0.0002007944	0.000000390864
8	137524151	139254829	1769	14	0.0001242839	0.000000385437
8	139254830	140725642	1439	14	0.0001663975	0.000000388425
8	140725643	143044913	1526	14	0.0002742820	0.000000396077
8	143044914	144236880	722	14	0.0000238647	0.000000314999
8	144236881	146303866	598	14	0.0001296372	0.000000319909
9	10023	1079706	1035	14	0.0000208580	0.000000378101
9	1079707	1916876	1215	14	0.0000387306	0.000000379369
9	1916877	3190063	1456	14	0.0000743129	0.000000381893
9	3190064	4495327	1379	14	-0.0000494817	0.000000373111
9	4495328	4884925	436	14	0.0001086965	0.000000248680
9	4884926	6557588	1062	14	-0.0000254586	0.000000374815
9	6557589	7154922	589	14	0.0002340820	0.000000322167
9	7154923	8456298	1834	14	0.0000313234	0.000000378843
9	8456299	9166402	780	14	0.0001038111	0.000000383985
9	9166403	10879252	2059	14	0.0000495173	0.000000380134
9	10879253	12276488	1432	14	0.0001351651	0.000000386209
9	12276489	14836362	2569	14	0.0000592693	0.000000380825
9	14836363	16659654	1646	14	0.0004621310	0.000000409402
9	16659655	18661050	2048	14	0.0004298669	0.000000407114
9	18661051	20463533	1607	14	-0.0000103414	0.000000375888
9	20463534	22206558	1449	14	0.0001651885	0.000000388339
9	22206559	24158517	1366	14	0.0002071567	0.000000390414
9	24158518	25330809	713	14	0.0001903366	0.000000378449
9	25330810	26111756	598	14	0.0002490206	0.000000378147
9	26111757	28224282	1953	14	0.0001129249	0.000000384632
9	28224283	28811583	573	14	0.0000236175	0.000000220392
9	28811584	30387391	1521	14	0.0000265918	0.000000378508
9	30387392	31310382	823	14	0.0000935028	0.000000219024
9	31310383	32019367	644	14	0.0000771584	0.000000155663
9	32019368	33578333	1290	14	0.0000828407	0.000000382497
9	33578334	34642242	575	14	0.0000716174	0.000000153807
9	34642243	36743282	1033	14	-0.0000777542	0.000000371106
9	36743283	38641598	1389	14	0.0001157271	0.000000384830
9	38641599	65472189	195	14	0.0000953993	0.000000106299
9	65472190	72512710	1104	14	-0.0000096202	0.000000375038
9	72512711	72753754	215	14	-0.0000273861	0.000000052678
9	72753755	74253039	1222	14	0.0002862022	0.000000396021
9	74253040	76203945	1231	14	-0.0001491675	0.000000366040
9	76203946	76973080	521	14	0.0001213690	0.000000143471
9	76973081	78900182	1694	14	0.0001086809	0.000000384330
9	78900183	79471207	498	14	0.0000857566	0.000000262466
9	79471208	81079054	1144	14	0.0001488285	0.000000387178
9	81079055	82590927	1283	14	-0.0000328164	0.000000374293
9	82590928	84211232	1655	14	-0.0000724124	0.000000371485
9	84211233	85440800	656	14	-0.0000675881	0.000000294050
9	85440801	86938195	1297	14	0.0001015527	0.000000383825
9	86938196	88109332	972	14	0.0005367428	0.000000398540
9	88109333	88590416	204	14	0.0000409643	0.000000075280
9	88590417	90136245	1197	14	0.0000618482	0.000000381008
9	90136246	92528697	1689	14	-0.0000194044	0.000000375245
9	92528698	94167202	1236	14	0.0000546857	0.000000380500
9	94167203	96671697	1612	14	0.0001168606	0.000000384911
9	96671698	98922039	1251	14	0.0001814561	0.000000389493
9	98922040	101592858	1585	14	0.0003492011	0.000000401392
9	101592859	104624436	2154	14	-0.0000658201	0.000000371952
9	104624437	105967975	1516	14	0.0002536110	0.000000394611
9	105967976	107581748	1667	14	0.0002944588	0.000000397509
9	107581749	109298753	1254	14	0.0000919899	0.000000383146
9	109298754	110695061	1085	14	0.0001298341	0.000000385831
9	110695062	112778023	2308	14	0.0000545458	0.000000380490
9	112778024	114831081	1807	14	0.0005669083	0.000000416835
9	114831082	115693144	692	14	-0.0000594606	0.000000207482
9	115693145	117019800	1204	14	0.0000843451	0.000000382604
9	117019801	117921959	900	14	0.0000916332	0.000000382220
9	117921960	121321536	3064	14	-0.0000317858	0.000000374367
9	121321537	122260296	805	14	0.0000832544	0.000000291231
9	122260297	124871321	1606	14	0.0000432584	0.000000379690
9	124871322	126971886	1231	14	0.0002536146	0.000000394611
9	126971887	129059664	966	14	-0.0001036318	0.000000369270
9	129059665	130055509	622	14	0.0000664687	0.000000267655
9	130055510	132165469	951	14	0.0001211366	0.000000385214
9	132165470	133223216	614	14	0.0001733561	0.000000326429
9	133223217	134127887	559	14	0.0001473887	0.000000316039
9	134127888	135298841	748	14	0.0000754030	0.000000353433
9	135298842	137041121	1188	14	0.0003749701	0.000000403220
9	137041122	137589363	388	14	0.0000422218	0.000000231199
9	137589364	138938977	1149	14	0.0001087344	0.000000384334
9	138938978	139500341	227	14	0.0001103535	0.000000133365
9	139500342	141144795	412	14	0.0001517052	0.000000234145
10	60523	751338	236	14	0.0000519792	0.000000127853
10	751339	1523543	637	14	0.0002045797	0.000000328637
10	1523544	2254499	946	14	-0.0000466688	0.000000373311
10	2254500	3352698	1302	14	-0.0000820918	0.000000370798
10	3352699	4572273	1260	14	0.0000520938	0.000000380316
10	4572274	5983761	1414	14	0.0001076404	0.000000384257
10	5983762	7171483	1254	14	0.0001180688	0.000000384996
10	7171484	8774664	1625	14	0.0001334405	0.000000386087
10	8774665	10249395	1240	14	0.0000625911	0.000000381061
10	10249396	12586796	1998	14	0.0001820794	0.000000389537
10	12586797	13321599	769	14	0.0001108893	0.000000384487
10	13321600	15026067	1665	14	0.0000040404	0.000000376908
10	15026068	16551766	1124	14	0.0000174348	0.000000377858
10	16551767	18537266	1539	14	-0.0000313437	0.000000374398
10	18537267	19716877	1286	14	-0.0000492994	0.000000373124
10	19716878	22772282	2058	14	-0.0000070725	0.000000376120
10	22772283	23175131	278	14	0.0000089921	0.000000111410
10	23175132	25578595	1569	14	0.0000368509	0.000000379235
10	25578596	26888683	1292	14	-0.0000439700	0.000000366312
10	26888684	29323235	1955	14	0.0001713598	0.000000388777
10	29323236	29783691	532	14	0.0001065180	0.000000228592
10	29783692	30458837	720	14	0.0001068778	0.000000345122
10	30458838	31907518	1045	14	0.0000286037	0.000000377749
10	31907519	33707967	1335	14	0.0002942131	0.000000397491
10	33707968	35109354	1050	14	0.0000299693	0.000000378747
10	35109355	36572507	922	14	0.0000151543	0.000000324716
10	36572508	37790028	757	14	0.0001515260	0.000000271193
10	37790029	42372578	585	14	-0.0000417026	0.000000082999
10	42372579	43894770	688	14	0.0000671656	0.000000253833
10	43894771	44730074	697	14	0.0001219037	0.000000232839
10	44730075	48760449	1470	14	-0.0000201674	0.000000375191
10	48760450	50840914	1312	14	0.0001056679	0.000000384117
10	50840915	53616628	1491	14	0.0005836580	0.000000418023
10	53616629	55103571	1508	14	0.0001855519	0.000000389783
10	55103572	57031139	1987	14	0.0001080658	0.000000384287
10	57031140	57662145	516	14	0.0001226858	0.000000109592
10	57662146	58959527	1254	14	0.0001399661	0.000000219163
10	58959528	60289986	1132	14	0.0001516289	0.000000270381
10	60289987	61891408	1159	14	0.0000086979	0.000000377238
10	61891409	62659678	666	14	0.0000736917	0.000000221554
10	62659679	63341694	330	14	0.0000116040	0.000000114403
10	63341695	65794113	1798	14	0.0002724216	0.000000395945
10	65794114	67549614	1261	14	0.0001914665	0.000000357251
10	67549615	69900147	2033	14	0.0004191164	0.000000406351
10	69900148	70195990	203	14	0.0000195729	0.000000067132
10	70195991	72220849	1551	14	0.0001712827	0.000000388771
10	72220850	73508511	1376	14	0.0001198344	0.000000385122
10	73508512	75422549	723	14	0.0002932494	0.000000235428
10	75422550	78706813	1625	14	0.0001146747	0.000000384756
10	78706814	80876748	1923	14	0.0000487989	0.000000380083
10	80876749	82414678	1005	14	0.0003348142	0.000000400371
10	82414679	84383744	1593	14	0.0001283893	0.000000385728
10	84383745	85458702	1154	14	-0.0000029005	0.000000281803
10	85458703	87937576	2218	14	0.0002213965	0.000000392326
10	87937577	89127063	492	14	0.0001131703	0.000000207951
10	89127064	91013380	1422	14	0.0005247094	0.000000413841
10	91013381	92006580	850	14	-0.0000993914	0.000000295194
10	92006581	93335046	1009	14	0.0000313589	0.000000338028
10	93335047	95396367	1193	14	0.0000129601	0.000000377541
10	95396368	96221242	535	14	0.0000006243	0.000000193873
10	96221243	97822356	1054	14	0.0002114182	0.000000336008
10	97822357	100241301	1546	14	0.0004261465	0.000000406850
10	100241302	100668399	344	14	-0.0000216830	0.000000091228
10	100668400	102949238	1315	14	-0.0000482673	0.000000373197
10	102949239	104380409	510	14	0.0002412744	0.000000173803
10	104380410	106695047	1396	14	0.0000920693	0.000000383152
10	106695048	108726685	1620	14	-0.0000784774	0.000000371054
10	108726686	110317704	1475	14	0.0000924903	0.000000383182
10	110317705	112561492	1632	14	-0.0000560171	0.000000372648
10	112561493	115328431	1995	14	0.0002218505	0.000000392358
10	115328432	116421405	930	14	0.0000131296	0.000000377553
10	116421406	119523933	2054	14	0.0002546636	0.000000394686
10	119523934	120591352	774	14	-0.0000771975	0.000000356806
10	120591353	122407322	1275	14	0.0000794432	0.000000382256
10	122407323	123231464	749	14	0.0003321982	0.000000357578
10	123231465	123900544	506	14	0.0004118505	0.000000266015
10	123900545	125869345	1503	14	0.0000323354	0.000000378915
10	125869346	128001097	1840	14	0.0000568852	0.000000380656
10	128001098	129154361	966	14	0.0001792323	0.000000389335
10	129154362	130844283	1734	14	0.0002155015	0.000000391908
10	130844284	131741326	839	14	0.0001807324	0.000000365314
10	131741327	132580244	906	14	0.0000034225	0.000000350099
10	132580245	134336328	1760	14	0.0000534610	0.000000380413
10	134336329	134494672	59	6	0.0000324912	0.000000025560
10	134494673	135523864	478	14	0.0001195587	0.000000242225
11	70855	1213589	397	14	0.0001659659	0.000000220211
11	1213590	3665480	1532	14	-0.0000209210	0.000000375137
11	3665481	4746708	868	14	0.0003374502	0.000000400558
11	4746709	6322868	2164	14	-0.0000280369	0.000000374632
11	6322869	7436700	1029	14	-0.0000251525	0.000000374837
11	7436701	8333273	850	14	-0.0001066284	0.000000369058
11	8333274	9087316	502	14	0.0005689342	0.000000253250
11	9087317	10952026	1197	14	0.0000497689	0.000000380152
11	10952027	12564228	2007	14	0.0000472694	0.000000379974
11	12564229	13373123	797	14	0.0000709088	0.000000326932
11	13373124	15742551	1659	14	0.0000484003	0.000000380054
11	15742552	17578401	1132	14	-0.0000338320	0.000000374221
11	17578402	19569534	1505	14	0.0001102669	0.000000384443
11	19569535	21017137	1399	14	0.0004039170	0.000000405273
11	21017138	22374141	1202	14	0.0000309451	0.000000378816
11	22374142	24088516	1514	14	-0.0000222725	0.000000375041
11	24088517	26045752	1767	14	0.0000539799	0.000000380450
11	26045753	27020460	828	14	0.0001073290	0.000000276300
11	27020461	28481592	774	14	0.0003096870	0.000000270925
11	28481593	30141356	982	14	0.0000532596	0.000000309386
11	30141357	32276900	1315	14	0.0000577893	0.000000380720
11	32276901	33958738	1038	14	0.0000021929	0.000000376777
11	33958739	35502604	1585	14	0.0003609383	0.000000402224
11	35502605	37116814	1378	14	0.0001261250	0.000000385568
11	37116815	39382002	1493	14	0.0002535992	0.000000350270
11	39382003	42310002	2249	14	0.0001604330	0.000000388001
11	42310003	44693798	1938	14	-0.0000226871	0.000000375012
11	44693799	47006136	1330	14	0.0001624602	0.000000388145
11	47006137	49866049	1081	14	0.0002932173	0.000000250462
11	49866050	54695472	437	10	0.0000667429	0.000000071084
11	54695473	55082656	34	5	0.0000269305	0.000000013417
11	55082657	58457494	2743	14	-0.0000358003	0.000000374082
11	58457495	58780548	181	9	-0.0000419487	0.000000038087
11	58780549	62223770	1742	14	-0.0000989007	0.000000369606
11	62223771	63804568	470	14	0.0001739341	0.000000193062
11	63804569	65898630	776	14	0.0003103324	0.000000385169
11	65898631	68005824	497	14	0.0003873761	0.000000241264
11	68005825	69516129	870	14	0.0002232020	0.000000392454
11	69516130	70926291	877	14	0.0002019706	0.000000390948
11	70926292	72286016	629	14	0.0001434932	0.000000235945
11	72286017	74412350	1014	14	0.0004249775	0.000000406767
11	74412351	76797208	1313	14	0.0004433669	0.000000408071
11	76797209	78355057	796	14	0.0000039445	0.000000270658
11	78355058	80722372	2096	14	0.0004589979	0.000000409180
11	80722373	81266711	643	14	-0.0000982466	0.000000224493
11	81266712	84381271	2594	14	-0.0000380792	0.000000373920
11	84381272	86619300	1531	14	-0.0000468943	0.000000373295
11	86619301	87430234	737	14	0.0003103409	0.000000242145
11	87430235	89208935	1183	14	0.0001834242	0.000000389632
11	89208936	90966489	999	14	0.0002145364	0.000000271545
11	90966490	92077143	840	14	0.0001421461	0.000000268076
11	92077144	93276156	811	14	-0.0000086622	0.000000285578
11	93276157	94242259	552	14	-0.0000491714	0.000000160115
11	94242260	95726040	1152	14	-0.0000507652	0.000000373020
11	95726041	97057057	967	14	-0.0001150292	0.000000368462
11	97057058	98705064	1369	14	0.0002099855	0.000000390615
11	98705065	100417168	1792	14	0.0000308269	0.000000378808
11	100417169	101331120	961	14	-0.0000906780	0.000000289036
11	101331121	103959635	2467	14	-0.0000916075	0.000000370123
11	103959636	104873283	666	14	0.0003826281	0.000000168294
11	104873284	106520893	1151	14	-0.0000756379	0.000000301126
11	106520894	107844199	1002	14	0.0000158813	0.000000376847
11	107844200	108437036	222	13	0.0003401889	0.000000087497
11	108437037	109866115	732	14	0.0000610361	0.000000289662
11	109866116	111114396	1013	14	0.0003924122	0.000000375007
11	111114397	112459487	706	14	-0.0000197343	0.000000246088
11	112459488	114257727	1517	14	0.0003627472	0.000000402353
11	114257728	114830665	506	14	0.0003430744	0.000000171365
11	114830666	116383347	1184	14	0.0003433336	0.000000400975
11	116383348	117747109	1034	14	0.0000599709	0.000000380875
11	117747110	119215475	850	14	0.0000988753	0.000000383635
11	119215476	120766805	1102	14	0.0000433124	0.000000379694
11	120766806	121175942	400	14	-0.0000027595	0.000000143480
11	121175943	122591909	935	14	0.0001430741	0.000000386770
11	122591910	123500116	678	14	0.0000611546	0.000000380959
11	123500117	124495527	1015	14	0.0001401474	0.000000277791
11	124495528	126311319	1401	14	0.0005877154	0.000000418311
11	126311320	127316678	1052	14	0.0000434655	0.000000379704
11	127316679	128188536	641	14	0.0001390709	0.000000253238
11	128188537	130342574	1471	14	-0.0000329830	0.000000374282
11	130342575	131074611	728	14	0.0000317102	0.000000348576
11	131074612	133000045	2002	14	-0.0000460487	0.000000373355
11	133000046	134205992	923	14	0.0001058534	0.000000384130
11	134205993	134946451	842	14	0.0004538171	0.000000408813
12	61107	1080330	528	14	0.0000712366	0.000000288708
12	1080331	2544785	851	14	0.0001617000	0.000000388091
12	2544786	3677036	886	14	0.0003370333	0.000000400529
12	3677037	4417678	645	14	0.0000694839	0.000000341601
12	4417679	5321471	879	14	-0.0001390108	0.000000366761
12	5321472	6419752	1008	14	0.0000907190	0.000000383056
12	6419753	8377535	853	14	-0.0001626507	0.000000365084
12	8377536	9031394	253	14	0.0002750108	0.000000142747
12	9031395	10481533	1064	14	0.0001013248	0.000000383809
12	10481534	11754845	765	14	0.0001102315	0.000000281469
12	11754846	12733527	743	14	0.0002071389	0.000000391315
12	12733528	15241483	1926	14	-0.0001020230	0.000000369384
12	15241484	16310459	477	14	0.0001639740	0.000000213071
12	16310460	18087872	1293	14	-0.0001083110	0.000000368938
12	18087873	20863942	2236	14	-0.0000707894	0.000000371600
12	20863943	23820633	2156	14	0.0000639960	0.000000381161
12	23820634	25371082	1443	14	0.0000892937	0.000000382955
12	25371083	27799772	2118	14	0.0002296556	0.000000392912
12	27799773	29651254	1536	14	-0.0000187323	0.000000374391
12	29651255	30512405	1179	14	0.0002579938	0.000000387724
12	30512406	32165591	1343	14	0.0001290742	0.000000385777
12	32165592	33076988	838	14	-0.0000693731	0.000000312699
12	33076989	37856716	1042	14	0.0003143058	0.000000239269
12	37856717	39227168	464	14	0.0001462787	0.000000109162
12	39227169	40816184	1311	14	0.0001575807	0.000000352217
12	40816185	41658585	824	14	0.0003579993	0.000000240769
12	41658586	43984473	2131	14	0.0001024796	0.000000383891
12	43984474	46024228	1101	14	0.0002267178	0.000000319092
12	46024229	47714792	922	14	0.0002718998	0.000000375320
12	47714793	49001865	1028	14	0.0002962103	0.000000397633
12	49001866	51776493	1025	14	0.0000697950	0.000000381572
12	51776494	53039003	1096	14	0.0003113721	0.000000398708
12	53039004	54778822	1003	14	0.0000453393	0.000000378936
12	54778823	55665836	588	14	0.0000859891	0.000000218496
12	55665837	57548859	670	14	0.0004737111	0.000000298024
12	57548860	59308665	861	14	0.0002439302	0.000000310987
12	59308666	61123728	1087	14	-0.0000059051	0.000000318910
12	61123729	64032460	2344	14	0.0000780612	0.000000382158
12	64032461	65559694	731	14	0.0001465424	0.000000316832
12	65559695	67181143	1002	14	0.0001090646	0.000000370901
12	67181144	67909728	710	14	0.0001330693	0.000000210899
12	67909729	69826541	1486	14	0.0000962248	0.000000383447
12	69826542	70957986	1115	14	-0.0000407184	0.000000337298
12	70957987	72645074	1182	14	0.0001901171	0.000000390107
12	72645075	73818453	744	14	0.0000303282	0.000000232749
12	73818454	76511313	1766	14	0.0000952557	0.000000383378
12	76511314	78570569	1630	14	-0.0000711879	0.000000371572
12	78570570	80448149	925	14	0.0000292021	0.000000327440
12	80448150	81467766	747	14	0.0000437734	0.000000203847
12	81467767	83502665	1304	14	-0.0000007652	0.000000376567
12	83502666	84303843	622	14	0.0000622929	0.000000150227
12	84303844	85990425	1048	14	0.0001826835	0.000000240292
12	85990426	89682121	1977	14	0.0001495345	0.000000387228
12	89682122	92066154	1523	14	0.0000521688	0.000000380322
12	92066155	94514566	1791	14	-0.0001027914	0.000000369330
12	94514567	96020784	1166	14	-0.0000436001	0.000000373528
12	96020785	97108838	859	14	0.0000831731	0.000000370852
12	97108839	99305986	1769	14	-0.0000131302	0.000000375690
12	99305987	101447640	1381	14	0.0001453742	0.000000386933
12	101447641	101862689	271	14	0.0001978562	0.000000110693
12	101862690	102964985	620	14	0.0010302747	0.000000331520
12	102964986	104848695	1464	14	-0.0000826603	0.000000370758
12	104848696	106436212	1470	14	0.0000243928	0.000000378352
12	106436213	106958747	413	14	0.0000143620	0.000000180342
12	106958748	109025900	1378	14	0.0000299286	0.000000378744
12	109025901	110336718	718	14	-0.0000421912	0.000000298388
12	110336719	113263517	698	14	0.0001817143	0.000000278251
12	113263518	113986708	385	14	0.0003787797	0.000000183444
12	113986709	115036601	1060	14	0.0001135202	0.000000384674
12	115036602	115503215	384	14	-0.0000268373	0.000000165412
12	115503216	117087470	1281	14	0.0004185650	0.000000406312
12	117087471	118135374	807	14	0.0000035169	0.000000376871
12	118135375	119754109	1246	14	-0.0000232178	0.000000374974
12	119754110	122007650	1139	14	0.0001641598	0.000000388266
12	122007651	124977979	1121	14	0.0002222696	0.000000392388
12	124977980	126445504	1140	14	0.0000431872	0.000000379685
12	126445505	127875097	1346	14	0.0000056416	0.000000377021
12	127875098	129237296	1374	14	-0.0000086305	0.000000376009
12	129237297	130377920	1239	14	-0.0000591985	0.000000372422
12	130377921	131786750	1395	14	0.0000910685	0.000000383081
12	131786751	132807033	636	14	0.0000716527	0.000000287067
12	132807034	133841510	323	14	0.0001829690	0.000000152128
13	19020013	20686719	737	14	0.0002001665	0.000000287816
13	20686720	22242173	1098	14	0.0003155486	0.000000399005
13	22242174	23594701	1253	14	0.0000676351	0.000000381419
13	23594702	24531936	985	14	0.0001275155	0.000000385666
13	24531937	25784361	1178	14	-0.0000302698	0.000000374474
13	25784362	27284361	1117	14	-0.0000470037	0.000000372386
13	27284362	29257550	1576	14	-0.0001147708	0.000000368480
13	29257551	30483266	1023	14	0.0000503600	0.000000380193
13	30483267	32301814	1478	14	0.0001794702	0.000000389352
13	32301815	33776902	1176	14	-0.0000185837	0.000000375303
13	33776903	35026463	986	14	0.0002534889	0.000000358131
13	35026464	36046366	475	14	0.0001955459	0.000000203731
13	36046367	37498184	1260	14	0.0000806374	0.000000382341
13	37498185	38878162	1384	14	0.0001983646	0.000000388889
13	38878163	41069262	1806	14	0.0002349745	0.000000393289
13	41069263	43101026	1270	14	-0.0000080978	0.000000376047
13	43101027	44901408	1603	14	-0.0000052451	0.000000376249
13	44901409	46495213	967	14	0.0000178248	0.000000377886
13	46495214	47431078	699	14	-0.0000069903	0.000000262474
13	47431079	49383961	1375	14	-0.0000212871	0.000000375111
13	49383962	51591090	1407	14	0.0000297325	0.000000378730
13	51591091	53339621	690	14	0.0002797473	0.000000359113
13	53339622	54682863	1154	14	0.0000344803	0.000000379067
13	54682864	55817130	851	14	0.0002270812	0.000000242623
13	55817131	57554216	932	14	0.0002368123	0.000000192933
13	57554217	58410625	549	14	0.0001192189	0.000000128291
13	58410626	59302270	675	14	0.0002920441	0.000000165594
13	59302271	60854777	1290	14	0.0000353184	0.000000379127
13	60854778	61591948	675	14	0.0001404991	0.000000221547
13	61591949	63971558	1876	14	0.0000268627	0.000000378527
13	63971559	65200601	1068	14	0.0000219898	0.000000198453
13	65200602	67844452	1676	14	-0.0000869559	0.000000370453
13	67844453	70724515	2581	14	0.0003900172	0.000000404287
13	70724516	71526790	715	14	0.0001758053	0.000000318900
13	71526791	73934088	1750	14	0.0001459389	0.000000386973
13	73934089	75670142	1456	14	0.0003618554	0.000000402289
13	75670143	77410554	1638	14	-0.0000703303	0.000000371632
13	77410555	78808812	981	14	0.0000120441	0.000000299677
13	78808813	80585675	1222	14	0.0002981136	0.000000397768
13	80585676	82581813	1538	14	0.0000298202	0.000000378737
13	82581814	84133143	1108	14	0.0003456430	0.000000275084
13	84133144	85610915	1071	14	0.0001952472	0.000000322837
13	85610916	88559881	2130	14	0.0000964642	0.000000383464
13	88559882	90521310	1319	14	-0.0000389400	0.000000326086
13	90521311	93129690	2059	14	0.0000939266	0.000000383284
13	93129691	93586454	286	14	-0.0000066905	0.000000105418
13	93586455	96087557	2132	14	0.0001091890	0.000000384366
13	96087558	97519209	753	14	0.0004152442	0.000000286514
13	97519210	98938918	825	14	0.0001165387	0.000000384888
13	98938919	100574094	1489	14	0.0000392989	0.000000379409
13	100574095	102300522	1494	14	0.0000360932	0.000000379181
13	102300523	104066709	1822	14	0.0000473941	0.000000379983
13	104066710	104844113	738	14	0.0001241128	0.000000289935
13	104844114	106247553	1432	14	0.0000789843	0.000000382224
13	106247554	106749999	599	14	0.0000321206	0.000000236068
13	106750000	108189876	1242	14	0.0001332110	0.000000386070
13	108189877	109121209	931	14	0.0000350428	0.000000379107
13	109121210	109815111	742	14	0.0000616679	0.000000281362
13	109815112	111232072	1321	14	-0.0000097771	0.000000375928
13	111232073	112247591	823	14	0.0001088072	0.000000383438
13	112247592	113572487	929	14	0.0002886801	0.000000397099
13	113572488	115109852	676	14	0.0001258788	0.000000343846
14	19002084	21589401	1044	14	0.0002405056	0.000000393681
14	21589402	23018664	1441	14	0.0000869583	0.000000382790
14	23018665	24905122	1186	14	0.0001339780	0.000000386125
14	24905123	26135685	1247	14	0.0000705646	0.000000381627
14	26135686	28466532	1616	14	0.0000919194	0.000000383141
14	28466533	29972144	885	14	0.0000198841	0.000000316434
14	29972145	32383264	1198	14	-0.0001142057	0.000000368520
14	32383265	34846250	2176	14	0.0000259120	0.000000378459
14	34846251	35859592	466	14	-0.0000065419	0.000000190300
14	35859593	38667724	1622	14	0.0000473795	0.000000379982
14	38667725	40341989	1143	14	-0.0000245825	0.000000374877
14	40341990	41615501	1081	14	0.0001489107	0.000000235533
14	41615502	43137388	954	14	0.0004720113	0.000000303684
14	43137389	44543226	937	14	-0.0000965440	0.000000316813
14	44543227	46081895	782	14	0.0001217072	0.000000260113
14	46081896	46749129	514	14	0.0001264846	0.000000106397
14	46749130	48573585	1527	14	-0.0000573106	0.000000372556
14	48573586	49005470	289	14	0.0000852587	0.000000085087
14	49005471	50507759	971	14	-0.0001214919	0.000000368003
14	50507760	51493571	690	14	0.0002143357	0.000000317366
14	51493572	53474382	1600	14	-0.0000159533	0.000000375490
14	53474383	53997830	398	14	0.0001475585	0.000000126733
14	53997831	55233680	784	14	0.0000913446	0.000000383101
14	55233681	56216879	564	14	0.0000126159	0.000000184774
14	56216880	57481261	1294	14	-0.0000536013	0.000000372819
14	57481262	59448335	1447	14	0.0000687125	0.000000381495
14	59448336	61680423	1390	14	0.0001399406	0.000000386548
14	61680424	63790014	1621	14	0.0000918891	0.000000383139
14	63790015	65220297	652	14	0.0003528193	0.000000278846
14	65220298	66399554	757	14	0.0002912835	0.000000333910
14	66399555	67992316	697	14	0.0001390617	0.000000206681
14	67992317	71131956	2215	14	0.0001268246	0.000000385617
14	71131957	72889614	1421	14	0.0002435833	0.000000393900
14	72889615	76444766	2053	14	0.0000889657	0.000000382932
14	76444767	77229471	619	14	0.0000305056	0.000000304374
14	77229472	78561944	1094	14	0.0001174602	0.000000384953
14	78561945	80186578	1211	14	0.0004639159	0.000000408626
14	80186579	81579713	1150	14	0.0000699293	0.000000381582
14	81579714	83138096	1037	14	0.0001375650	0.000000366689
14	83138097	84241632	933	14	0.0000298792	0.000000319719
14	84241633	85746318	1140	14	0.0000047658	0.000000376959
14	85746319	86647001	634	14	0.0000247427	0.000000242766
14	86647002	87635340	715	14	0.0000469128	0.000000266276
14	87635341	89497642	1312	14	0.0000382895	0.000000379337
14	89497643	91296859	1298	14	-0.0000879446	0.000000370383
14	91296860	93132298	1272	14	-0.0000851845	0.000000370579
14	93132299	94325284	752	14	0.0002814932	0.000000342694
14	94325285	95750866	1538	14	-0.0000382245	0.000000373910
14	95750867	96262414	678	14	0.0000648864	0.000000311913
14	96262415	98341161	1570	14	-0.0000087788	0.000000375999
14	98341162	99138531	853	14	0.0003961347	0.000000303306
14	99138532	101534306	1582	14	0.0001144542	0.000000384740
14	101534307	103012101	740	14	0.0000462290	0.000000379900
14	103012102	105001722	904	14	-0.0000860372	0.000000370518
14	105001723	106340357	281	14	0.0000551493	0.000000154121
14	106340358	107289453	284	14	0.0000173973	0.000000149275
15	20001200	21131603	33	5	0.0000752935	0.000000024800
15	21131604	24195126	566	14	0.0003079176	0.000000323130
15	24195127	25108589	635	14	-0.0000376977	0.000000227960
15	25108590	27298111	1661	14	0.0001540627	0.000000387550
15	27298112	29338501	1024	14	0.0001930520	0.000000390315
15	29338502	30165567	585	14	-0.0000198662	0.000000254203
15	30165568	31591820	516	14	0.0003826497	0.000000292424
15	31591821	32441810	487	14	0.0000515888	0.000000203623
15	32441811	34015424	1300	14	0.0000281298	0.000000378617
15	34015425	35083250	726	14	0.0002580985	0.000000352333
15	35083251	37456501	1867	14	0.0000454744	0.000000379847
15	37456502	38530776	724	14	0.0000071976	0.000000312107
15	38530777	40384131	1591	14	0.0002286630	0.000000392841
15	40384132	41177513	399	14	0.0000133367	0.000000165244
15	41177514	42776398	762	14	0.0000383565	0.000000336778
15	42776399	44198048	410	14	0.0000225086	0.000000126503
15	44198049	46618786	954	14	0.0002383709	0.000000367628
15	46618787	48136047	1311	14	0.0001325268	0.000000386022
15	48136048	50008042	931	14	0.0001100774	0.000000311699
15	50008043	51677559	1110	14	0.0001424499	0.000000386726
15	51677560	53069095	771	14	0.0001111841	0.000000282366
15	53069096	54508527	1340	14	0.0000836314	0.000000381652
15	54508528	55136268	573	14	-0.0001141889	0.000000242673
15	55136269	56901772	1070	14	0.0000552841	0.000000380543
15	56901773	58441365	1219	14	0.0000518012	0.000000380296
15	58441366	59694115	911	14	0.0003404530	0.000000400771
15	59694116	61265835	1184	14	0.0002169080	0.000000392007
15	61265836	63215221	1639	14	0.0001058398	0.000000384129
15	63215222	65104667	898	14	0.0000425279	0.000000369759
15	65104668	67094766	1012	14	0.0000124634	0.000000377505
15	67094767	69017998	1276	14	0.0002296224	0.000000392909
15	69017999	70133340	547	14	0.0001838393	0.000000262056
15	70133341	71922648	1217	14	0.0000309868	0.000000378819
15	71922649	73628713	725	14	0.0002664540	0.000000239847
15	73628714	76398623	977	14	0.0001028249	0.000000383915
15	76398624	78516052	1058	14	0.0000825775	0.000000381578
15	78516053	80860977	1858	14	0.0004030447	0.000000405211
15	80860978	84260467	1495	14	0.0006140851	0.000000420181
15	84260468	86652904	1594	14	0.0000220173	0.000000378183
15	86652905	88369942	1463	14	0.0001567991	0.000000387744
15	88369943	90475550	1259	14	0.0001089503	0.000000384350
15	90475551	92164391	1138	14	-0.0000564484	0.000000372617
15	92164392	93780901	1366	14	0.0000556317	0.000000380567
15	93780902	94924329	1151	14	0.0001329899	0.000000386055
15	94924330	96141595	1085	14	0.0003417782	0.000000400865
15	96141596	98030909	1350	14	0.0000778532	0.000000382144
15	98030910	99244058	1090	14	0.0001938244	0.000000390370
15	99244059	100636846	1022	14	0.0000628162	0.000000380176
15	100636847	101552693	675	14	0.0000006044	0.000000376664
15	101552694	102520965	714	14	-0.0000720555	0.000000371510
16	60054	1207205	453	14	0.0001162972	0.000000293564
16	1207206	2764828	592	14	0.0001315153	0.000000326048
16	2764829	4001195	444	14	0.0000106450	0.000000273613
16	4001196	5118344	574	14	0.0001145593	0.000000379348
16	5118345	5891579	701	14	0.0003620195	0.000000402301
16	5891580	6893550	1219	14	0.0000027292	0.000000376815
16	6893551	7529120	898	14	0.0003429086	0.000000400945
16	7529121	8338518	1025	14	0.0001183780	0.000000385018
16	8338519	9799418	1335	14	0.0000819352	0.000000382433
16	9799419	10426031	745	14	0.0001880169	0.000000315506
16	10426032	11520160	773	14	0.0002337911	0.000000393205
16	11520161	12613097	697	14	0.0001274778	0.000000385664
16	12613098	13154436	629	14	0.0002256736	0.000000300450
16	13154437	14464001	1065	14	-0.0000472989	0.000000373266
16	14464002	16154059	428	14	0.0000084391	0.000000233601
16	16154060	17644748	676	14	0.0002021621	0.000000376609
16	17644749	18643606	347	14	0.0002461903	0.000000171192
16	18643607	20150570	778	14	0.0004595548	0.000000390397
16	20150571	22448903	744	14	0.0000710878	0.000000308943
16	22448904	24136874	921	14	0.0000453828	0.000000379840
16	24136875	25986861	1324	14	-0.0000229748	0.000000374992
16	25986862	27445754	1186	14	0.0000488312	0.000000380085
16	27445755	29036612	502	14	0.0002713979	0.000000222175
16	29036613	31382942	430	14	0.0002954903	0.000000237945
16	31382943	46399472	230	14	-0.0000605310	0.000000091263
16	46399473	49007925	597	14	0.0001150451	0.000000208083
16	49007926	52035822	1951	14	0.0000952058	0.000000383375
16	52035823	53382571	875	14	-0.0000559694	0.000000299112
16	53382572	55903773	2140	14	0.0001527869	0.000000387459
16	55903774	57664329	1123	14	-0.0000663093	0.000000371918
16	57664330	59045404	855	14	0.0002089203	0.000000391441
16	59045405	60745693	1099	14	0.0000886427	0.000000382909
16	60745694	62229848	801	14	0.0000318468	0.000000247298
16	62229849	63691588	986	14	0.0000353868	0.000000379131
16	63691589	65938565	1706	14	0.0000167664	0.000000377811
16	65938566	68841362	1152	14	0.0002182435	0.000000392102
16	68841363	71054027	606	14	0.0002872205	0.000000303122
16	71054028	72935149	745	14	-0.0000148582	0.000000324323
16	72935150	74971502	1255	14	0.0000841125	0.000000382588
16	74971503	75977953	438	14	0.0003182286	0.000000213883
16	75977954	77523677	1395	14	0.0001156697	0.000000384826
16	77523678	78456291	1136	14	0.0002566598	0.000000394827
16	78456292	79134814	952	14	-0.0000936332	0.000000369979
16	79134815	80297373	1327	14	0.0006185754	0.000000420500
16	80297374	81772535	1388	14	-0.0000760017	0.000000371230
16	81772536	82747727	1003	14	0.0002668758	0.000000395552
16	82747728	83477207	1057	14	0.0000136351	0.000000377588
16	83477208	84445882	1277	14	-0.0000203217	0.000000375180
16	84445883	85148684	805	14	0.0000507237	0.000000380219
16	85148685	86156598	834	14	0.0001544797	0.000000387579
16	86156599	86815410	881	14	0.0002925539	0.000000397373
16	86815411	87647348	640	14	-0.0000954965	0.000000369847
16	87647349	89041164	620	14	0.0000445008	0.000000379778
16	89041165	90292811	526	14	-0.0000949900	0.000000302317
17	56	1172398	480	14	0.0001425666	0.000000305515
17	1172399	1928730	401	14	0.0002783356	0.000000236738
17	1928731	3702311	1095	14	0.0000943548	0.000000383314
17	3702312	4696260	575	14	0.0001116703	0.000000316074
17	4696261	5741333	749	14	-0.0000240583	0.000000311611
17	5741334	7317397	1056	14	-0.0000121316	0.000000375761
17	7317398	8306424	433	14	0.0000766565	0.000000258564
17	8306425	9965920	1188	14	0.0000343995	0.000000379061
17	9965921	11102814	886	14	0.0002200755	0.000000392232
17	11102815	12534768	991	14	0.0000277514	0.000000378590
17	12534769	13180371	574	14	-0.0000199451	0.000000288137
17	13180372	13894636	711	14	0.0002668740	0.000000385665
17	13894637	15019096	1267	14	0.0002271596	0.000000392735
17	15019097	16412341	574	14	-0.0000209140	0.000000268078
17	16412342	18856319	983	14	0.0000561173	0.000000380602
17	18856320	21290356	713	14	-0.0000194829	0.000000304244
17	21290357	27334243	1010	14	0.0001165094	0.000000384886
17	27334244	29786490	743	14	0.0001417252	0.000000259088
17	29786491	31538424	960	14	-0.0000277187	0.000000374655
17	31538425	32912797	1563	14	-0.0001482910	0.000000366102
17	32912798	34469035	944	14	-0.0001457873	0.000000366280
17	34469036	36809343	811	14	-0.0000664450	0.000000371908
17	36809344	38877403	691	14	-0.0000139800	0.000000326985
17	38877404	39899809	602	14	0.0000790397	0.000000193251
17	39899810	41772086	527	14	0.0003422769	0.000000220962
17	41772087	43056904	536	14	0.0000725929	0.000000223838
17	43056905	45876021	1222	14	0.0000389041	0.000000379381
17	45876022	47517399	883	14	0.0003043962	0.000000366129
17	47517400	49898956	1296	14	0.0001560151	0.000000387688
17	49898957	50719054	591	14	0.0000057113	0.000000178222
17	50719055	51826117	826	14	0.0002369964	0.000000229901
17	51826118	53599431	1205	14	0.0000830119	0.000000382510
17	53599432	55357540	1157	14	-0.0000731342	0.000000371434
17	55357541	57487511	1118	14	0.0000089400	0.000000377255
17	57487512	59312754	411	14	0.0000671674	0.000000133203
17	59312755	61545588	791	14	0.0000207508	0.000000376292
17	61545589	63148127	508	14	-0.0000089367	0.000000203243
17	63148128	64800429	1326	14	0.0001395531	0.000000386520
17	64800430	67858769	1716	14	-0.0000470286	0.000000373285
17	67858770	69387816	1351	14	0.0000558873	0.000000380586
17	69387817	72672202	2508	14	0.0000448469	0.000000379802
17	72672203	74375559	658	14	0.0001325153	0.000000348688
17	74375560	76263412	1228	14	0.0000485569	0.000000380066
17	76263413	77298635	736	14	0.0000218680	0.000000378172
17	77298636	78837587	983	14	0.0003124666	0.000000398786
17	78837588	80034407	432	14	0.0001719696	0.000000245916
17	80034408	81194907	524	14	0.0001826441	0.000000247468
18	10644	912485	688	14	-0.0000451881	0.000000373416
18	912486	1942910	802	14	0.0000128858	0.000000289616
18	1942911	3891657	1494	14	0.0001121561	0.000000384577
18	3891658	5834179	1536	14	0.0000630867	0.000000381096
18	5834180	7090484	1055	14	0.0000170641	0.000000377832
18	7090485	8498930	1075	14	0.0000569611	0.000000380662
18	8498931	11075912	2285	14	-0.0000359940	0.000000374068
18	11075913	11905439	531	14	0.0001255524	0.000000273466
18	11905440	14440798	1350	14	0.0001057450	0.000000384122
18	14440799	19485843	336	14	0.0001326085	0.000000129937
18	19485844	20649471	644	14	0.0004126694	0.000000262066
18	20649472	22996650	1487	14	0.0001501803	0.000000387274
18	22996651	24026190	628	14	0.0000950571	0.000000257422
18	24026191	25927681	1499	14	0.0002375534	0.000000393472
18	25927682	26875586	634	14	0.0001635638	0.000000179518
18	26875587	27866477	694	14	-0.0000785903	0.000000185238
18	27866478	30264065	1816	14	0.0002812245	0.000000396570
18	30264066	31780066	853	14	0.0000704176	0.000000232389
18	31780067	33861963	1321	14	0.0001465370	0.000000386114
18	33861964	35075249	899	14	0.0000999526	0.000000380110
18	35075250	36365489	1072	14	0.0002619320	0.000000349989
18	36365490	37684366	813	14	0.0001249202	0.000000237021
18	37684367	39892647	1790	14	0.0000576545	0.000000380711
18	39892648	42922105	2116	14	0.0001575804	0.000000387799
18	42922106	44299245	1199	14	-0.0000502771	0.000000373055
18	44299246	45939731	1087	14	-0.0000640198	0.000000372080
18	45939732	47730583	1336	14	0.0000973726	0.000000383528
18	47730584	51062184	2469	14	0.0002014790	0.000000390913
18	51062185	51554174	469	14	0.0003939772	0.000000130635
18	51554175	55213837	2168	14	0.0002246303	0.000000392555
18	55213838	56530219	1074	14	0.0002390940	0.000000393581
18	56530220	57630482	1046	14	0.0000802719	0.000000382315
18	57630483	59020750	979	14	0.0001510575	0.000000360558
18	59020751	60277714	1177	14	0.0000734217	0.000000381829
18	60277715	61820251	1191	14	-0.0000281412	0.000000374625
18	61820252	63463401	1274	14	0.0001157724	0.000000384833
18	63463402	64252800	727	14	-0.0000155496	0.000000173710
18	64252801	66125816	1685	14	0.0001839065	0.000000389667
18	66125817	67175819	735	14	0.0004244100	0.000000319521
18	67175820	68621178	943	14	0.0000872118	0.000000382808
18	68621179	69621617	926	14	0.0001097483	0.000000371843
18	69621618	71038473	1263	14	0.0001116140	0.000000384539
18	71038474	71971461	996	14	0.0000249118	0.000000378388
18	71971462	73526986	1332	14	0.0001892306	0.000000390044
18	73526987	74813814	1112	14	0.0000687259	0.000000381496
18	74813815	75976316	1184	14	0.0000991075	0.000000383651
18	75976317	77149990	942	14	-0.0000473256	0.000000373264
18	77149991	78017157	508	14	0.0001024967	0.000000250661
19	80840	610728	142	14	0.0000029501	0.000000083400
19	610729	2098395	473	14	-0.0000700383	0.000000317824
19	2098396	3019659	391	14	0.0003682813	0.000000254949
19	3019660	4348966	513	14	-0.0001011918	0.000000319946
19	4348967	5811851	639	14	0.0003367408	0.000000400508
19	5811852	6684884	338	14	0.0000929946	0.000000198827
19	6684885	8347512	868	14	0.0003175330	0.000000399145
19	8347513	9238392	410	14	0.0001053250	0.000000170207
19	9238393	11284027	765	14	0.0001896594	0.000000351859
19	11284028	13471126	717	14	-0.0000153757	0.000000362080
19	13471127	14486346	354	14	-0.0000102052	0.000000186219
19	14486347	15648609	558	14	0.0000561729	0.000000286809
19	15648610	16374415	659	14	-0.0000146513	0.000000236777
19	16374416	18409861	868	14	0.0000558826	0.000000380585
19	18409862	19877470	508	14	0.0005952940	0.000000287810
19	19877471	20905756	338	14	0.0000611164	0.000000148684
19	20905757	22732895	844	14	0.0000341708	0.000000247461
19	22732896	23467745	320	14	0.0005175549	0.000000128890
19	23467746	28557892	743	14	0.0001787547	0.000000217993
19	28557893	29790946	1180	14	0.0001470178	0.000000387050
19	29790947	30727953	685	14	0.0000428064	0.000000310352
19	30727954	32746519	1215	14	0.0005230355	0.000000413722
19	32746520	34262951	929	14	0.0003159210	0.000000399031
19	34262952	36469294	1104	14	0.0000970157	0.000000383503
19	36469295	37527032	451	14	0.0001616536	0.000000142689
19	37527033	40170618	1066	14	0.0000527634	0.000000380364
19	40170619	40984600	317	14	0.0004727696	0.000000158014
19	40984601	42131572	480	14	0.0002124269	0.000000266507
19	42131573	43862454	488	14	-0.0000829104	0.000000185701
19	43862455	44744107	516	14	0.0002151946	0.000000212031
19	44744108	46102696	621	14	0.0003097383	0.000000356862
19	46102697	47150081	470	14	0.0000557640	0.000000247368
19	47150082	49282226	952	14	-0.0000018836	0.000000376488
19	49282227	51532566	996	14	0.0000430129	0.000000379672
19	51532567	52985289	1152	14	0.0000560298	0.000000380596
19	52985290	54602361	994	14	0.0000590355	0.000000380809
19	54602362	55728079	593	14	0.0000610984	0.000000365718
19	55728080	57521334	1099	14	-0.0000900012	0.000000370237
19	57521335	59118838	834	14	0.0000097802	0.000000377315
20	60479	697599	418	14	0.0000329134	0.000000242537
20	697600	2469500	1791	14	0.0003449436	0.000000401090
20	2469501	3828412	886	14	-0.0000706480	0.000000371610
20	3828413	5477849	1414	14	-0.0001045325	0.000000369206
20	5477850	7084072	1504	14	0.0002420265	0.000000393789
20	7084073	8117010	1024	14	0.0000059900	0.000000311166
20	8117011	9730920	1540	14	0.0002868418	0.000000396968
20	9730921	11249535	1476	14	-0.0000880716	0.000000370374
20	11249536	12447498	1068	14	0.0003996168	0.000000404066
20	12447499	13689863	1127	14	-0.0000922020	0.000000370081
20	13689864	15958358	2013	14	-0.0000345315	0.000000374172
20	15958359	17487231	1812	14	-0.0000075223	0.000000376088
20	17487232	18972202	1177	14	-0.0000614786	0.000000372260
20	18972203	20959709	1750	14	-0.0000038217	0.000000376350
20	20959710	22491455	868	14	0.0001952706	0.000000280855
20	22491456	23293789	823	14	0.0000909527	0.000000290101
20	23293790	24717723	1117	14	0.0000787115	0.000000382205
20	24717724	25344230	577	14	-0.0000520203	0.000000141487
20	25344231	31614822	1147	14	0.0002499805	0.000000394353
20	31614823	32813440	462	14	0.0002159103	0.000000195250
20	32813441	34960445	772	14	0.0001539226	0.000000227198
20	34960446	36909529	902	14	0.0001546898	0.000000365240
20	36909530	38436760	1075	14	-0.0000208209	0.000000364373
20	38436761	39610855	942	14	0.0001025052	0.000000381190
20	39610856	40585688	558	14	0.0000295714	0.000000214527
20	40585689	41615459	1045	14	0.0000190696	0.000000377974
20	41615460	42680175	704	14	0.0001732616	0.000000367443
20	42680176	44839055	1391	14	0.0002706663	0.000000395821
20	44839056	47199979	1923	14	0.0001254652	0.000000385521
20	47199980	49239657	1426	14	0.0003225279	0.000000399500
20	49239658	52472548	2554	14	0.0003586535	0.000000402062
20	52472549	54055265	1307	14	0.0000679480	0.000000381441
20	54055266	56447958	2187	14	0.0000723202	0.000000381751
20	56447959	58406571	1535	14	0.0000902190	0.000000383021
20	58406572	59561723	1056	14	0.0000145535	0.000000377654
20	59561724	61301854	1394	14	0.0003001019	0.000000397909
20	61301855	62190179	518	14	0.0001529993	0.000000313031
20	62190180	62965162	381	14	0.0000124011	0.000000186282
21	9411243	15950981	602	14	-0.0000442568	0.000000288102
21	15950982	18053164	1322	14	0.0000704818	0.000000381621
21	18053165	19480374	900	14	0.0001860068	0.000000389816
21	19480375	20962338	1284	14	0.0000960478	0.000000383434
21	20962339	22072763	861	14	0.0000452521	0.000000379831
21	22072764	23362874	1153	14	0.0002467383	0.000000394123
21	23362875	24696230	866	14	0.0002043836	0.000000328623
21	24696231	26469121	1463	14	-0.0000611512	0.000000372284
21	26469122	27271018	459	14	0.0000711250	0.000000176783
21	27271019	29125225	1710	14	0.0001686428	0.000000388584
21	29125226	31197024	1488	14	0.0002506859	0.000000394404
21	31197025	32668641	1068	14	0.0000825733	0.000000284502
21	32668642	34376998	1086	14	0.0000691775	0.000000381528
21	34376999	35225464	480	14	-0.0000061040	0.000000227797
21	35225465	36524372	1020	14	0.0000078731	0.000000377180
21	36524373	37870778	950	14	-0.0000043766	0.000000376311
21	37870779	38711703	596	14	0.0002833475	0.000000241826
21	38711704	40482901	1552	14	0.0001788268	0.000000389306
21	40482902	41389526	905	14	0.0001697828	0.000000370750
21	41389527	43321527	1710	14	-0.0001558725	0.000000365564
21	43321528	44506267	1189	14	0.0002861657	0.000000396920
21	44506268	46177104	1029	14	0.0001043920	0.000000384026
21	46177105	47492225	894	14	-0.0000510614	0.000000372999
21	47492226	48119751	406	14	0.0001748071	0.000000194642
22	16050408	17674294	377	14	0.0001777205	0.000000203245
22	17674295	18296087	417	14	0.0001193399	0.000000218494
22	18296088	19912357	952	14	-0.0000376926	0.000000373948
22	19912358	22357324	983	14	0.0000517658	0.000000380293
22	22357325	23712646	765	14	-0.0000618601	0.000000349896
22	23712647	24984203	648	14	0.0000593179	0.000000273739
22	24984204	26791627	1341	14	-0.0000711026	0.000000371578
22	26791628	27834751	1329	14	0.0000042991	0.000000376926
22	27834752	29651798	998	14	-0.0000615520	0.000000372255
22	29651799	31439917	958	14	0.0001991961	0.000000390751
22	31439918	32664985	582	14	0.0001957324	0.000000242802
22	32664986	34494913	1737	14	0.0002593785	0.000000395020
22	34494914	35530984	1128	14	0.0000741145	0.000000341055
22	35530985	37570268	1576	14	0.0003702615	0.000000402886
22	37570269	39307893	896	14	0.0002918942	0.000000397327
22	39307894	40545796	594	14	0.0002643003	0.000000336300
22	40545797	42690817	833	14	0.0001423411	0.000000286225
22	42690818	43714199	750	14	0.0001506947	0.000000387311
22	43714200	44995307	1281	14	0.0000673611	0.000000381399
22	44995308	46470494	1140	14	0.0001151467	0.000000384789
22	46470495	47596317	882	14	-0.0000103766	0.000000375885
22	47596318	48903702	1536	14	0.0002191872	0.000000392169
22	48903703	49824533	1316	14	0.0000098567	0.000000377320
22	49824534	51243297	717	14	0.0002005549	0.000000379174
