chr	start	end	num_snp	k	local_h2g	var
1	10583	1892606	1532	16	0.0003170970	0.000000264405
1	1892607	3582735	3112	16	0.0000687110	0.000000249974
1	3582736	4380810	1719	16	0.0002405250	0.000000259956
1	4380811	5913892	4085	16	-0.0000249529	0.000000244532
1	5913893	7247334	2005	16	0.0002106405	0.000000258220
1	7247335	9365198	3489	16	0.0001027768	0.000000251953
1	9365199	10806983	1616	16	0.0004804316	0.000000273895
1	10806984	11777840	1365	16	0.0004455409	0.000000271868
1	11777841	12779465	1303	16	0.0000771079	0.000000250462
1	12779466	14891510	2944	16	0.0000616499	0.000000249563
1	14891511	16897729	4047	16	0.0000735835	0.000000250257
1	16897730	18662898	2946	16	-0.0000252937	0.000000244512
1	18662899	20469148	3578	16	-0.0000715470	0.000000241825
1	20469149	21736587	2045	16	0.0001625364	0.000000255425
1	21736588	23086882	2678	16	0.0009846831	0.000000303192
1	23086883	23920589	1028	16	0.0002118204	0.000000221047
1	23920590	25516844	2470	16	0.0002637689	0.000000261307
1	25516845	27401866	1877	16	0.0003984431	0.000000269131
1	27401867	30161880	3018	16	0.0000855574	0.000000250953
1	30161881	32438684	4303	16	0.0004281696	0.000000270858
1	32438685	34799757	2611	16	0.0007717700	0.000000290822
1	34799758	37549182	2912	16	0.0002756007	0.000000261994
1	37549183	38731846	1839	16	0.0001252486	0.000000253259
1	38731847	40200566	2154	16	0.0000389887	0.000000248247
1	40200567	41975326	2959	16	0.0002341772	0.000000259587
1	41975327	43758456	2565	16	0.0001782739	0.000000256339
1	43758457	44969182	1421	16	0.0001602723	0.000000255293
1	44969183	46899500	2448	16	0.0000292633	0.000000247682
1	46899501	48002575	1616	16	0.0000395403	0.000000248279
1	48002576	48978187	1234	16	0.0001681273	0.000000255750
1	48978188	49894176	805	16	0.0001613731	0.000000166109
1	49894177	51713725	1393	16	0.0001584607	0.000000181155
1	51713726	54226261	2526	16	-0.0000497957	0.000000243088
1	54226262	56413116	3803	16	0.0000543979	0.000000249142
1	56413117	57021727	1078	16	0.0000717807	0.000000180922
1	57021728	58865398	3382	16	0.0000197812	0.000000247131
1	58865399	59890408	1810	16	0.0001328450	0.000000253700
1	59890409	61922364	2547	16	0.0000205776	0.000000247177
1	61922365	63455088	2357	16	0.0000093322	0.000000246524
1	63455089	65041703	3055	16	0.0001479380	0.000000254577
1	65041704	66939403	2993	16	-0.0000220183	0.000000244702
1	66939404	68477894	2946	16	0.0003915007	0.000000268728
1	68477895	69687615	1823	16	0.0005379036	0.000000277234
1	69687616	71372469	2819	16	0.0000799460	0.000000250626
1	71372470	71684404	521	16	-0.0000396560	0.000000058744
1	71684405	74326906	3277	16	0.0000734927	0.000000250252
1	74326907	76728134	3782	16	0.0001563199	0.000000255064
1	76728135	79661197	4682	16	0.0001838113	0.000000256661
1	79661198	81354190	3061	16	0.0000424295	0.000000248447
1	81354191	83991747	5127	16	0.0001706665	0.000000255897
1	83991748	84844494	1234	16	0.0001658149	0.000000213969
1	84844495	86454750	2809	16	-0.0000506086	0.000000243041
1	86454751	88128630	2912	16	0.0001302279	0.000000253548
1	88128631	90066302	2448	16	0.0003411736	0.000000265804
1	90066303	91886316	2726	16	0.0003270259	0.000000264982
1	91886317	93536458	2486	16	0.0004096919	0.000000269785
1	93536459	94506190	1397	16	0.0002875211	0.000000175998
1	94506191	96150892	2740	16	-0.0000182365	0.000000244922
1	96150893	97885248	2799	16	0.0000140698	0.000000246799
1	97885249	99800603	2898	16	0.0001930697	0.000000257199
1	99800604	100826404	1358	16	0.0003388887	0.000000238425
1	100826405	102041015	2103	16	0.0002604988	0.000000261117
1	102041016	102898744	1614	16	0.0001284883	0.000000204140
1	102898745	103914210	1742	16	0.0000965828	0.000000158222
1	103914211	106087841	4014	16	0.0003585722	0.000000266815
1	106087842	108409664	3748	16	0.0002021837	0.000000257729
1	108409665	110303930	2597	16	0.0002040450	0.000000257837
1	110303931	111741736	2444	16	0.0001753767	0.000000256171
1	111741737	113273305	2754	16	0.0004146667	0.000000270074
1	113273306	114873844	2354	16	0.0001258628	0.000000253294
1	114873845	115880592	1397	16	0.0002436890	0.000000260140
1	115880593	118839066	3979	16	0.0000232456	0.000000247332
1	118839067	144977493	2883	16	0.0001894267	0.000000256987
1	144977494	148361252	2222	16	0.0000148272	0.000000246843
1	148361253	151538880	2062	16	0.0002047391	0.000000257877
1	151538881	153180828	2318	16	0.0000951964	0.000000251513
1	153180829	154770402	2034	16	0.0002985516	0.000000263328
1	154770403	156336132	1219	16	0.0000655841	0.000000249792
1	156336133	158027411	2608	16	0.0000925596	0.000000251359
1	158027412	159913047	3495	16	0.0000954512	0.000000251527
1	159913048	162346720	3505	16	0.0001082468	0.000000252271
1	162346721	165191701	5172	16	0.0000953905	0.000000251524
1	165191702	166460516	2312	16	0.0002916691	0.000000262928
1	166460517	169086323	4801	16	-0.0000434329	0.000000243458
1	169086324	170557775	2963	16	0.0003028655	0.000000263578
1	170557776	173097906	4258	16	0.0007963719	0.000000292251
1	173097907	175089767	2429	16	0.0000708460	0.000000250098
1	175089768	177433380	3582	16	0.0000371212	0.000000248138
1	177433381	178944308	1986	16	0.0001674563	0.000000255711
1	178944309	178954469	16	2	-0.0000156314	0.000000004418
1	178954470	181144120	4193	16	0.0002828427	0.000000262415
1	181144121	182755355	2641	16	-0.0000798092	0.000000241345
1	182755356	184595512	2804	16	0.0001347825	0.000000253813
1	184595513	186810022	2493	16	0.0002211569	0.000000258831
1	186810023	188759944	4688	16	0.0000139904	0.000000246794
1	188759945	189904129	1551	16	0.0002271827	0.000000167832
1	189904130	191868929	3473	16	0.0000934304	0.000000251410
1	191868930	194107441	3316	16	0.0001156502	0.000000252701
1	194107442	196176200	4263	16	-0.0000006913	0.000000245941
1	196176201	197311513	1453	16	0.0000958735	0.000000188730
1	197311514	199239883	2446	16	0.0003287741	0.000000265083
1	199239884	200137648	1936	16	0.0004171345	0.000000270217
1	200137649	201589974	2727	16	0.0000731396	0.000000250231
1	201589975	203334733	2368	16	0.0000455358	0.000000248627
1	203334734	204681067	2184	16	0.0001051085	0.000000252088
1	204681068	206073264	2071	16	0.0001289602	0.000000253474
1	206073265	208410363	2533	16	0.0000922441	0.000000251341
1	208410364	210787749	3801	16	0.0001562258	0.000000255058
1	210787750	212842329	3474	16	0.0005213935	0.000000276275
1	212842330	214578265	2438	16	-0.0001152984	0.000000239283
1	214578266	216243633	2740	16	-0.0000242958	0.000000244570
1	216243634	218705512	4525	16	0.0001321025	0.000000253657
1	218705513	219590570	1748	16	0.0004499781	0.000000256128
1	219590571	221858230	3579	16	0.0003787216	0.000000267985
1	221858231	222230219	665	16	0.0001367463	0.000000151290
1	222230220	224938519	3864	16	0.0000957979	0.000000251547
1	224938520	226810859	2707	16	-0.0001010424	0.000000240111
1	226810860	229156247	4034	16	0.0001689742	0.000000255799
1	229156248	230685254	2327	16	0.0000268877	0.000000247544
1	230685255	232090251	2546	16	-0.0000790399	0.000000241389
1	232090252	233429283	2586	16	0.0001449164	0.000000254401
1	233429284	234599433	2528	16	0.0001355672	0.000000253858
1	234599434	235819435	2066	16	0.0002551483	0.000000260806
1	235819436	237555627	3526	16	0.0002379261	0.000000259805
1	237555628	238567806	2062	16	0.0001438216	0.000000254338
1	238567807	239925313	2626	16	0.0001751800	0.000000256160
1	239925314	240564090	1614	16	0.0000455445	0.000000248628
1	240564091	241582219	2121	16	0.0000094905	0.000000246533
1	241582220	242071601	954	16	0.0002789390	0.000000243375
1	242071602	244109498	3809	16	0.0002514963	0.000000260594
1	244109499	245506745	2721	16	0.0001457238	0.000000254448
1	245506746	247344517	4533	16	0.0000370802	0.000000248136
1	247344518	249239465	3598	16	0.0001208040	0.000000253000
2	10133	1781021	4409	16	0.0000196872	0.000000247125
2	1781022	3973778	4829	16	0.0000659172	0.000000249811
2	3973779	5708336	3383	16	0.0000673448	0.000000249894
2	5708337	6836253	2623	16	0.0000292365	0.000000247680
2	6836254	8422146	2674	16	0.0002227148	0.000000258921
2	8422147	10298468	3500	16	0.0001252463	0.000000253258
2	10298469	12419149	5003	16	0.0000217905	0.000000247248
2	12419150	14335307	3730	16	0.0001597617	0.000000255264
2	14335308	16329734	3673	16	0.0000178052	0.000000247016
2	16329735	18647422	4064	16	0.0001518012	0.000000254801
2	18647423	19692403	1693	16	0.0000502598	0.000000248902
2	19692404	21050489	2750	16	0.0002908265	0.000000262879
2	21050490	23341382	2617	16	0.0000862376	0.000000250992
2	23341383	24686917	2166	16	0.0001580321	0.000000255163
2	24686918	26894984	2662	16	0.0001377520	0.000000253985
2	26894985	28598776	1336	16	-0.0000730230	0.000000241739
2	28598777	29217558	1000	16	0.0005071248	0.000000255487
2	29217559	30463710	2290	16	0.0001408045	0.000000254162
2	30463711	31550449	2322	16	0.0002081112	0.000000258073
2	31550450	33363776	2315	16	0.0001853960	0.000000256753
2	33363777	35345027	4628	16	-0.0000037835	0.000000245762
2	35345028	36122005	2251	16	-0.0000247956	0.000000243966
2	36122006	38132711	4110	16	-0.0000384844	0.000000243746
2	38132712	39031336	1602	16	0.0002017470	0.000000257703
2	39031337	40281482	1411	16	0.0002725058	0.000000261814
2	40281483	43309589	6142	16	0.0005574685	0.000000278371
2	43309590	44313802	1633	16	0.0001271208	0.000000253367
2	44313803	46482633	4263	16	-0.0000684264	0.000000242006
2	46482634	47318771	1625	16	0.0000697047	0.000000250031
2	47318772	48213000	1599	16	0.0000612693	0.000000249541
2	48213001	50022256	3610	16	-0.0000167101	0.000000245011
2	50022257	50818927	1692	16	0.0000791450	0.000000250580
2	50818928	52491132	3017	16	0.0002394584	0.000000259894
2	52491133	53508451	2543	16	0.0001706246	0.000000255895
2	53508452	54685225	2138	16	0.0004336064	0.000000271174
2	54685226	56203344	2706	16	0.0004632173	0.000000272895
2	56203345	57429099	2196	16	0.0003035112	0.000000263616
2	57429100	58297314	1889	16	0.0002763662	0.000000240408
2	58297315	60291999	2789	16	0.0001689341	0.000000255797
2	60292000	62429043	2613	16	-0.0000028491	0.000000245816
2	62429044	64625912	2763	16	0.0000870096	0.000000251037
2	64625913	65933443	2146	16	0.0002038018	0.000000257823
2	65933444	67226165	2050	16	0.0000814902	0.000000250716
2	67226166	68010175	1810	16	0.0000461667	0.000000248664
2	68010176	69139563	2123	16	0.0004678032	0.000000273161
2	69139564	70755197	2246	16	0.0001186903	0.000000252878
2	70755198	73174847	3749	16	0.0000660275	0.000000249818
2	73174848	75630085	3244	16	0.0000196724	0.000000247125
2	75630086	76913660	2634	16	0.0000079610	0.000000246444
2	76913661	78079263	2622	16	0.0002021091	0.000000257724
2	78079264	80050402	4118	16	0.0001720100	0.000000255975
2	80050403	81620840	2478	16	-0.0000023813	0.000000245843
2	81620841	85140679	6261	16	0.0000551150	0.000000249184
2	85140680	88038506	3417	16	0.0002810323	0.000000262310
2	88038507	89154525	1163	16	0.0001569323	0.000000222299
2	89154526	95326451	485	16	-0.0000028666	0.000000140688
2	95326452	98995200	2515	16	0.0000934075	0.000000251409
2	98995201	101822328	4124	16	0.0001270300	0.000000253362
2	101822329	102688764	1429	16	0.0003270249	0.000000257524
2	102688765	103588214	1691	16	0.0001319583	0.000000240504
2	103588215	105125033	1628	16	0.0000651672	0.000000249768
2	105125034	106210057	1953	16	-0.0000713968	0.000000241833
2	106210058	107408266	2455	16	-0.0000304563	0.000000244212
2	107408267	108429176	1990	16	0.0002178839	0.000000258641
2	108429177	110572431	2962	16	0.0000221534	0.000000247269
2	110572432	113921855	3566	16	0.0000740355	0.000000250283
2	113921856	116772469	4283	16	0.0003096010	0.000000263970
2	116772470	118367465	2691	16	0.0002268793	0.000000259163
2	118367466	121303782	4745	16	0.0001933566	0.000000257216
2	121303783	123302905	2941	16	0.0003167198	0.000000264383
2	123302906	124732249	2963	16	0.0000535652	0.000000249094
2	124732250	125840920	2064	16	0.0002235452	0.000000258970
2	125840921	127373763	3163	16	0.0001614452	0.000000255362
2	127373764	128034346	1540	16	0.0000839880	0.000000250861
2	128034347	129474440	2388	16	0.0001155472	0.000000252695
2	129474441	130067169	1252	16	0.0000439337	0.000000185725
2	130067170	130658084	1049	16	0.0000831088	0.000000163150
2	130658085	133042783	3171	16	0.0001113470	0.000000252451
2	133042784	135158577	3669	16	-0.0000058368	0.000000245642
2	135158578	137042793	1974	16	0.0001824768	0.000000256584
2	137042794	138698116	3214	16	-0.0000126447	0.000000245247
2	138698117	140100270	2305	16	-0.0000573250	0.000000242651
2	140100271	141805350	3417	16	-0.0000464346	0.000000243284
2	141805351	142518601	1731	16	0.0002015365	0.000000257115
2	142518602	144519483	3255	16	0.0001578213	0.000000255151
2	144519484	146445569	1725	16	0.0002078022	0.000000258055
2	146445570	147277161	839	16	0.0001068157	0.000000138912
2	147277162	150210291	3440	16	0.0001601620	0.000000255287
2	150210292	151731461	2284	16	0.0004376902	0.000000271412
2	151731462	152486781	1345	16	0.0001642483	0.000000205666
2	152486782	154005055	2369	16	0.0003295211	0.000000265127
2	154005056	155391134	2760	16	0.0001750253	0.000000256151
2	155391135	157560634	3044	16	0.0001010528	0.000000251853
2	157560635	158533217	733	16	0.0000417305	0.000000165982
2	158533218	159577081	1866	16	0.0002010477	0.000000257663
2	159577082	161769732	3889	16	0.0002243095	0.000000259014
2	161769733	163503550	1674	16	-0.0000858562	0.000000240993
2	163503551	164466637	1249	16	0.0001998363	0.000000198511
2	164466638	165178839	811	16	0.0003525536	0.000000159660
2	165178840	167160269	2850	16	0.0010997522	0.000000309878
2	167160270	167355969	371	16	0.0001946272	0.000000069910
2	167355970	169968235	4222	16	0.0000701870	0.000000250059
2	169968236	171226244	2570	16	-0.0000715339	0.000000241825
2	171226245	173138904	3109	16	0.0001760025	0.000000256207
2	173138905	175588928	4055	16	0.0001332506	0.000000253723
2	175588929	177363635	2593	16	-0.0000446448	0.000000243388
2	177363636	178553182	1948	16	0.0000693997	0.000000250014
2	178553183	181312738	4769	16	0.0000723628	0.000000250186
2	181312739	182266030	1801	16	0.0000873799	0.000000240189
2	182266031	184357607	3156	16	0.0002397217	0.000000259910
2	184357608	185280172	2012	16	0.0001028759	0.000000223062
2	185280173	189882064	6195	16	-0.0000824111	0.000000241193
2	189882065	191973356	2538	16	0.0002677209	0.000000261536
2	191973357	195861163	4097	16	-0.0000255113	0.000000244499
2	195861164	196447455	811	16	0.0000735720	0.000000127985
2	196447456	198078109	2059	16	0.0003439975	0.000000265968
2	198078110	199311124	1386	16	0.0002972774	0.000000222136
2	199311125	201576283	2473	16	-0.0000022676	0.000000245850
2	201576284	202818636	1279	16	0.0005324943	0.000000276920
2	202818637	205799240	3346	16	0.0000849625	0.000000250918
2	205799241	206735703	1417	16	0.0000089458	0.000000246501
2	206735704	208645398	3120	16	0.0000366288	0.000000248110
2	208645399	209941528	1953	16	-0.0000883888	0.000000240846
2	209941529	212379517	4233	16	0.0002385467	0.000000259841
2	212379518	214014281	3427	16	-0.0000029840	0.000000245808
2	214014282	215573794	2520	16	0.0002682160	0.000000261565
2	215573795	217715660	3410	16	0.0000129037	0.000000246731
2	217715661	218395479	1193	16	0.0004429775	0.000000271719
2	218395480	220454550	2079	16	0.0003506751	0.000000266356
2	220454551	222521175	3954	16	-0.0000567787	0.000000242683
2	222521176	224859418	3943	16	0.0001488056	0.000000254627
2	224859419	225840003	1744	16	0.0001190262	0.000000252897
2	225840004	228119841	3710	16	0.0002032703	0.000000257792
2	228119842	229370786	2998	16	0.0001117444	0.000000252474
2	229370787	231843388	4749	16	0.0000399375	0.000000248302
2	231843389	233550002	2602	16	0.0002255586	0.000000259087
2	233550003	235150986	2863	16	0.0000863647	0.000000250999
2	235150987	236043549	2247	16	0.0001230778	0.000000253132
2	236043550	237449031	2568	16	0.0001069303	0.000000252194
2	237449032	238760980	2722	16	0.0000503897	0.000000248909
2	238760981	239952642	2602	16	0.0000841285	0.000000250869
2	239952643	241560083	4002	16	0.0001115100	0.000000252460
2	241560084	242149920	1219	16	0.0000545239	0.000000249149
2	242149921	243188919	1904	16	-0.0000015096	0.000000245894
3	60157	1441778	3034	16	0.0000205550	0.000000247176
3	1441779	2992119	4812	16	0.0000311817	0.000000247793
3	2992120	4431646	3507	16	0.0001156614	0.000000252702
3	4431647	6083182	3789	16	0.0002745812	0.000000261935
3	6083183	7083386	2364	16	0.0002138683	0.000000258407
3	7083387	8648560	3926	16	0.0001045213	0.000000252054
3	8648561	9543182	1808	16	-0.0000034590	0.000000245781
3	9543183	11019664	2434	16	0.0001156442	0.000000252701
3	11019665	13070798	3363	16	0.0002197165	0.000000258747
3	13070799	14816899	3598	16	-0.0000009605	0.000000245926
3	14816900	16282441	2286	16	0.0001228904	0.000000253122
3	16282442	17891117	2389	16	0.0001224617	0.000000253097
3	17891118	19125143	1864	16	-0.0000841674	0.000000241091
3	19125144	20091347	1093	16	0.0001192336	0.000000210171
3	20091348	21643706	3686	16	0.0001774985	0.000000256294
3	21643707	22204243	2073	16	0.0001771733	0.000000256275
3	22204244	23804864	3264	16	0.0001601179	0.000000255284
3	23804865	25461557	3382	16	0.0003016000	0.000000263505
3	25461558	26877768	2311	16	0.0001997729	0.000000257588
3	26877769	27840909	1734	16	0.0002541718	0.000000260749
3	27840910	29142259	2114	16	0.0000224432	0.000000247286
3	29142260	30717954	3407	16	0.0000680602	0.000000249936
3	30717955	32351714	2915	16	-0.0000329765	0.000000244066
3	32351715	33255591	1657	16	-0.0000188825	0.000000244310
3	33255592	35283457	3266	16	0.0001607742	0.000000255323
3	35283458	36486841	1973	16	0.0001197927	0.000000252366
3	36486842	38356115	2329	16	0.0004552047	0.000000272429
3	38356116	40221297	3008	16	0.0001393260	0.000000254076
3	40221298	41064527	686	16	0.0001167494	0.000000141502
3	41064528	42540001	2828	16	0.0015287586	0.000000334803
3	42540002	45165152	2942	16	0.0000566713	0.000000249274
3	45165153	46657499	2895	16	0.0001905610	0.000000257053
3	46657500	47727211	826	16	0.0000308158	0.000000159609
3	47727212	49316971	870	16	0.0004417916	0.000000150194
3	49316972	51832014	1953	16	0.0005180560	0.000000268618
3	51832015	54081389	2256	16	0.0000447471	0.000000248581
3	54081390	55348859	2468	16	0.0003264779	0.000000264950
3	55348860	56433906	1713	16	0.0004011275	0.000000269287
3	56433907	58157518	2702	16	0.0001694064	0.000000255824
3	58157519	60272905	4202	16	-0.0000054398	0.000000245666
3	60272906	62355665	4299	16	0.0000713979	0.000000250130
3	62355666	63669285	2763	16	0.0000315981	0.000000247817
3	63669286	65273537	3007	16	-0.0000534787	0.000000242874
3	65273538	66270446	1772	16	0.0000760146	0.000000250398
3	66270447	68286913	3565	16	0.0000153682	0.000000246874
3	68286914	69276761	1656	16	-0.0000510538	0.000000243015
3	69276762	70449027	2186	16	0.0002338176	0.000000259566
3	70449028	72529328	3219	16	-0.0000457551	0.000000243323
3	72529329	74321816	3211	16	0.0000032981	0.000000246173
3	74321817	75704948	2567	16	0.0000433690	0.000000248501
3	75704949	77508834	3000	16	0.0000371357	0.000000248139
3	77508835	79024540	2111	16	0.0002682776	0.000000261569
3	79024541	81427309	3631	16	0.0002945626	0.000000263096
3	81427310	82643885	1718	16	0.0002615491	0.000000228364
3	82643886	84367478	2524	16	0.0000972291	0.000000251631
3	84367479	85582230	2184	16	-0.0000340263	0.000000235417
3	85582231	87409731	3003	16	0.0001331461	0.000000253717
3	87409732	88298372	1611	16	0.0003849166	0.000000186334
3	88298373	94255315	3740	16	0.0003018230	0.000000263518
3	94255316	95311970	2057	16	0.0003017275	0.000000221844
3	95311971	98215949	4408	16	0.0001134833	0.000000252575
3	98215950	99373761	2202	16	0.0004589088	0.000000272644
3	99373762	100592216	1338	16	0.0001687752	0.000000219105
3	100592217	103084959	4282	16	0.0000211304	0.000000247209
3	103084960	104581612	3475	16	0.0000272050	0.000000247562
3	104581613	106982810	4404	16	0.0001726452	0.000000256012
3	106982811	109522394	4024	16	-0.0000400512	0.000000243655
3	109522395	110513769	1873	16	0.0000971046	0.000000199601
3	110513770	112815698	3666	16	0.0000166018	0.000000246946
3	112815699	113947862	1556	16	0.0003838904	0.000000268286
3	113947863	115447079	1664	16	0.0000969618	0.000000251615
3	115447080	116800152	2541	16	0.0004222364	0.000000270514
3	116800153	118530250	2978	16	0.0000181735	0.000000247037
3	118530251	120523054	3233	16	-0.0000326155	0.000000244087
3	120523055	121974096	2364	16	0.0005981360	0.000000280733
3	121974097	123517767	2202	16	0.0002034663	0.000000257803
3	123517768	124936641	2534	16	-0.0000094395	0.000000245433
3	124936642	126214942	3195	16	0.0000728971	0.000000250217
3	126214943	128194860	2955	16	-0.0000049437	0.000000245694
3	128194861	130244734	3019	16	0.0000922995	0.000000251344
3	130244735	131836515	2758	16	-0.0000478159	0.000000243203
3	131836516	133252172	2831	16	0.0001075432	0.000000252230
3	133252173	135456905	3534	16	0.0001840299	0.000000256674
3	135456906	137371082	2501	16	0.0004811107	0.000000273934
3	137371083	139954596	3623	16	0.0000365163	0.000000248103
3	139954597	141339096	2009	16	-0.0001097828	0.000000239603
3	141339097	143164627	3063	16	0.0001770841	0.000000256270
3	143164628	144410815	1938	16	0.0000095071	0.000000246534
3	144410816	145664618	2739	16	0.0001057863	0.000000252128
3	145664619	146726628	2071	16	0.0001105262	0.000000252403
3	146726629	149043236	3754	16	0.0000123154	0.000000246697
3	149043237	150252003	2045	16	0.0003731961	0.000000267664
3	150252004	151348729	1584	16	0.0001271142	0.000000253367
3	151348730	153256570	3410	16	0.0000522855	0.000000249019
3	153256571	154714217	2681	16	0.0001277753	0.000000253405
3	154714218	156008699	1871	16	0.0002623440	0.000000261224
3	156008700	157312027	2011	16	0.0003638028	0.000000267119
3	157312028	159477889	3648	16	-0.0000270926	0.000000244408
3	159477890	161524503	2879	16	0.0001073815	0.000000252220
3	161524504	163253204	4786	16	0.0001281481	0.000000253427
3	163253205	165055468	3506	16	0.0000487231	0.000000248812
3	165055469	167117428	3710	16	0.0002993628	0.000000263375
3	167117429	168580959	1977	16	-0.0000177995	0.000000244947
3	168580960	170964908	3367	16	0.0004660064	0.000000273057
3	170964909	172295730	2404	16	0.0000759493	0.000000250394
3	172295731	173477284	1801	16	0.0001385257	0.000000254030
3	173477285	175116538	3294	16	0.0001273312	0.000000253380
3	175116539	176320286	2236	16	-0.0000563397	0.000000242708
3	176320287	178107164	3122	16	0.0001779044	0.000000256318
3	178107165	179374585	2192	16	0.0002276596	0.000000259209
3	179374586	181511165	2548	16	0.0003586227	0.000000266818
3	181511166	183769682	3312	16	0.0002205095	0.000000258793
3	183769683	185068254	2056	16	0.0002281330	0.000000259236
3	185068255	186890343	2873	16	0.0001176180	0.000000252815
3	186890344	188856213	3156	16	-0.0000444338	0.000000243400
3	188856214	190226606	3241	16	0.0002419555	0.000000260039
3	190226607	192343813	4585	16	0.0000673307	0.000000249894
3	192343814	194059670	3357	16	0.0001853881	0.000000256753
3	194059671	194786673	2202	16	0.0002840089	0.000000262483
3	194786674	195971407	2276	16	0.0002480418	0.000000260393
3	195971408	197075986	2010	16	0.0000892846	0.000000251169
3	197075987	197946621	1459	16	-0.0000331267	0.000000244057
4	10240	694714	811	16	0.0000619659	0.000000155707
4	694715	1478710	1485	16	0.0004585019	0.000000272621
4	1478711	2842978	2160	16	0.0001054767	0.000000252110
4	2842979	3846039	1734	16	0.0002126734	0.000000258338
4	3846040	4684115	2710	16	0.0001890049	0.000000256963
4	4684116	5502387	1922	16	0.0000718946	0.000000250159
4	5502388	6773042	3006	16	-0.0000144874	0.000000245140
4	6773043	7539691	2181	16	0.0001626267	0.000000255430
4	7539692	8152234	1674	16	0.0000531181	0.000000249068
4	8152235	9326478	2492	16	0.0000543096	0.000000249137
4	9326479	10699151	3444	16	-0.0000456763	0.000000243328
4	10699152	12323033	3724	16	-0.0000194145	0.000000244854
4	12323034	14272000	3869	16	0.0003047222	0.000000263686
4	14272001	15147445	1719	16	0.0000300175	0.000000247726
4	15147446	15927008	1267	16	0.0001873192	0.000000249983
4	15927009	17383321	2829	16	0.0001640394	0.000000255512
4	17383322	18841873	2430	16	0.0000067671	0.000000246375
4	18841874	20544556	3522	16	0.0003602644	0.000000266913
4	20544557	22319346	3570	16	0.0000315323	0.000000247814
4	22319347	24135528	3092	16	0.0000320820	0.000000247846
4	24135529	25609321	2615	16	0.0000243061	0.000000247394
4	25609322	27343721	2525	16	0.0002399900	0.000000259925
4	27343722	27965867	1247	16	0.0001529219	0.000000219293
4	27965868	29762207	3971	16	-0.0000497196	0.000000243093
4	29762208	30454534	1115	16	0.0001476527	0.000000166877
4	30454535	31782980	2672	16	0.0000217640	0.000000247246
4	31782981	33172765	3161	16	0.0000239482	0.000000247373
4	33172766	35151414	2940	16	0.0003412498	0.000000265808
4	35151415	36020435	2329	16	0.0000811568	0.000000250697
4	36020436	37255046	2922	16	0.0001347911	0.000000253813
4	37255047	38907021	3751	16	0.0000373354	0.000000248151
4	38907022	40202608	2398	16	-0.0000074804	0.000000245547
4	40202609	42213057	3767	16	-0.0000947918	0.000000240474
4	42213058	43965044	3398	16	-0.0000603495	0.000000242475
4	43965045	45189156	2539	16	0.0000065753	0.000000246364
4	45189157	47411895	2942	16	0.0003284624	0.000000265065
4	47411896	48123599	1199	16	0.0001888569	0.000000180268
4	48123600	53877432	2701	16	0.0001104756	0.000000252400
4	53877433	55429555	2554	16	0.0000384451	0.000000248215
4	55429556	56547643	2118	16	0.0000856374	0.000000250957
4	56547644	58935007	5039	16	0.0001109421	0.000000252427
4	58935008	60741086	4064	16	0.0003269203	0.000000264976
4	60741087	62371762	3354	16	0.0000946976	0.000000251484
4	62371763	64341000	3695	16	0.0000586765	0.000000249391
4	64341001	66600491	4317	16	0.0000241484	0.000000247385
4	66600492	68059496	2699	16	0.0001689694	0.000000255799
4	68059497	68854764	1485	16	0.0000238271	0.000000197535
4	68854765	71049151	5328	16	-0.0000350559	0.000000243945
4	71049152	72140557	1812	16	0.0000175845	0.000000220908
4	72140558	74592389	3269	16	0.0002382100	0.000000259822
4	74592390	77130706	4369	16	0.0000922394	0.000000251341
4	77130707	79093978	3790	16	0.0002390115	0.000000259868
4	79093979	80990296	3051	16	0.0001888176	0.000000256952
4	80990297	82125314	1324	16	0.0000344647	0.000000184105
4	82125315	83372592	2102	16	0.0003573974	0.000000266747
4	83372593	84799655	2616	16	0.0002036232	0.000000257812
4	84799656	86930608	3423	16	0.0001372465	0.000000253956
4	86930609	87534647	704	16	0.0001223968	0.000000107299
4	87534648	89238027	2916	16	0.0006723822	0.000000285047
4	89238028	90231563	1686	16	-0.0000316206	0.000000244144
4	90231564	91560676	2000	16	-0.0000072078	0.000000245563
4	91560677	94233298	3749	16	0.0000507293	0.000000248929
4	94233299	96182187	3255	16	0.0000640409	0.000000249702
4	96182188	97540702	2802	16	0.0000253140	0.000000247452
4	97540703	99424066	3232	16	-0.0001058793	0.000000239830
4	99424067	100678359	2170	16	-0.0000632284	0.000000242308
4	100678360	103221355	4492	16	0.0000338165	0.000000247946
4	103221356	105305293	2964	16	0.0000162839	0.000000246928
4	105305294	107501304	3093	16	0.0000520732	0.000000249007
4	107501305	108815347	1866	16	0.0002314250	0.000000259427
4	108815348	111256566	4076	16	0.0001374021	0.000000253965
4	111256567	113870101	3818	16	0.0000122379	0.000000246693
4	113870102	115666245	3234	16	-0.0000986821	0.000000240248
4	115666246	117276928	2898	16	0.0000218443	0.000000247251
4	117276929	118479917	2442	16	0.0000965552	0.000000251591
4	118479918	119933511	2822	16	-0.0000273448	0.000000244393
4	119933512	120392683	1192	16	0.0000875206	0.000000170726
4	120392684	122657986	4721	16	0.0004806397	0.000000273907
4	122657987	124286480	2282	16	-0.0000078005	0.000000245528
4	124286481	125210861	1713	16	-0.0000138398	0.000000245177
4	125210862	126480885	2386	16	0.0003554697	0.000000266635
4	126480886	127275476	1739	16	0.0000954275	0.000000251526
4	127275477	127830292	1163	16	0.0001175669	0.000000181443
4	127830293	128996664	1002	16	0.0001160667	0.000000168706
4	128996665	130591884	2417	16	0.0002010339	0.000000257662
4	130591885	131283820	1150	16	-0.0000878486	0.000000169035
4	131283821	132954032	3124	16	0.0002200694	0.000000258768
4	132954033	134628433	3385	16	0.0003871922	0.000000268478
4	134628434	136566406	3485	16	0.0001864961	0.000000256817
4	136566407	138541970	4230	16	0.0003554150	0.000000266631
4	138541971	139556510	1994	16	0.0000066389	0.000000246367
4	139556511	141084630	2425	16	0.0001916026	0.000000257114
4	141084631	143443264	3776	16	0.0000020418	0.000000246100
4	143443265	146178186	3684	16	0.0004997363	0.000000275016
4	146178187	148521872	3358	16	0.0000400939	0.000000248311
4	148521873	150683579	2859	16	0.0000371695	0.000000248141
4	150683580	152782183	2587	16	0.0004934329	0.000000274650
4	152782184	154477640	2436	16	0.0001507702	0.000000254741
4	154477641	155056125	1193	16	-0.0000189876	0.000000219347
4	155056126	157485096	4634	16	0.0001450395	0.000000254408
4	157485097	158743717	2104	16	0.0002678665	0.000000261545
4	158743718	161058863	3434	16	-0.0001614657	0.000000236600
4	161058864	161826434	1884	16	0.0000421887	0.000000248433
4	161826435	163243678	3838	16	0.0001984731	0.000000257513
4	163243679	164478233	2140	16	0.0002517412	0.000000260608
4	164478234	165823447	2953	16	0.0001202081	0.000000252966
4	165823448	167018857	2369	16	0.0000759920	0.000000250397
4	167018858	167852916	1694	16	0.0000705427	0.000000214518
4	167852917	169676824	3326	16	0.0001328593	0.000000253701
4	169676825	170776509	1590	16	0.0001015813	0.000000251884
4	170776510	172558634	3093	16	0.0001473463	0.000000254542
4	172558635	174264131	2199	16	0.0002070698	0.000000258012
4	174264132	176570715	3915	16	0.0000903586	0.000000251231
4	176570716	178991909	4869	16	0.0001473605	0.000000254543
4	178991910	180122042	2334	16	-0.0000156485	0.000000245072
4	180122043	182066806	4968	16	0.0001312311	0.000000253606
4	182066807	183371274	3377	16	0.0000709766	0.000000250105
4	183371275	184929454	3609	16	0.0000109406	0.000000246617
4	184929455	186909089	4785	16	-0.0000033935	0.000000245784
4	186909090	188472980	3463	16	0.0000670548	0.000000249878
4	188472981	189693510	3794	16	0.0000496735	0.000000248868
4	189693511	191043593	3216	16	0.0000709581	0.000000250104
5	11940	982251	2059	16	0.0000014298	0.000000246065
5	982252	2132441	2983	16	0.0000272701	0.000000247566
5	2132442	3361940	3755	16	-0.0000206979	0.000000244779
5	3361941	4632109	2716	16	0.0001164039	0.000000252745
5	4632110	5973232	3010	16	0.0001058243	0.000000252130
5	5973233	7143217	2647	16	0.0000859734	0.000000250977
5	7143218	8446335	2949	16	-0.0000744648	0.000000241655
5	8446336	9718831	2876	16	0.0000196626	0.000000247124
5	9718832	11173270	3022	16	-0.0000843950	0.000000241078
5	11173271	13464831	3410	16	0.0002201981	0.000000258775
5	13464832	14757803	2235	16	0.0000641368	0.000000249708
5	14757804	16963612	3108	16	0.0003016554	0.000000263508
5	16963613	18051591	1664	16	0.0001312004	0.000000253604
5	18051592	19917715	3869	16	0.0002113035	0.000000258258
5	19917716	22152072	3187	16	0.0000225998	0.000000247295
5	22152073	23494323	2300	16	0.0000285071	0.000000247638
5	23494324	26184850	5320	16	-0.0000254660	0.000000244502
5	26184851	26857603	1338	16	0.0000430464	0.000000185674
5	26857604	27984512	1910	16	0.0000774711	0.000000250483
5	27984513	29714819	3558	16	0.0001204702	0.000000252981
5	29714820	31390248	3358	16	-0.0000622135	0.000000242367
5	31390249	33500179	3826	16	0.0001188514	0.000000252887
5	33500180	35048969	2811	16	0.0000163968	0.000000246934
5	35048970	36433953	2150	16	0.0002873443	0.000000262676
5	36433954	38802409	3483	16	0.0004238377	0.000000270607
5	38802410	40287728	2677	16	0.0002613916	0.000000261169
5	40287729	41888709	3023	16	-0.0000022238	0.000000245852
5	41888710	43983498	2682	16	-0.0000073747	0.000000245553
5	43983499	50163397	4391	16	-0.0000145237	0.000000245138
5	50163398	52134621	3302	16	0.0003093637	0.000000263956
5	52134622	53703043	3217	16	0.0000707460	0.000000250092
5	53703044	55417348	3081	16	0.0001641867	0.000000255521
5	55417349	56621101	2111	16	-0.0000736865	0.000000241700
5	56621102	57340072	1244	16	-0.0000573945	0.000000190113
5	57340073	58524621	2716	16	0.0001327590	0.000000253695
5	58524622	60935906	3133	16	0.0001257150	0.000000253286
5	60935907	61672994	991	16	0.0000372549	0.000000175738
5	61672995	63218986	2779	16	-0.0000169910	0.000000244994
5	63218987	63968303	924	16	0.0000029319	0.000000131917
5	63968304	65911285	2960	16	0.0001791230	0.000000256389
5	65911286	67850859	3248	16	0.0002158694	0.000000258524
5	67850860	71240455	2244	16	0.0000558691	0.000000249228
5	71240456	73759325	4170	16	0.0001731913	0.000000256044
5	73759326	75798865	3305	16	-0.0000977482	0.000000240302
5	75798866	77623331	3053	16	0.0001653445	0.000000255588
5	77623332	79393143	2846	16	0.0001833613	0.000000256635
5	79393144	80481470	2337	16	0.0000413553	0.000000248384
5	80481471	82025647	2084	16	0.0001553328	0.000000255006
5	82025648	83972688	2538	16	0.0000022495	0.000000246112
5	83972689	85767289	4461	16	-0.0000220593	0.000000244700
5	85767290	87389990	1556	16	-0.0000008366	0.000000245933
5	87389991	88891529	1287	16	0.0016433950	0.000000320285
5	88891530	90422653	1725	16	0.0001578471	0.000000255153
5	90422654	91840541	1711	16	0.0001135402	0.000000252578
5	91840542	93809983	1612	16	0.0002639763	0.000000261319
5	93809984	95963518	2840	16	0.0002149534	0.000000258470
5	95963519	97315600	2790	16	0.0000305594	0.000000247757
5	97315601	99260991	3652	16	0.0000745194	0.000000250311
5	99260992	101578768	3532	16	0.0000938014	0.000000251431
5	101578769	103320004	2502	16	0.0001257433	0.000000253287
5	103320005	104851482	2631	16	-0.0000297116	0.000000244255
5	104851483	105893054	1373	16	0.0001905462	0.000000234305
5	105893055	107264195	2591	16	0.0000156983	0.000000246894
5	107264196	108633933	2597	16	0.0002582954	0.000000260989
5	108633934	110821143	3436	16	0.0000188629	0.000000247078
5	110821144	111981561	2110	16	0.0001290287	0.000000253478
5	111981562	113396284	2735	16	0.0001184040	0.000000252861
5	113396285	114830369	2979	16	0.0000558060	0.000000249224
5	114830370	115831046	2183	16	0.0000081045	0.000000246452
5	115831047	117346212	3027	16	0.0000072110	0.000000246401
5	117346213	118608819	2130	16	0.0000363380	0.000000248093
5	118608820	119669041	1884	16	0.0000647484	0.000000249743
5	119669042	120452165	1481	16	0.0004454602	0.000000232377
5	120452166	122556904	3777	16	0.0004806576	0.000000273908
5	122556905	123798099	2163	16	0.0001257970	0.000000253290
5	123798100	125785648	4301	16	0.0000966272	0.000000251596
5	125785649	127344603	2119	16	0.0001952783	0.000000257327
5	127344604	129519024	4007	16	0.0002317225	0.000000259445
5	129519025	132139648	2531	16	0.0006657127	0.000000284660
5	132139649	134777400	3595	16	0.0000443169	0.000000248556
5	134777401	136376049	2617	16	0.0005185966	0.000000276112
5	136376050	139265071	2790	16	0.0002148774	0.000000258466
5	139265072	140645970	1412	16	0.0004773886	0.000000255456
5	140645971	142981247	3384	16	0.0000280048	0.000000247609
5	142981248	144943353	3135	16	0.0003670963	0.000000267310
5	144943354	147181997	3341	16	-0.0000666314	0.000000242110
5	147181998	148662623	2361	16	0.0001349655	0.000000253823
5	148662624	150561297	2984	16	-0.0000110383	0.000000245340
5	150561298	152867773	4325	16	-0.0000012698	0.000000245908
5	152867774	153773087	1857	16	-0.0000024879	0.000000245837
5	153773088	155373504	2751	16	0.0000630589	0.000000249645
5	155373505	156628699	1757	16	0.0001523383	0.000000254832
5	156628700	158825697	3821	16	0.0000351899	0.000000248026
5	158825698	159973943	2023	16	-0.0000276601	0.000000244375
5	159973944	161482132	2566	16	0.0000704621	0.000000250075
5	161482133	162743907	2096	16	0.0000930525	0.000000251388
5	162743908	163771581	2040	16	0.0002298867	0.000000259338
5	163771582	165642394	2998	16	0.0000718001	0.000000250153
5	165642395	166847739	1965	16	0.0000756837	0.000000250379
5	166847740	168525317	2649	16	0.0002126933	0.000000258339
5	168525318	169505663	1744	16	0.0000586093	0.000000249387
5	169505664	171074291	2753	16	0.0002782723	0.000000262149
5	171074292	172678326	2804	16	0.0000719599	0.000000250162
5	172678327	173642870	2048	16	0.0001063224	0.000000252159
5	173642871	175450594	3541	16	-0.0000408568	0.000000243608
5	175450595	177251506	1792	16	0.0001685028	0.000000255772
5	177251507	178413463	2872	16	0.0000515661	0.000000248978
5	178413464	179401243	1859	16	0.0002725830	0.000000261819
5	179401244	180559932	2648	16	0.0001408305	0.000000254164
5	180559933	180885155	282	16	0.0000075706	0.000000081247
6	73924	1452361	2906	16	0.0000074154	0.000000246412
6	1452362	2458935	1775	16	0.0002461708	0.000000260284
6	2458936	3573592	2537	16	0.0000805833	0.000000250664
6	3573593	4617816	2487	16	-0.0000143825	0.000000245146
6	4617817	5791471	2407	16	0.0002403516	0.000000259946
6	5791472	6785206	2369	16	0.0000413144	0.000000248382
6	6785207	7808935	2296	16	0.0000288835	0.000000247660
6	7808936	9020025	2713	16	-0.0000130337	0.000000245224
6	9020026	10540316	3086	16	0.0000429302	0.000000248476
6	10540317	11790815	2105	16	0.0004723504	0.000000273425
6	11790816	13209387	2270	16	0.0001411284	0.000000254181
6	13209388	14802923	2709	16	0.0000579296	0.000000249347
6	14802924	17386404	4392	16	0.0001256070	0.000000253279
6	17386405	19207486	3552	16	0.0002158387	0.000000258522
6	19207487	21684064	4351	16	0.0004402005	0.000000271557
6	21684065	22748306	2412	16	0.0002649131	0.000000261373
6	22748307	23936618	2690	16	0.0001519399	0.000000254809
6	23936619	24852274	1765	16	0.0003375214	0.000000265592
6	24852275	25684586	1732	16	0.0003122137	0.000000264121
6	25684587	26791232	1598	16	0.0001025063	0.000000216925
6	26791233	28017818	1657	16	-0.0000606761	0.000000181821
6	28017819	28917607	1445	16	0.0000208619	0.000000110666
6	28917608	29737970	1871	16	0.0001337745	0.000000193072
6	29737971	30798167	5629	16	0.0000454254	0.000000248621
6	30798168	31571217	6519	16	0.0000148244	0.000000246843
6	31571218	32682663	9455	16	0.0004600200	0.000000272133
6	32682664	33236496	3301	16	0.0001610440	0.000000255338
6	33236497	35455755	3515	16	0.0002603624	0.000000261109
6	35455756	37572595	3341	16	0.0002124417	0.000000258325
6	37572596	39295676	3371	16	0.0001103741	0.000000252394
6	39295677	40345114	1597	16	0.0000481675	0.000000248780
6	40345115	42038720	2905	16	0.0000499664	0.000000248885
6	42038721	43756168	2001	16	0.0001430701	0.000000254294
6	43756169	45406562	2709	16	0.0000604989	0.000000249497
6	45406563	47311897	2962	16	0.0003866789	0.000000268448
6	47311898	48391124	2031	16	0.0001849574	0.000000254428
6	48391125	50386144	3567	16	0.0004681863	0.000000273183
6	50386145	52210475	2791	16	0.0000877869	0.000000251082
6	52210476	53279101	1978	16	0.0002412875	0.000000260000
6	53279102	55468269	4529	16	0.0001867405	0.000000256831
6	55468270	56105312	1508	16	0.0000916646	0.000000156389
6	56105313	57599464	1753	16	0.0003974867	0.000000269076
6	57599465	61880511	2273	16	0.0000691665	0.000000207270
6	61880512	63552887	3380	16	0.0000077742	0.000000246433
6	63552888	65765741	3554	16	0.0002100696	0.000000258187
6	65765742	67329214	3996	16	0.0001293935	0.000000253499
6	67329215	68849482	4072	16	0.0001378141	0.000000253989
6	68849483	69523447	1728	16	0.0000882645	0.000000189364
6	69523448	71609509	3778	16	0.0002251052	0.000000259060
6	71609510	73450096	3345	16	0.0001786944	0.000000256364
6	73450097	75462002	3821	16	0.0002879809	0.000000262713
6	75462003	77414880	2580	16	0.0000171507	0.000000246978
6	77414881	78957727	3499	16	0.0002028546	0.000000257768
6	78957728	80691169	3377	16	0.0003867571	0.000000268452
6	80691170	81929221	3019	16	0.0001837525	0.000000256658
6	81929222	83127148	1910	16	0.0003153402	0.000000264303
6	83127149	85209988	2563	16	0.0002310343	0.000000259405
6	85209989	87069499	3744	16	0.0002639917	0.000000261320
6	87069500	88822139	3133	16	0.0001163996	0.000000252744
6	88822140	89973051	2038	16	-0.0000244037	0.000000244564
6	89973052	91843195	2966	16	0.0001649248	0.000000255564
6	91843196	93428643	2610	16	0.0001408678	0.000000254166
6	93428644	94118141	1620	16	0.0000597324	0.000000239722
6	94118142	94441174	460	16	0.0002106074	0.000000065874
6	94441175	97093510	4252	16	0.0002037439	0.000000257819
6	97093511	97842283	1195	16	-0.0000632449	0.000000147963
6	97842284	100630145	4156	16	0.0001400850	0.000000254121
6	100630146	102636771	2718	16	0.0001425966	0.000000254267
6	102636772	103983394	2650	16	0.0001096720	0.000000252354
6	103983395	106056732	3768	16	-0.0000477452	0.000000243208
6	106056733	107450305	2839	16	-0.0001067635	0.000000239779
6	107450306	108464379	1439	16	0.0002628282	0.000000261252
6	108464380	110304246	2468	16	0.0000345660	0.000000247990
6	110304247	112345013	3013	16	0.0000688340	0.000000249981
6	112345014	114220832	2843	16	0.0000912491	0.000000251283
6	114220833	116131395	3325	16	0.0002883707	0.000000262736
6	116131396	117672971	2271	16	0.0001105097	0.000000252402
6	117672972	118963114	1684	16	0.0000834363	0.000000233724
6	118963115	119963277	1604	16	-0.0000071502	0.000000230163
6	119963278	120512127	1080	16	0.0001449429	0.000000131102
6	120512128	121905675	2656	16	0.0000170614	0.000000246973
6	121905676	123856180	3577	16	0.0002194739	0.000000258733
6	123856181	125424382	2467	16	0.0002267517	0.000000259156
6	125424383	127540460	1993	16	0.0007064977	0.000000287029
6	127540461	129861030	3023	16	0.0001385258	0.000000254030
6	129861031	130935453	2263	16	0.0001110308	0.000000252433
6	130935454	132765668	2949	16	0.0000822211	0.000000250759
6	132765669	134244242	2361	16	0.0002676601	0.000000261533
6	134244243	136224176	2655	16	0.0002041209	0.000000257841
6	136224177	137614217	1238	16	0.0000907462	0.000000251254
6	137614218	138822628	2192	16	-0.0000215532	0.000000244729
6	138822629	139845435	1893	16	0.0001230507	0.000000253131
6	139845436	142288478	3189	16	0.0002343018	0.000000259595
6	142288479	145319809	4182	16	0.0001747532	0.000000256135
6	145319810	146665423	1780	16	0.0001668324	0.000000200925
6	146665424	148920351	3849	16	-0.0000134481	0.000000245200
6	148920352	150253403	2504	16	0.0002381292	0.000000259817
6	150253404	151912702	3937	16	0.0008080601	0.000000292930
6	151912703	153094495	2170	16	0.0009489543	0.000000301116
6	153094496	154974119	4158	16	0.0001366223	0.000000253919
6	154974120	156763325	3247	16	0.0001594710	0.000000255247
6	156763326	158218718	2101	16	0.0003393140	0.000000265696
6	158218719	160580496	4958	16	-0.0000322113	0.000000244110
6	160580497	162169563	3246	16	-0.0000495205	0.000000243104
6	162169564	162931202	1802	16	0.0001190717	0.000000252900
6	162931203	164383520	3281	16	0.0004099877	0.000000269802
6	164383521	165586863	3112	16	0.0000194969	0.000000247114
6	165586864	167024732	3499	16	0.0000801347	0.000000250637
6	167024733	168042834	2343	16	0.0001805782	0.000000256473
6	168042835	169382049	3915	16	0.0002188850	0.000000258699
6	169382050	170330172	2024	16	-0.0000261608	0.000000244462
6	170330173	171051269	1489	16	0.0000345931	0.000000247991
7	16161	972751	2542	16	0.0002578458	0.000000260963
7	972752	1353066	1030	16	0.0000577744	0.000000249338
7	1353067	2062397	1359	16	0.0000736881	0.000000250263
7	2062398	2772226	1324	16	0.0001667960	0.000000255672
7	2772227	4573427	4632	16	0.0001646243	0.000000255546
7	4573428	5416231	1904	16	0.0000912888	0.000000251286
7	5416232	5854525	706	16	0.0000443107	0.000000244538
7	5854526	6573856	1183	16	-0.0000728439	0.000000241749
7	6573857	7808751	3244	16	0.0002491863	0.000000260459
7	7808752	9123422	3243	16	-0.0000412192	0.000000243587
7	9123423	9987498	2624	16	-0.0000071859	0.000000245564
7	9987499	11299197	3262	16	-0.0000440685	0.000000243421
7	11299198	12635460	3969	16	-0.0000997350	0.000000240187
7	12635461	13884201	3330	16	0.0002344364	0.000000259602
7	13884202	15143656	1713	16	0.0000138482	0.000000246786
7	15143657	16902068	3590	16	0.0002621382	0.000000261212
7	16902069	19481546	4071	16	0.0001989558	0.000000257541
7	19481547	20124907	1456	16	0.0001842167	0.000000256109
7	20124908	22507628	5105	16	0.0000833986	0.000000250827
7	22507629	23471441	1558	16	0.0000119960	0.000000246679
7	23471442	25077258	3420	16	-0.0000221990	0.000000244692
7	25077259	25909554	1793	16	0.0003609637	0.000000266954
7	25909555	28360308	3719	16	0.0000919870	0.000000251326
7	28360309	31137288	4964	16	0.0000831020	0.000000250810
7	31137289	33555767	5137	16	0.0003022689	0.000000263544
7	33555768	36213537	4687	16	0.0001810085	0.000000256498
7	36213538	37555183	2535	16	0.0000519863	0.000000249002
7	37555184	38966702	3154	16	0.0006439877	0.000000283397
7	38966703	39862669	1541	16	0.0005400342	0.000000277358
7	39862670	42001810	2854	16	0.0000720969	0.000000250170
7	42001811	43159073	2093	16	0.0004254039	0.000000270698
7	43159074	44763827	2469	16	0.0000427931	0.000000248468
7	44763828	45952921	2169	16	0.0000845546	0.000000250894
7	45952922	46986719	2249	16	0.0005530221	0.000000278112
7	46986720	49212277	4823	16	0.0001546741	0.000000254968
7	49212278	51675321	4770	16	0.0000634864	0.000000249670
7	51675322	53176311	4305	16	0.0001389452	0.000000254054
7	53176312	54222975	2577	16	-0.0000472483	0.000000243236
7	54222976	55691583	3193	16	0.0001153719	0.000000252685
7	55691584	57382637	3394	16	0.0000413080	0.000000248382
7	57382638	63307358	3380	16	0.0001461466	0.000000254473
7	63307359	63641124	618	16	-0.0001031095	0.000000062856
7	63641125	65689808	3149	16	0.0001273014	0.000000253378
7	65689809	68234073	6419	16	0.0001075219	0.000000252229
7	68234074	69085363	1723	16	0.0001850675	0.000000256734
7	69085364	71874884	4518	16	-0.0001354263	0.000000238113
7	71874885	73334601	1211	16	0.0001374048	0.000000253965
7	73334602	76458563	3187	16	0.0002488205	0.000000260438
7	76458564	78093858	3300	16	-0.0000032360	0.000000245794
7	78093859	79888068	3337	16	0.0000586837	0.000000249391
7	79888069	82022685	3260	16	0.0001483361	0.000000254600
7	82022686	83801202	3530	16	0.0001123594	0.000000252510
7	83801203	85572181	2732	16	0.0000679215	0.000000249928
7	85572182	87825003	3022	16	0.0002543250	0.000000260758
7	87825004	90661783	5543	16	0.0001649979	0.000000255568
7	90661784	92493751	1916	16	0.0000573626	0.000000249314
7	92493752	93966600	1708	16	-0.0000028141	0.000000245818
7	93966601	96073507	2868	16	0.0003652536	0.000000267203
7	96073508	97099569	1617	16	0.0011893864	0.000000315085
7	97099570	98715473	2896	16	0.0001088367	0.000000252305
7	98715474	100196650	1183	16	0.0003796145	0.000000221963
7	100196651	101199252	1774	16	0.0000441043	0.000000248544
7	101199253	103197509	2712	16	0.0001998086	0.000000257591
7	103197510	104159524	2276	16	0.0004606631	0.000000272746
7	104159525	105682904	2304	16	0.0001991162	0.000000257550
7	105682905	107780177	3322	16	0.0000518159	0.000000248992
7	107780178	109647593	3150	16	0.0003122806	0.000000264125
7	109647594	112618683	3766	16	0.0002877201	0.000000262698
7	112618684	113712386	1414	16	-0.0000075481	0.000000201729
7	113712387	116780177	3421	16	0.0000655796	0.000000249792
7	116780178	118351580	1749	16	0.0002565866	0.000000243773
7	118351581	121045272	2769	16	0.0009049557	0.000000298560
7	121045273	121933629	1410	16	0.0000391733	0.000000202791
7	121933630	124156804	3718	16	-0.0000322509	0.000000244108
7	124156805	124167551	27	3	0.0000811467	0.000000010350
7	124167552	126519169	4685	16	0.0002521342	0.000000260631
7	126519170	126869220	490	16	0.0005186118	0.000000105452
7	126869221	128778385	2987	16	0.0001006688	0.000000251830
7	128778386	130422413	2391	16	0.0002562308	0.000000260869
7	130422414	132805847	3937	16	-0.0000342425	0.000000243992
7	132805848	134307595	2210	16	0.0001501798	0.000000254707
7	134307596	135591082	2248	16	0.0002006996	0.000000257642
7	135591083	136876561	2308	16	0.0002423772	0.000000260064
7	136876562	138744678	2896	16	0.0000712731	0.000000250123
7	138744679	139933176	1405	16	0.0000999438	0.000000251788
7	139933177	140235209	749	16	0.0001508204	0.000000188695
7	140235210	141226556	1181	16	-0.0000635736	0.000000201778
7	141226557	142656309	2042	16	0.0001343281	0.000000253786
7	142656310	144968288	3050	16	0.0001244890	0.000000253214
7	144968289	146427959	2718	16	0.0000664110	0.000000249840
7	146427960	147815317	3116	16	0.0000346616	0.000000247995
7	147815318	149840657	3614	16	0.0001401159	0.000000254122
7	149840658	150711504	2007	16	0.0000360748	0.000000248078
7	150711505	152249805	2155	16	0.0003450718	0.000000266030
7	152249806	153674018	3474	16	0.0001682748	0.000000255758
7	153674019	154964729	2802	16	0.0000303035	0.000000247742
7	154964730	156065249	2788	16	0.0001717362	0.000000255960
7	156065250	157634596	3288	16	0.0001883219	0.000000256923
7	157634597	159128574	3401	16	0.0002349160	0.000000259630
8	10422	1044216	2358	16	0.0001000737	0.000000251796
8	1044217	1163244	494	16	0.0001899758	0.000000157433
8	1163245	2042941	2611	16	0.0003191856	0.000000264526
8	2042942	2573278	1878	16	0.0000389627	0.000000248245
8	2573279	3392925	3133	16	0.0001603094	0.000000255296
8	3392926	3783016	2019	16	0.0001731642	0.000000256042
8	3783017	4480475	3029	16	0.0001903762	0.000000257043
8	4480476	5146926	2426	16	0.0000815729	0.000000250721
8	5146927	6142796	4229	16	0.0001349693	0.000000253823
8	6142797	7153078	2798	16	0.0002294083	0.000000259310
8	7153079	9154693	2990	16	0.0004045114	0.000000269484
8	9154694	9640786	1033	16	0.0000950966	0.000000224286
8	9640787	10463196	2075	16	-0.0000088743	0.000000245466
8	10463197	11278997	1627	16	0.0001908325	0.000000257069
8	11278998	13491774	4988	16	0.0001432416	0.000000254304
8	13491775	13944991	2129	16	0.0002627502	0.000000261247
8	13944992	15991659	5827	16	0.0001140282	0.000000252607
8	15991660	17387875	2926	16	0.0000571286	0.000000249301
8	17387876	17836398	1254	16	0.0000926097	0.000000251362
8	17836399	19492839	4013	16	0.0001485579	0.000000254613
8	19492840	20060855	1163	16	0.0000748358	0.000000250330
8	20060856	21661736	3326	16	0.0002343062	0.000000259595
8	21661737	22897056	1808	16	0.0000484830	0.000000248798
8	22897057	24674717	3269	16	0.0001121567	0.000000252498
8	24674718	25483453	1454	16	0.0001867426	0.000000239719
8	25483454	26682524	2751	16	-0.0000122359	0.000000245271
8	26682525	28162391	3214	16	-0.0001029633	0.000000239999
8	28162392	29327895	1588	16	0.0000587111	0.000000249393
8	29327896	31133728	2672	16	0.0000109749	0.000000246619
8	31133729	31548359	865	16	0.0001881017	0.000000138076
8	31548360	32977217	2310	16	0.0001597036	0.000000255260
8	32977218	35317231	3467	16	0.0001832320	0.000000256627
8	35317232	37379388	1701	16	0.0000099908	0.000000246562
8	37379389	38938805	1573	16	0.0002000889	0.000000257607
8	38938806	40703336	3793	16	-0.0000033243	0.000000245788
8	40703337	41721453	2011	16	0.0003498384	0.000000266307
8	41721454	42773822	924	16	0.0003235860	0.000000205133
8	42773823	46841314	561	16	0.0001676511	0.000000139904
8	46841315	50082469	2728	16	0.0000570430	0.000000249296
8	50082470	53302929	5543	16	0.0000346090	0.000000247992
8	53302930	54418043	2248	16	0.0000571832	0.000000249304
8	54418044	55945580	2328	16	0.0002734725	0.000000261870
8	55945581	56956382	1720	16	0.0002183612	0.000000258668
8	56956383	59068650	4198	16	0.0001682971	0.000000255760
8	59068651	59728099	1360	16	0.0000678886	0.000000223826
8	59728100	62329098	3910	16	0.0000343715	0.000000247979
8	62329099	63349305	1890	16	-0.0000652812	0.000000233032
8	63349306	65232871	2835	16	0.0003200019	0.000000264574
8	65232872	66489089	1776	16	0.0004160673	0.000000270155
8	66489090	69863056	4319	16	0.0000316375	0.000000247820
8	69863057	70867978	1864	16	0.0000711876	0.000000250118
8	70867979	72289453	2320	16	0.0004245810	0.000000270650
8	72289454	73817198	3207	16	0.0002436858	0.000000260140
8	73817199	75445063	2667	16	0.0000278179	0.000000247598
8	75445064	76456541	1627	16	0.0000490377	0.000000237963
8	76456542	79132860	4537	16	0.0002940255	0.000000263065
8	79132861	81956394	4016	16	0.0001647185	0.000000255552
8	81956395	82693738	1055	16	0.0002091378	0.000000187269
8	82693739	84225588	3200	16	0.0001139548	0.000000252602
8	84225589	85955618	2881	16	0.0002259365	0.000000259109
8	85955619	87411708	1312	16	0.0000152161	0.000000191066
8	87411709	89085480	2821	16	-0.0000140717	0.000000245164
8	89085481	90638161	2590	16	0.0001264058	0.000000253326
8	90638162	93554385	3314	16	0.0002980545	0.000000263299
8	93554386	95005526	1659	16	0.0000369737	0.000000248130
8	95005527	96534805	2809	16	0.0000559776	0.000000249234
8	96534806	99401580	4761	16	0.0001031464	0.000000251974
8	99401581	101620957	1835	16	0.0000389847	0.000000248247
8	101620958	104123305	4298	16	0.0001559604	0.000000255043
8	104123306	104988751	1947	16	0.0000285418	0.000000184835
8	104988752	107410753	4093	16	0.0000280266	0.000000247610
8	107410754	108648176	2214	16	0.0001830268	0.000000256616
8	108648177	109248172	1064	16	0.0002191750	0.000000138367
8	109248173	110484313	2068	16	0.0000503166	0.000000236332
8	110484314	111850846	1516	16	-0.0000901271	0.000000202995
8	111850847	113064319	1575	16	0.0002336264	0.000000168723
8	113064320	116096494	5299	16	0.0002583434	0.000000260991
8	116096495	119685456	4643	16	0.0003656458	0.000000267226
8	119685457	121201699	2593	16	0.0015322071	0.000000335003
8	121201700	124861458	5975	16	-0.0000692279	0.000000241959
8	124861459	125683718	1427	16	0.0001078008	0.000000252245
8	125683719	126410916	1308	16	0.0002127387	0.000000258342
8	126410917	128659110	4336	16	0.0001160933	0.000000252727
8	128659111	130381138	3183	16	0.0002352084	0.000000259647
8	130381139	131639624	2347	16	0.0002036216	0.000000257812
8	131639625	133351143	3681	16	-0.0000809644	0.000000241278
8	133351144	134570000	2413	16	0.0001831177	0.000000256621
8	134570001	136035604	3517	16	0.0001947071	0.000000257294
8	136035605	137524150	2741	16	0.0000324858	0.000000247869
8	137524151	139254829	4233	16	0.0002215004	0.000000258851
8	139254830	140725642	2886	16	0.0000701787	0.000000250059
8	140725643	143044913	3912	16	0.0000889802	0.000000251151
8	143044914	144236880	2904	16	0.0002281680	0.000000259238
8	144236881	146303866	2399	16	0.0003740880	0.000000267716
9	10023	1079706	2777	16	0.0001416105	0.000000254209
9	1079707	1916876	2336	16	0.0002376937	0.000000259792
9	1916877	3190063	3085	16	0.0001806731	0.000000256479
9	3190064	4495327	2601	16	0.0000582673	0.000000249367
9	4495328	4884925	921	16	-0.0000394790	0.000000243688
9	4884926	6557588	2495	16	0.0001079404	0.000000252253
9	6557589	7154922	1714	16	0.0001159504	0.000000252718
9	7154923	8456298	3500	16	0.0001878553	0.000000256896
9	8456299	9166402	1615	16	0.0004757857	0.000000273625
9	9166403	10879252	4330	16	0.0000276580	0.000000247589
9	10879253	12276488	3586	16	0.0004779650	0.000000273752
9	12276489	14836362	5303	16	0.0001458212	0.000000254454
9	14836363	16659654	3508	16	0.0002433955	0.000000260123
9	16659655	18661050	4529	16	0.0001958683	0.000000257362
9	18661051	20463533	3494	16	-0.0000107690	0.000000245356
9	20463534	22206558	2700	16	0.0001488472	0.000000254630
9	22206559	24158517	2863	16	-0.0000527855	0.000000242915
9	24158518	25330809	1714	16	0.0001638043	0.000000254923
9	25330810	26111756	1438	16	0.0001160726	0.000000252725
9	26111757	28224282	4025	16	0.0000369724	0.000000248130
9	28224283	28811583	1151	16	0.0002990651	0.000000258762
9	28811584	30387391	3703	16	0.0000167548	0.000000246955
9	30387392	31310382	1977	16	0.0002034494	0.000000254928
9	31310383	32019367	1723	16	0.0000628667	0.000000187357
9	32019368	33578333	3259	16	0.0000160093	0.000000246912
9	33578334	34642242	1868	16	0.0002111152	0.000000249082
9	34642243	36743282	2562	16	0.0003184303	0.000000264482
9	36743283	38641598	3286	16	0.0001885328	0.000000256935
9	38641599	65472189	500	16	0.0002187070	0.000000147886
9	65472190	72512710	2567	16	0.0001110198	0.000000252432
9	72512711	72753754	451	16	0.0000560633	0.000000060165
9	72753755	74253039	2668	16	0.0000900475	0.000000251213
9	74253040	76203945	2906	16	0.0000242128	0.000000247388
9	76203946	76973080	1083	16	0.0001333633	0.000000155193
9	76973081	78900182	3652	16	-0.0000044206	0.000000245725
9	78900183	79471207	1194	16	0.0000774033	0.000000250479
9	79471208	81079054	2653	16	0.0000709743	0.000000250105
9	81079055	82590927	2413	16	0.0001360892	0.000000253888
9	82590928	84211232	4044	16	-0.0000394659	0.000000243689
9	84211233	85440800	1429	16	0.0002360868	0.000000259698
9	85440801	86938195	2723	16	0.0002342785	0.000000259593
9	86938196	88109332	2006	16	0.0001263268	0.000000253321
9	88109333	88590416	424	16	0.0001838322	0.000000096062
9	88590417	90136245	2648	16	0.0001526200	0.000000254849
9	90136246	92528697	4589	16	0.0000412705	0.000000248379
9	92528698	94167202	2977	16	0.0002443779	0.000000260180
9	94167203	96671697	4082	16	0.0000532594	0.000000249076
9	96671698	98922039	3525	16	0.0005420369	0.000000277474
9	98922040	101592858	3766	16	0.0000456794	0.000000248636
9	101592859	104624436	4420	16	0.0002308667	0.000000259395
9	104624437	105967975	3647	16	0.0000269183	0.000000247546
9	105967976	107581748	3388	16	0.0002058597	0.000000257942
9	107581749	109298753	2819	16	0.0001629181	0.000000255447
9	109298754	110695061	2460	16	0.0000769217	0.000000250451
9	110695062	112778023	4371	16	0.0006147181	0.000000281697
9	112778024	114831081	4261	16	0.0004685394	0.000000273204
9	114831082	115693144	1570	16	0.0000124966	0.000000234705
9	115693145	117019800	2326	16	-0.0000486852	0.000000243153
9	117019801	117921959	1558	16	0.0002250185	0.000000258480
9	117921960	121321536	6322	16	-0.0000194833	0.000000244850
9	121321537	122260296	1471	16	0.0000882842	0.000000251111
9	122260297	124871321	3143	16	0.0000532962	0.000000249078
9	124871322	126971886	2804	16	0.0001390609	0.000000254061
9	126971887	129059664	2250	16	0.0000122215	0.000000246692
9	129059665	130055509	1394	16	0.0000087796	0.000000246492
9	130055510	132165469	2012	16	0.0000137904	0.000000246783
9	132165470	133223216	1771	16	0.0001773695	0.000000256287
9	133223217	134127887	1458	16	0.0004932977	0.000000274642
9	134127888	135298841	1825	16	0.0000388255	0.000000248237
9	135298842	137041121	3317	16	-0.0000600140	0.000000242495
9	137041122	137589363	1091	16	0.0000511153	0.000000248951
9	137589364	138938977	3083	16	0.0001111709	0.000000252441
9	138938978	139500341	851	16	0.0002977716	0.000000263282
9	139500342	141144795	2037	16	0.0003302733	0.000000265171
10	60523	751338	617	16	-0.0000174922	0.000000184319
10	751339	1523543	1796	16	0.0000146202	0.000000246831
10	1523544	2254499	2074	16	0.0001649822	0.000000255567
10	2254500	3352698	2989	16	0.0001608894	0.000000255329
10	3352699	4572273	2654	16	0.0001957528	0.000000257355
10	4572274	5983761	3766	16	0.0001028581	0.000000251958
10	5983762	7171483	2965	16	0.0000100559	0.000000246566
10	7171484	8774664	3770	16	0.0000748367	0.000000250330
10	8774665	10249395	3027	16	0.0002506955	0.000000260547
10	10249396	12586796	4743	16	0.0000837079	0.000000250845
10	12586797	13321599	1884	16	0.0000367059	0.000000248114
10	13321600	15026067	3815	16	-0.0000375661	0.000000243799
10	15026068	16551766	2894	16	-0.0000337700	0.000000244020
10	16551767	18537266	3442	16	-0.0000553107	0.000000242768
10	18537267	19716877	3127	16	0.0001310282	0.000000253594
10	19716878	22772282	4802	16	-0.0001032259	0.000000239984
10	22772283	23175131	565	16	0.0004154619	0.000000134839
10	23175132	25578595	3595	16	0.0000082283	0.000000246460
10	25578596	26888683	3760	16	0.0002430926	0.000000260105
10	26888684	29323235	5244	16	0.0001996547	0.000000257582
10	29323236	29783691	1252	16	0.0001236697	0.000000253167
10	29783692	30458837	1610	16	0.0001106458	0.000000252410
10	30458838	31907518	2703	16	0.0001030210	0.000000251967
10	31907519	33707967	3523	16	0.0002261989	0.000000259124
10	33707968	35109354	2202	16	0.0002558782	0.000000260848
10	35109355	36572507	2283	16	0.0000980912	0.000000251681
10	36572508	37790028	2079	16	0.0000930800	0.000000251390
10	37790029	42372578	2924	16	0.0000166838	0.000000196032
10	42372579	43894770	2932	16	0.0002089320	0.000000258121
10	43894771	44730074	1556	16	0.0002701715	0.000000250801
10	44730075	48760449	4132	16	-0.0000422145	0.000000243529
10	48760450	50840914	2709	16	0.0001456810	0.000000254446
10	50840915	53616628	3376	16	0.0001510182	0.000000254756
10	53616629	55103571	3513	16	0.0001809809	0.000000256497
10	55103572	57031139	4962	16	0.0001466903	0.000000254504
10	57031140	57662145	1190	16	0.0002797160	0.000000154951
10	57662146	58959527	2996	16	0.0003615652	0.000000257247
10	58959528	60289986	3131	16	0.0002830626	0.000000262428
10	60289987	61891408	2450	16	0.0003525263	0.000000266463
10	61891409	62659678	1442	16	0.0000454407	0.000000223084
10	62659679	63341694	718	16	0.0001268912	0.000000125109
10	63341695	65794113	4039	16	0.0000720402	0.000000250167
10	65794114	67549614	3103	16	0.0002193255	0.000000258724
10	67549615	69900147	5088	16	0.0001394699	0.000000254085
10	69900148	70195990	594	16	0.0000173897	0.000000079943
10	70195991	72220849	4018	16	0.0000968128	0.000000251606
10	72220850	73508511	3012	16	-0.0000356382	0.000000243911
10	73508512	75422549	1930	16	0.0001159928	0.000000252721
10	75422550	78706813	3458	16	0.0002304037	0.000000259368
10	78706814	80876748	3628	16	0.0000660600	0.000000249820
10	80876749	82414678	3491	16	0.0000033398	0.000000246176
10	82414679	84383744	3763	16	0.0001315550	0.000000253625
10	84383745	85458702	2616	16	0.0000826186	0.000000250782
10	85458703	87937576	5007	16	0.0000723273	0.000000250184
10	87937577	89127063	1758	16	0.0001442149	0.000000254361
10	89127064	91013380	2761	16	-0.0000446151	0.000000243389
10	91013381	92006580	1830	16	0.0001877887	0.000000256892
10	92006581	93335046	2214	16	0.0000687371	0.000000249975
10	93335047	95396367	3295	16	0.0002319360	0.000000259457
10	95396368	96221242	1051	16	0.0001624543	0.000000203929
10	96221243	97822356	3008	16	0.0001103158	0.000000252391
10	97822357	100241301	3436	16	0.0003020073	0.000000263528
10	100241302	100668399	684	16	0.0001203213	0.000000099519
10	100668400	102949238	3238	16	0.0001571561	0.000000255112
10	102949239	104380409	1368	16	0.0002689544	0.000000257586
10	104380410	106695047	2755	16	0.0001433161	0.000000254308
10	106695048	108726685	3582	16	0.0001188759	0.000000252888
10	108726686	110317704	3435	16	0.0000013561	0.000000246060
10	110317705	112561492	3611	16	0.0002047697	0.000000257879
10	112561493	115328431	3890	16	0.0001163625	0.000000252742
10	115328432	116421405	1829	16	0.0001301179	0.000000253541
10	116421406	119523933	4326	16	0.0000723499	0.000000250185
10	119523934	120591352	1754	16	0.0001311524	0.000000253602
10	120591353	122407322	3327	16	0.0001526918	0.000000254853
10	122407323	123231464	1585	16	0.0000885329	0.000000251125
10	123231465	123900544	1424	16	0.0000901377	0.000000251219
10	123900545	125869345	3914	16	0.0005475696	0.000000277796
10	125869346	128001097	4180	16	0.0000507538	0.000000248930
10	128001098	129154361	2052	16	0.0000057850	0.000000246318
10	129154362	130844283	4385	16	-0.0000027006	0.000000245825
10	130844284	131741326	1861	16	0.0001489376	0.000000254635
10	131741327	132580244	2244	16	-0.0000071121	0.000000245568
10	132580245	134336328	5041	16	-0.0000777938	0.000000241462
10	134336329	134494672	175	12	-0.0000919867	0.000000035697
10	134494673	135523864	1713	16	0.0001498378	0.000000254687
11	70855	1213589	1977	16	0.0001895606	0.000000256995
11	1213590	3665480	5486	16	0.0000105817	0.000000246596
11	3665481	4746708	2453	16	-0.0000124728	0.000000245257
11	4746709	6322868	4754	16	-0.0001244427	0.000000238751
11	6322869	7436700	2114	16	-0.0000186880	0.000000244896
11	7436701	8333273	2184	16	0.0000045729	0.000000246247
11	8333274	9087316	1162	16	0.0003804578	0.000000255498
11	9087317	10952026	3242	16	0.0000607366	0.000000249510
11	10952027	12564228	4024	16	-0.0000472022	0.000000243239
11	12564229	13373123	1693	16	0.0003692414	0.000000267435
11	13373124	15742551	3507	16	0.0007852899	0.000000291607
11	15742552	17578401	2346	16	0.0013818850	0.000000326270
11	17578402	19569534	3677	16	0.0000434625	0.000000248507
11	19569535	21017137	2992	16	-0.0000004201	0.000000245957
11	21017138	22374141	2729	16	0.0003218065	0.000000264679
11	22374142	24088516	3965	16	0.0000869215	0.000000251032
11	24088517	26045752	5127	16	-0.0000596671	0.000000242515
11	26045753	27020460	1917	16	0.0002981188	0.000000263302
11	27020461	28481592	1636	16	0.0003650956	0.000000267194
11	28481593	30141356	2167	16	0.0001545073	0.000000254959
11	30141357	32276900	2703	16	0.0000934972	0.000000251414
11	32276901	33958738	2635	16	0.0000137062	0.000000246778
11	33958739	35502604	3282	16	0.0000704261	0.000000250073
11	35502605	37116814	2886	16	0.0000849506	0.000000250917
11	37116815	39382002	3383	16	0.0003057844	0.000000263748
11	39382003	42310002	5048	16	0.0001409209	0.000000254169
11	42310003	44693798	4554	16	0.0001631879	0.000000255463
11	44693799	47006136	2673	16	0.0005789418	0.000000279618
11	47006137	49866049	4453	16	0.0003767931	0.000000267873
11	49866050	54695472	4529	16	0.0001277809	0.000000253406
11	54695473	55082656	1027	16	0.0003389448	0.000000103087
11	55082657	58457494	8136	16	0.0002824186	0.000000262390
11	58457495	58780548	438	16	-0.0001068192	0.000000049932
11	58780549	62223770	4453	16	0.0001606429	0.000000255315
11	62223771	63804568	1557	16	0.0002082995	0.000000258084
11	63804569	65898630	1878	16	0.0005602288	0.000000278531
11	65898631	68005824	2352	16	0.0005055524	0.000000275354
11	68005825	69516129	2383	16	0.0004659501	0.000000273053
11	69516130	70926291	2567	16	0.0000049542	0.000000246269
11	70926292	72286016	2276	16	0.0000715290	0.000000250137
11	72286017	74412350	2726	16	0.0002834777	0.000000262452
11	74412351	76797208	3176	16	0.0003187168	0.000000264499
11	76797209	78355057	2140	16	-0.0000501494	0.000000243068
11	78355058	80722372	4061	16	0.0001940552	0.000000257256
11	80722373	81266711	1276	16	-0.0000885345	0.000000229407
11	81266712	84381271	5861	16	0.0000241442	0.000000247384
11	84381272	86619300	3556	16	-0.0000772534	0.000000241493
11	86619301	87430234	2065	16	0.0005023732	0.000000275170
11	87430235	89208935	3150	16	0.0000276899	0.000000247590
11	89208936	90966489	2908	16	0.0001351275	0.000000253833
11	90966490	92077143	2032	16	0.0001750978	0.000000256155
11	92077144	93276156	1785	16	0.0000329881	0.000000247898
11	93276157	94242259	1518	16	0.0001559490	0.000000226139
11	94242260	95726040	2173	16	0.0002012529	0.000000257674
11	95726041	97057057	2209	16	0.0001759401	0.000000256204
11	97057058	98705064	3557	16	0.0000647167	0.000000249167
11	98705065	100417168	4072	16	0.0000804980	0.000000250659
11	100417169	101331120	1952	16	-0.0000077400	0.000000245532
11	101331121	103959635	5734	16	0.0004171667	0.000000270219
11	103959636	104873283	1539	16	0.0000540502	0.000000158354
11	104873284	106520893	2419	16	0.0000582343	0.000000249365
11	106520894	107844199	2505	16	0.0000331693	0.000000247909
11	107844200	108437036	631	16	0.0003326248	0.000000104608
11	108437037	109866115	1720	16	-0.0000035670	0.000000245774
11	109866116	111114396	2291	16	0.0000553792	0.000000249199
11	111114397	112459487	1473	16	0.0002530125	0.000000260682
11	112459488	114257727	3046	16	0.0003504862	0.000000266345
11	114257728	114830665	1034	16	0.0000579871	0.000000154961
11	114830666	116383347	2439	16	0.0001822733	0.000000256572
11	116383348	117747109	2443	16	0.0000166167	0.000000246947
11	117747110	119215475	2098	16	0.0000976077	0.000000251653
11	119215476	120766805	2801	16	-0.0000948307	0.000000240472
11	120766806	121175942	742	16	0.0002644370	0.000000156105
11	121175943	122591909	2091	16	0.0002600947	0.000000261093
11	122591910	123500116	1757	16	0.0001232380	0.000000253142
11	123500117	124495527	2292	16	0.0000662068	0.000000249828
11	124495528	126311319	3233	16	0.0000563265	0.000000249254
11	126311320	127316678	2121	16	0.0000570662	0.000000249297
11	127316679	128188536	1522	16	0.0000200304	0.000000244274
11	128188537	130342574	3556	16	0.0003177424	0.000000264443
11	130342575	131074611	1531	16	0.0001887382	0.000000256947
11	131074612	133000045	3863	16	0.0000737712	0.000000250268
11	133000046	134205992	1954	16	-0.0000257659	0.000000244485
11	134205993	134946451	2306	16	0.0000241231	0.000000247383
12	61107	1080330	1637	16	0.0001803953	0.000000256463
12	1080331	2544785	2479	16	0.0001073169	0.000000252217
12	2544786	3677036	2212	16	0.0001942821	0.000000257269
12	3677037	4417678	1479	16	0.0000419465	0.000000248419
12	4417679	5321471	1611	16	0.0002575557	0.000000260946
12	5321472	6419752	2219	16	0.0000339636	0.000000247955
12	6419753	8377535	2980	16	-0.0000493030	0.000000243117
12	8377536	9031394	1377	16	-0.0000078755	0.000000245524
12	9031395	10481533	2876	16	-0.0000050269	0.000000245690
12	10481534	11754845	2575	16	0.0003103120	0.000000264011
12	11754846	12733527	1936	16	0.0001862083	0.000000256800
12	12733528	15241483	4499	16	0.0003865313	0.000000268439
12	15241484	16310459	1044	16	0.0000323014	0.000000231321
12	16310460	18087872	2793	16	0.0001419995	0.000000254232
12	18087873	20863942	5733	16	0.0000614332	0.000000249551
12	20863943	23820633	5148	16	0.0000438189	0.000000248527
12	23820634	25371082	2945	16	0.0001597945	0.000000255266
12	25371083	27799772	4723	16	0.0001915701	0.000000257112
12	27799773	29651254	3578	16	0.0005705319	0.000000279130
12	29651255	30512405	2560	16	0.0000092476	0.000000246519
12	30512406	32165591	3820	16	0.0001132396	0.000000252561
12	32165592	33076988	2496	16	0.0002638404	0.000000261311
12	33076989	37856716	3333	16	0.0001445418	0.000000253804
12	37856717	39227168	2119	16	0.0000861528	0.000000213764
12	39227169	40816184	2419	16	-0.0000647800	0.000000242218
12	40816185	41658585	1607	16	0.0000553553	0.000000205921
12	41658586	43984473	4682	16	0.0003139566	0.000000264223
12	43984474	46024228	2680	16	-0.0000198097	0.000000244831
12	46024229	47714792	2381	16	0.0000633408	0.000000249662
12	47714793	49001865	2899	16	0.0002402497	0.000000259940
12	49001866	51776493	3018	16	0.0003127308	0.000000264151
12	51776494	53039003	2245	16	0.0000122968	0.000000246696
12	53039004	54778822	2337	16	0.0012048244	0.000000315982
12	54778823	55665836	1539	16	0.0001425524	0.000000253689
12	55665837	57548859	1923	16	0.0001929108	0.000000257190
12	57548860	59308665	2175	16	0.0004374540	0.000000271398
12	59308666	61123728	2665	16	0.0004330737	0.000000270567
12	61123729	64032460	5829	16	-0.0000895759	0.000000240777
12	64032461	65559694	2124	16	0.0001795840	0.000000256415
12	65559695	67181143	2257	16	0.0001897537	0.000000257006
12	67181144	67909728	1356	16	0.0000959176	0.000000204984
12	67909729	69826541	3272	16	-0.0000235394	0.000000244614
12	69826542	70957986	2518	16	0.0001442470	0.000000254362
12	70957987	72645074	2506	16	0.0001907684	0.000000257065
12	72645075	73818453	2044	16	0.0000184613	0.000000247054
12	73818454	76511313	4231	16	0.0002494990	0.000000260478
12	76511314	78570569	3752	16	0.0003141490	0.000000264234
12	78570570	80448149	2025	16	0.0001508755	0.000000254748
12	80448150	81467766	1652	16	0.0000304867	0.000000227831
12	81467767	83502665	3318	16	0.0000680693	0.000000249936
12	83502666	84303843	1643	16	0.0001220981	0.000000179583
12	84303844	85990425	2470	16	0.0001864775	0.000000256816
12	85990426	89682121	5107	16	0.0001419166	0.000000254227
12	89682122	92066154	3135	16	0.0003333651	0.000000265350
12	92066155	94514566	4229	16	0.0000672708	0.000000249890
12	94514567	96020784	3454	16	-0.0000108429	0.000000245352
12	96020785	97108838	2140	16	0.0000837939	0.000000250850
12	97108839	99305986	3870	16	-0.0000469633	0.000000243253
12	99305987	101447640	3128	16	0.0000320135	0.000000247842
12	101447641	101862689	648	16	0.0000067168	0.000000116711
12	101862690	102964985	1349	16	0.0002477276	0.000000260375
12	102964986	104848695	3565	16	0.0000420216	0.000000248423
12	104848696	106436212	3087	16	0.0000976963	0.000000251658
12	106436213	106958747	809	16	0.0002646565	0.000000192076
12	106958748	109025900	3507	16	0.0001585133	0.000000255191
12	109025901	110336718	1779	16	0.0001186079	0.000000252873
12	110336719	113263517	1684	16	0.0002190454	0.000000258708
12	113263518	113986708	987	16	0.0000150797	0.000000223564
12	113986709	115036601	2464	16	-0.0000713016	0.000000241839
12	115036602	115503215	855	16	0.0002414551	0.000000242329
12	115503216	117087470	2988	16	0.0003336049	0.000000265364
12	117087471	118135374	1766	16	-0.0000010872	0.000000245918
12	118135375	119754109	3271	16	0.0000475841	0.000000248746
12	119754110	122007650	3447	16	0.0000194437	0.000000247111
12	122007651	124977979	3833	16	0.0002653403	0.000000261398
12	124977980	126445504	3108	16	0.0001212073	0.000000253024
12	126445505	127875097	3263	16	-0.0000254508	0.000000244503
12	127875098	129237296	3342	16	0.0000715599	0.000000250139
12	129237297	130377920	3053	16	0.0000475227	0.000000248743
12	130377921	131786750	4023	16	0.0000832618	0.000000250819
12	131786751	132807033	2035	16	0.0000133550	0.000000246758
12	132807034	133841510	1990	16	0.0000128605	0.000000246729
13	19020013	20686719	3563	16	0.0000283228	0.000000247627
13	20686720	22242173	3283	16	0.0001804053	0.000000256463
13	22242174	23594701	3416	16	-0.0000588478	0.000000242563
13	23594702	24531936	2725	16	0.0001168177	0.000000252769
13	24531937	25784361	3487	16	0.0001498515	0.000000254688
13	25784362	27284361	2629	16	0.0002356893	0.000000259675
13	27284362	29257550	4158	16	-0.0000779737	0.000000241451
13	29257551	30483266	2586	16	0.0000508520	0.000000248936
13	30483267	32301814	3546	16	0.0001909772	0.000000257077
13	32301815	33776902	2228	16	0.0001228952	0.000000253122
13	33776903	35026463	1994	16	0.0000721581	0.000000250174
13	35026464	36046366	1208	16	0.0002024079	0.000000244026
13	36046367	37498184	2764	16	0.0001773460	0.000000256285
13	37498185	38878162	2900	16	-0.0000449156	0.000000243372
13	38878163	41069262	3766	16	-0.0000711752	0.000000241846
13	41069263	43101026	3061	16	0.0004532872	0.000000272318
13	43101027	44901408	2997	16	0.0001410779	0.000000254178
13	44901409	46495213	2219	16	0.0000797449	0.000000250615
13	46495214	47431078	1547	16	-0.0000040841	0.000000245744
13	47431079	49383961	3254	16	-0.0000207370	0.000000244777
13	49383962	51591090	3323	16	0.0003230864	0.000000264753
13	51591091	53339621	1559	16	0.0003285240	0.000000265069
13	53339622	54682863	2179	16	0.0000052252	0.000000246285
13	54682864	55817130	2036	16	0.0000581427	0.000000242481
13	55817131	57554216	2337	16	0.0001170825	0.000000234547
13	57554217	58410625	1290	16	0.0000686888	0.000000138226
13	58410626	59302270	1489	16	0.0001065999	0.000000174459
13	59302271	60854777	2743	16	0.0004778959	0.000000273748
13	60854778	61591948	1673	16	0.0000744954	0.000000237736
13	61591949	63971558	5037	16	0.0000759108	0.000000250392
13	63971559	65200601	2796	16	-0.0000235204	0.000000244615
13	65200602	67844452	3897	16	0.0000484806	0.000000248798
13	67844453	70724515	6110	16	0.0002600868	0.000000261093
13	70724516	71526790	1772	16	0.0001508255	0.000000254745
13	71526791	73934088	4125	16	0.0002001385	0.000000257610
13	73934089	75670142	3213	16	-0.0000612007	0.000000242426
13	75670143	77410554	3286	16	0.0000988802	0.000000251727
13	77410555	78808812	2039	16	0.0000465564	0.000000248687
13	78808813	80585675	2504	16	0.0003011870	0.000000263481
13	80585676	82581813	3719	16	0.0000816749	0.000000250727
13	82581814	84133143	2783	16	0.0000143646	0.000000246816
13	84133144	85610915	2848	16	0.0001602849	0.000000255294
13	85610916	88559881	5906	16	0.0000623454	0.000000249604
13	88559882	90521310	3391	16	0.0000461911	0.000000248665
13	90521311	93129690	5086	16	0.0003663996	0.000000267270
13	93129691	93586454	680	16	0.0002376534	0.000000126565
13	93586455	96087557	5158	16	-0.0000023914	0.000000245843
13	96087558	97519209	1814	16	0.0000916192	0.000000251305
13	97519210	98938918	1896	16	0.0001106821	0.000000252412
13	98938919	100574094	3259	16	0.0002183664	0.000000258669
13	100574095	102300522	3280	16	0.0004630458	0.000000272885
13	102300523	104066709	3366	16	-0.0000117629	0.000000245298
13	104066710	104844113	1566	16	0.0002131409	0.000000258365
13	104844114	106247553	2804	16	-0.0000443975	0.000000243402
13	106247554	106749999	1306	16	0.0001475651	0.000000254555
13	106750000	108189876	2519	16	-0.0000819553	0.000000241220
13	108189877	109121209	1946	16	0.0001929625	0.000000257193
13	109121210	109815111	1567	16	0.0003213872	0.000000264654
13	109815112	111232072	3049	16	0.0002420796	0.000000260046
13	111232073	112247591	2322	16	0.0001815428	0.000000256529
13	112247592	113572487	2401	16	0.0001247513	0.000000253230
13	113572488	115109852	2713	16	-0.0000355761	0.000000243915
14	19002084	21589401	3535	16	-0.0001491646	0.000000237315
14	21589402	23018664	3377	16	0.0001843043	0.000000256690
14	23018665	24905122	2964	16	0.0002515282	0.000000260595
14	24905123	26135685	2785	16	0.0002502769	0.000000260523
14	26135686	28466532	3820	16	0.0001919383	0.000000257133
14	28466533	29972144	2192	16	0.0000854381	0.000000250946
14	29972145	32383264	3196	16	-0.0000015452	0.000000245892
14	32383265	34846250	4869	16	0.0000567921	0.000000249281
14	34846251	35859592	2141	16	0.0000894820	0.000000251181
14	35859593	38667724	3739	16	0.0000093145	0.000000246523
14	38667725	40341989	3079	16	-0.0000214759	0.000000244734
14	40341990	41615501	3167	16	0.0000696405	0.000000250028
14	41615502	43137388	2711	16	0.0001432881	0.000000254307
14	43137389	44543226	2707	16	0.0000611051	0.000000249532
14	44543227	46081895	2188	16	-0.0000412721	0.000000243584
14	46081896	46749129	1334	16	0.0000258377	0.000000130227
14	46749130	48573585	3707	16	-0.0000357130	0.000000243907
14	48573586	49005470	917	16	0.0003157529	0.000000119382
14	49005471	50507759	2414	16	0.0000395254	0.000000248278
14	50507760	51493571	1473	16	-0.0000176893	0.000000244379
14	51493572	53474382	3961	16	0.0000558818	0.000000249228
14	53474383	53997830	1045	16	0.0002301970	0.000000155660
14	53997831	55233680	1705	16	0.0005092068	0.000000275567
14	55233681	56216879	1730	16	0.0002333406	0.000000239601
14	56216880	57481261	2577	16	0.0001332949	0.000000253726
14	57481262	59448335	3293	16	0.0001397296	0.000000254100
14	59448336	61680423	3122	16	0.0002734808	0.000000261871
14	61680424	63790014	3650	16	0.0002035884	0.000000257810
14	63790015	65220297	1783	16	0.0000387021	0.000000248230
14	65220298	66399554	1897	16	-0.0001011207	0.000000240106
14	66399555	67992316	2065	16	0.0002393757	0.000000258739
14	67992317	71131956	5267	16	0.0002128538	0.000000258348
14	71131957	72889614	2899	16	0.0000403320	0.000000248325
14	72889615	76444766	5268	16	0.0001110454	0.000000252433
14	76444767	77229471	1578	16	0.0000872096	0.000000251048
14	77229472	78561944	2876	16	0.0002397160	0.000000259909
14	78561945	80186578	2268	16	0.0002106855	0.000000258222
14	80186579	81579713	2471	16	0.0000166509	0.000000246949
14	81579714	83138096	2474	16	0.0000583634	0.000000249373
14	83138097	84241632	2100	16	0.0000361650	0.000000248083
14	84241633	85746318	2789	16	0.0000976147	0.000000251653
14	85746319	86647001	1577	16	0.0002557224	0.000000260839
14	86647002	87635340	1753	16	0.0000173789	0.000000246991
14	87635341	89497642	3074	16	0.0001275082	0.000000253390
14	89497643	91296859	3268	16	0.0001881180	0.000000256911
14	91296860	93132298	3456	16	0.0003033774	0.000000263608
14	93132299	94325284	1960	16	0.0001759551	0.000000256205
14	94325285	95750866	3555	16	0.0001311598	0.000000253602
14	95750867	96262414	1412	16	-0.0000762724	0.000000241550
14	96262415	98341161	3739	16	0.0002591786	0.000000261040
14	98341162	99138531	1923	16	0.0002369720	0.000000259750
14	99138532	101534306	3732	16	0.0000780239	0.000000250515
14	101534307	103012101	2297	16	0.0001570758	0.000000255108
14	103012102	105001722	3199	16	0.0002309877	0.000000259402
14	105001723	106340357	1926	16	0.0000476735	0.000000248751
14	106340358	107289453	2984	16	0.0000455845	0.000000248630
15	20001200	21131603	223	16	0.0003178507	0.000000070673
15	21131604	24195126	2369	16	-0.0000735903	0.000000241706
15	24195127	25108589	3679	16	0.0001868723	0.000000256839
15	25108590	27298111	4240	16	0.0000103209	0.000000246581
15	27298112	29338501	2715	16	0.0003174716	0.000000264427
15	29338502	30165567	1390	16	0.0001990979	0.000000257549
15	30165568	31591820	1556	16	0.0001192132	0.000000252908
15	31591821	32441810	1376	16	0.0000988981	0.000000251728
15	32441811	34015424	2677	16	-0.0000398029	0.000000243669
15	34015425	35083250	2405	16	0.0001378172	0.000000253989
15	35083251	37456501	4062	16	0.0001906714	0.000000257060
15	37456502	38530776	1936	16	0.0001170819	0.000000252784
15	38530777	40384131	3243	16	0.0001227291	0.000000253112
15	40384132	41177513	1016	16	0.0004371846	0.000000232450
15	41177514	42776398	2005	16	0.0003063590	0.000000263781
15	42776399	44198048	936	16	-0.0000344477	0.000000147564
15	44198049	46618786	2481	16	0.0001603756	0.000000255299
15	46618787	48136047	2630	16	0.0001368435	0.000000253932
15	48136048	50008042	1963	16	0.0002716617	0.000000261765
15	50008043	51677559	2712	16	0.0003589747	0.000000266838
15	51677560	53069095	1816	16	0.0001586655	0.000000255200
15	53069096	54508527	2997	16	0.0000535445	0.000000249093
15	54508528	55136268	1401	16	0.0002301231	0.000000253040
15	55136269	56901772	3647	16	0.0004979420	0.000000274912
15	56901773	58441365	2374	16	-0.0000058845	0.000000245640
15	58441366	59694115	2059	16	0.0002813066	0.000000262326
15	59694116	61265835	2587	16	0.0000754598	0.000000250366
15	61265836	63215221	3212	16	-0.0000030684	0.000000245803
15	63215222	65104667	2380	16	-0.0000233871	0.000000244623
15	65104668	67094766	2917	16	-0.0000304596	0.000000244212
15	67094767	69017998	2717	16	0.0004024159	0.000000269362
15	69017999	70133340	1222	16	0.0000523936	0.000000249026
15	70133341	71922648	2982	16	0.0002606691	0.000000261127
15	71922649	73628713	1551	16	0.0000573337	0.000000240152
15	73628714	76398623	2693	16	0.0001247338	0.000000253229
15	76398624	78516052	3168	16	-0.0000156950	0.000000245070
15	78516053	80860977	4588	16	0.0000937035	0.000000251426
15	80860978	84260467	3728	16	0.0000883750	0.000000251116
15	84260468	86652904	4059	16	0.0003615876	0.000000266990
15	86652905	88369942	3389	16	-0.0000575016	0.000000242641
15	88369943	90475550	3212	16	0.0000905064	0.000000251240
15	90475551	92164391	3189	16	0.0002137890	0.000000258403
15	92164392	93780901	3582	16	0.0001008306	0.000000251840
15	93780902	94924329	3002	16	-0.0000929359	0.000000240582
15	94924330	96141595	2432	16	0.0000604911	0.000000249496
15	96141596	98030909	3332	16	0.0000097706	0.000000246549
15	98030910	99244058	3067	16	-0.0000797321	0.000000241349
15	99244059	100636846	3057	16	0.0001044462	0.000000252050
15	100636847	101552693	2113	16	-0.0000484028	0.000000243169
15	101552694	102520965	1831	16	0.0000343085	0.000000247975
16	60054	1207205	2275	16	0.0007733574	0.000000290914
16	1207206	2764828	2322	16	0.0004103366	0.000000269822
16	2764829	4001195	1687	16	0.0004950861	0.000000274746
16	4001196	5118344	1785	16	0.0002320896	0.000000259466
16	5118345	5891579	2225	16	0.0003062010	0.000000263772
16	5891580	6893550	2978	16	0.0001535489	0.000000254903
16	6893551	7529120	2381	16	0.0000976115	0.000000251653
16	7529121	8338518	2689	16	-0.0000529614	0.000000242905
16	8338519	9799418	3991	16	-0.0000400905	0.000000243652
16	9799419	10426031	1690	16	0.0001915709	0.000000257112
16	10426032	11520160	2554	16	-0.0000729445	0.000000241743
16	11520161	12613097	2164	16	0.0000573527	0.000000249314
16	12613098	13154436	1711	16	0.0001719342	0.000000255971
16	13154437	14464001	2656	16	0.0000378907	0.000000248183
16	14464002	16154059	1453	16	0.0001554134	0.000000255011
16	16154060	17644748	2059	16	-0.0000563974	0.000000242705
16	17644749	18643606	1163	16	-0.0000481628	0.000000243183
16	18643607	20150570	2269	16	-0.0000320783	0.000000244118
16	20150571	22448903	2177	16	0.0001014092	0.000000251874
16	22448904	24136874	2328	16	0.0003396592	0.000000265716
16	24136875	25986861	3807	16	0.0000788797	0.000000250565
16	25986862	27445754	3214	16	0.0001609310	0.000000255332
16	27445755	29036612	1356	16	0.0001361822	0.000000253894
16	29036613	31382942	1932	16	0.0001558375	0.000000255036
16	31382943	46399472	1163	16	0.0000742779	0.000000250297
16	46399473	49007925	1517	16	0.0002543688	0.000000260761
16	49007926	52035822	4529	16	0.0004178000	0.000000270256
16	52035823	53382571	2152	16	0.0000291816	0.000000247677
16	53382572	55903773	4723	16	-0.0000544946	0.000000242815
16	55903774	57664329	2703	16	0.0001352531	0.000000253840
16	57664330	59045404	2651	16	0.0001781021	0.000000256329
16	59045405	60745693	3012	16	0.0000053924	0.000000246295
16	60745694	62229848	1931	16	0.0001138850	0.000000252598
16	62229849	63691588	2436	16	0.0001619593	0.000000255391
16	63691589	65938565	4065	16	0.0000735457	0.000000250255
16	65938566	68841362	2711	16	0.0002373963	0.000000259774
16	68841363	71054027	2255	16	0.0003026049	0.000000263563
16	71054028	72935149	2009	16	0.0001423129	0.000000254250
16	72935150	74971502	3396	16	0.0002391009	0.000000259873
16	74971503	75977953	1660	16	0.0003325334	0.000000265302
16	75977954	77523677	3787	16	0.0001401596	0.000000254125
16	77523678	78456291	3338	16	0.0001299438	0.000000253531
16	78456292	79134814	2188	16	0.0000110661	0.000000246625
16	79134815	80297373	2964	16	0.0001430913	0.000000254295
16	80297374	81772535	3532	16	0.0000727642	0.000000250209
16	81772536	82747727	2495	16	0.0001216434	0.000000253049
16	82747728	83477207	2467	16	-0.0000101633	0.000000245391
16	83477208	84445882	2903	16	0.0000438700	0.000000248530
16	84445883	85148684	2221	16	0.0001800993	0.000000256445
16	85148685	86156598	2398	16	0.0000074437	0.000000246414
16	86156599	86815410	1977	16	0.0002690154	0.000000261611
16	86815411	87647348	1630	16	0.0001988693	0.000000257536
16	87647349	89041164	3698	16	0.0003210962	0.000000264637
16	89041165	90292811	2319	16	0.0003735113	0.000000267683
17	56	1172398	2789	16	-0.0000035319	0.000000245776
17	1172399	1928730	1659	16	0.0000220774	0.000000247264
17	1928731	3702311	3433	16	0.0005130329	0.000000275789
17	3702312	4696260	1886	16	0.0000796618	0.000000250610
17	4696261	5741333	2059	16	0.0001334535	0.000000253735
17	5741334	7317397	3123	16	0.0000929624	0.000000251383
17	7317398	8306424	1326	16	0.0003707230	0.000000267521
17	8306425	9965920	3133	16	-0.0000137966	0.000000245180
17	9965921	11102814	2106	16	-0.0001140268	0.000000239357
17	11102815	12534768	2508	16	0.0000725400	0.000000250196
17	12534769	13180371	1530	16	0.0002183409	0.000000258667
17	13180372	13894636	1911	16	0.0000790765	0.000000250576
17	13894637	15019096	2986	16	-0.0000788094	0.000000241403
17	15019097	16412341	1874	16	0.0001004400	0.000000251817
17	16412342	18856319	3197	16	0.0002118064	0.000000258288
17	18856320	21290356	2270	16	0.0000106432	0.000000246600
17	21290357	27334243	3011	16	-0.0000316094	0.000000244145
17	27334244	29786490	2299	16	0.0001303016	0.000000253552
17	29786491	31538424	2657	16	0.0001594874	0.000000255248
17	31538425	32912797	3148	16	0.0002265967	0.000000259147
17	32912798	34469035	2242	16	0.0000928099	0.000000251374
17	34469036	36809343	2623	16	-0.0000286257	0.000000244318
17	36809344	38877403	1991	16	0.0002556136	0.000000260833
17	38877404	39899809	1893	16	0.0000371373	0.000000248139
17	39899810	41772086	1933	16	0.0003332247	0.000000265342
17	41772087	43056904	1538	16	0.0017796168	0.000000349378
17	43056905	45876021	4495	16	0.0001810734	0.000000256502
17	45876022	47517399	2506	16	0.0000397851	0.000000248293
17	47517400	49898956	3316	16	0.0004816642	0.000000273966
17	49898957	50719054	1303	16	-0.0000357565	0.000000159935
17	50719055	51826117	2067	16	0.0001957695	0.000000257356
17	51826118	53599431	2987	16	-0.0000421874	0.000000243530
17	53599432	55357540	2785	16	0.0001522681	0.000000254828
17	55357541	57487511	2632	16	0.0000449147	0.000000248591
17	57487512	59312754	1221	16	0.0003656856	0.000000211894
17	59312755	61545588	2246	16	0.0002396884	0.000000259908
17	61545589	63148127	1370	16	-0.0000078339	0.000000245526
17	63148128	64800429	3375	16	0.0000857504	0.000000250964
17	64800430	67858769	4698	16	0.0000484689	0.000000248798
17	67858770	69387816	2838	16	0.0003827070	0.000000268217
17	69387817	72672202	6348	16	0.0005612461	0.000000278590
17	72672203	74375559	2029	16	0.0001533220	0.000000254890
17	74375560	76263412	4011	16	0.0000749235	0.000000250335
17	76263413	77298635	2406	16	0.0001259651	0.000000253300
17	77298636	78837587	3321	16	0.0001480513	0.000000254583
17	78837588	80034407	2250	16	0.0001798487	0.000000256431
17	80034408	81194907	2241	16	0.0002933866	0.000000263027
18	10644	912485	2226	16	-0.0000260932	0.000000244466
18	912486	1942910	2148	16	0.0000200637	0.000000247147
18	1942911	3891657	4535	16	-0.0000359470	0.000000243893
18	3891658	5834179	4113	16	-0.0000038782	0.000000245756
18	5834180	7090484	2255	16	0.0001013361	0.000000251869
18	7090485	8498930	2610	16	0.0000949995	0.000000251501
18	8498931	11075912	6040	16	0.0000057797	0.000000246317
18	11075913	11905439	1668	16	0.0001156219	0.000000252699
18	11905440	14440798	5174	16	0.0002066611	0.000000257989
18	14440799	19485843	1811	16	0.0000060592	0.000000246334
18	19485844	20649471	1647	16	0.0000355594	0.000000248048
18	20649472	22996650	3230	16	0.0000907431	0.000000251254
18	22996651	24026190	1390	16	0.0001120821	0.000000251343
18	24026191	25927681	2942	16	0.0001290563	0.000000253480
18	25927682	26875586	1338	16	0.0001794956	0.000000179727
18	26875587	27866477	1832	16	-0.0000089282	0.000000232326
18	27866478	30264065	3998	16	0.0002395066	0.000000259897
18	30264066	31780066	1738	16	0.0000408221	0.000000247778
18	31780067	33861963	2823	16	-0.0000672895	0.000000242072
18	33861964	35075249	1775	16	0.0002263428	0.000000259132
18	35075250	36365489	2173	16	0.0002122266	0.000000258312
18	36365490	37684366	1753	16	0.0000361697	0.000000244065
18	37684367	39892647	3755	16	0.0001788864	0.000000256375
18	39892648	42922105	4755	16	0.0002244614	0.000000259023
18	42922106	44299245	2497	16	0.0000066708	0.000000246369
18	44299246	45939731	2728	16	0.0002906700	0.000000262870
18	45939732	47730583	3393	16	0.0001703829	0.000000255881
18	47730584	51062184	5745	16	0.0000541992	0.000000249131
18	51062185	51554174	1458	16	0.0000553286	0.000000125940
18	51554175	55213837	4953	16	0.0000661118	0.000000249823
18	55213838	56530219	2915	16	0.0001052616	0.000000252097
18	56530220	57630482	2510	16	0.0000843088	0.000000250880
18	57630483	59020750	1942	16	-0.0000727922	0.000000241752
18	59020751	60277714	2596	16	0.0002955957	0.000000263156
18	60277715	61820251	2514	16	0.0001895166	0.000000256993
18	61820252	63463401	3015	16	0.0001134806	0.000000252575
18	63463402	64252800	1572	16	0.0000342572	0.000000202507
18	64252801	66125816	4104	16	0.0001099061	0.000000252367
18	66125817	67175819	1676	16	0.0001532019	0.000000254883
18	67175820	68621178	2323	16	0.0001717011	0.000000255957
18	68621179	69621617	2425	16	0.0000593006	0.000000249427
18	69621618	71038473	3195	16	0.0000295971	0.000000247701
18	71038474	71971461	2264	16	0.0001705486	0.000000255891
18	71971462	73526986	2558	16	-0.0000370469	0.000000243829
18	73526987	74813814	2862	16	0.0000687405	0.000000249975
18	74813815	75976316	3465	16	-0.0000547684	0.000000242800
18	75976317	77149990	2984	16	0.0002932636	0.000000263020
18	77149991	78017157	2109	16	0.0001475246	0.000000254553
19	80840	610728	1037	16	0.0001081371	0.000000252264
19	610729	2098395	2823	16	0.0000288514	0.000000247658
19	2098396	3019659	1958	16	0.0001847815	0.000000256717
19	3019660	4348966	2599	16	0.0001162675	0.000000252737
19	4348967	5811851	2825	16	0.0001014850	0.000000251878
19	5811852	6684884	1519	16	0.0000723334	0.000000250184
19	6684885	8347512	3699	16	0.0002818048	0.000000262355
19	8347513	9238392	1493	16	0.0002139488	0.000000258412
19	9238393	11284027	3240	16	-0.0000821900	0.000000241206
19	11284028	13471126	2698	16	0.0000402128	0.000000248318
19	13471127	14486346	1565	16	-0.0000257097	0.000000244488
19	14486347	15648609	2236	16	-0.0000423303	0.000000243522
19	15648610	16374415	2367	16	0.0001764283	0.000000256232
19	16374416	18409861	3586	16	0.0001622325	0.000000255407
19	18409862	19877470	1742	16	0.0000565400	0.000000249267
19	19877471	20905756	2269	16	0.0001374147	0.000000253965
19	20905757	22732895	4700	16	0.0002284293	0.000000259253
19	22732896	23467745	1771	16	0.0000933697	0.000000199385
19	23467746	28557892	4071	16	0.0001215908	0.000000253046
19	28557893	29790946	3081	16	-0.0000075562	0.000000245543
19	29790947	30727953	1915	16	0.0001748597	0.000000256141
19	30727954	32746519	2677	16	0.0000998875	0.000000251785
19	32746520	34262951	3035	16	0.0006625465	0.000000284476
19	34262952	36469294	3514	16	-0.0000409226	0.000000243604
19	36469295	37527032	1681	16	0.0002557305	0.000000245987
19	37527033	40170618	3742	16	0.0003876849	0.000000268506
19	40170619	40984600	1057	16	0.0002320780	0.000000237839
19	40984601	42131572	1767	16	0.0000228012	0.000000247306
19	42131573	43862454	2685	16	0.0000165175	0.000000246941
19	43862455	44744107	1417	16	0.0000680203	0.000000249934
19	44744108	46102696	2265	16	0.0000702658	0.000000250064
19	46102697	47150081	1854	16	0.0000474383	0.000000248738
19	47150082	49282226	3455	16	0.0004124332	0.000000269944
19	49282227	51532566	3583	16	-0.0000107075	0.000000245359
19	51532567	52985289	3155	16	-0.0001147876	0.000000239312
19	52985290	54602361	5104	16	-0.0000882755	0.000000240853
19	54602362	55728079	2637	16	-0.0000742335	0.000000241669
19	55728080	57521334	3736	16	-0.0000134067	0.000000245203
19	57521335	59118838	2817	16	-0.0000741931	0.000000241671
20	60479	697599	1242	16	-0.0000166254	0.000000245016
20	697600	2469500	4015	16	-0.0000454276	0.000000243342
20	2469501	3828412	2421	16	0.0002135101	0.000000258387
20	3828413	5477849	4019	16	0.0001221093	0.000000253076
20	5477850	7084072	3291	16	0.0001990110	0.000000257544
20	7084073	8117010	1984	16	0.0004519193	0.000000272238
20	8117011	9730920	2896	16	0.0002070983	0.000000258014
20	9730921	11249535	2896	16	0.0001326939	0.000000253691
20	11249536	12447498	2395	16	0.0000948975	0.000000250920
20	12447499	13689863	2568	16	0.0001765572	0.000000256240
20	13689864	15958358	3866	16	0.0007653315	0.000000290448
20	15958359	17487231	3565	16	-0.0000915636	0.000000240662
20	17487232	18972202	3080	16	0.0001261998	0.000000253314
20	18972203	20959709	3036	16	0.0001191129	0.000000252902
20	20959710	22491455	1850	16	0.0003548151	0.000000266596
20	22491456	23293789	1383	16	0.0000189585	0.000000247083
20	23293790	24717723	2761	16	0.0002351832	0.000000259646
20	24717724	25344230	1373	16	0.0001042149	0.000000177490
20	25344231	31614822	3890	16	0.0001487802	0.000000254626
20	31614823	32813440	1101	16	0.0001993268	0.000000244983
20	32813441	34960445	1959	16	0.0000315854	0.000000247817
20	34960446	36909529	2183	16	0.0003689647	0.000000267419
20	36909530	38436760	2195	16	0.0001502195	0.000000254709
20	38436761	39610855	1961	16	0.0001359732	0.000000253882
20	39610856	40585688	1208	16	0.0000937663	0.000000213653
20	40585689	41615459	1857	16	0.0001817303	0.000000256540
20	41615460	42680175	1791	16	0.0001026918	0.000000251948
20	42680176	44839055	3232	16	0.0002682896	0.000000261569
20	44839056	47199979	4151	16	-0.0000466412	0.000000243272
20	47199980	49239657	3534	16	0.0006014408	0.000000280926
20	49239658	52472548	6114	16	0.0002583552	0.000000260992
20	52472549	54055265	2830	16	-0.0000271446	0.000000244404
20	54055266	56447958	4871	16	0.0001682448	0.000000255757
20	56447959	58406571	3164	16	0.0001705231	0.000000255889
20	58406572	59561723	1957	16	0.0000219881	0.000000247259
20	59561724	61301854	4131	16	0.0002110416	0.000000258243
20	61301855	62190179	2083	16	-0.0000210707	0.000000244757
20	62190180	62965162	1382	16	0.0001498129	0.000000254686
21	9411243	15950981	2859	16	0.0000409492	0.000000248361
21	15950982	18053164	3099	16	0.0000621781	0.000000249594
21	18053165	19480374	2721	16	0.0001293172	0.000000253495
21	19480375	20962338	3432	16	0.0000490450	0.000000248831
21	20962339	22072763	2558	16	0.0002168707	0.000000258582
21	22072764	23362874	2933	16	0.0000032121	0.000000246168
21	23362875	24696230	2527	16	0.0001528821	0.000000254864
21	24696231	26469121	4168	16	0.0002522709	0.000000260639
21	26469122	27271018	1207	16	0.0000340766	0.000000188918
21	27271019	29125225	4067	16	0.0001592830	0.000000255236
21	29125226	31197024	3884	16	0.0001688433	0.000000255791
21	31197025	32668641	2602	16	0.0000405117	0.000000248335
21	32668642	34376998	3209	16	0.0000477434	0.000000248755
21	34376999	35225464	1183	16	0.0000750608	0.000000250343
21	35225465	36524372	2242	16	-0.0000293403	0.000000244277
21	36524373	37870778	2547	16	0.0004981354	0.000000274923
21	37870779	38711703	1527	16	0.0005394176	0.000000277322
21	38711704	40482901	3393	16	0.0004454925	0.000000271865
21	40482902	41389526	2338	16	0.0000865726	0.000000251011
21	41389527	43321527	4376	16	-0.0000185473	0.000000244904
21	43321528	44506267	3126	16	0.0002019342	0.000000257714
21	44506268	46177104	2908	16	-0.0000908381	0.000000240704
21	46177105	47492225	2827	16	0.0000201476	0.000000247152
21	47492226	48119751	1359	16	0.0000924855	0.000000251355
22	16050408	17674294	1635	16	0.0000459346	0.000000248650
22	17674295	18296087	1420	16	0.0000372926	0.000000248148
22	18296088	19912357	2691	16	0.0001601713	0.000000255288
22	19912358	22357324	2916	16	0.0001340748	0.000000253771
22	22357325	23712646	3310	16	0.0001544592	0.000000254956
22	23712647	24984203	2136	16	0.0001004785	0.000000251819
22	24984204	26791627	3388	16	-0.0000362761	0.000000243874
22	26791628	27834751	2574	16	-0.0000205833	0.000000244786
22	27834752	29651798	2273	16	0.0000712726	0.000000250123
22	29651799	31439917	2374	16	0.0000658803	0.000000249809
22	31439918	32664985	1604	16	-0.0000656146	0.000000241020
22	32664986	34494913	3794	16	0.0000296939	0.000000247707
22	34494914	35530984	2431	16	-0.0000187611	0.000000244892
22	35530985	37570268	3771	16	0.0001797311	0.000000256424
22	37570269	39307893	2473	16	0.0002609461	0.000000261143
22	39307894	40545796	1781	16	-0.0000935990	0.000000240543
22	40545797	42690817	2357	16	0.0000672275	0.000000249888
22	42690818	43714199	2161	16	0.0002322670	0.000000259476
22	43714200	44995307	2972	16	-0.0000953842	0.000000240440
22	44995308	46470494	3470	16	0.0003073328	0.000000263838
22	46470495	47596317	2430	16	0.0000958274	0.000000251549
22	47596318	48903702	3218	16	0.0000140416	0.000000246797
22	48903703	49824533	4074	16	0.0002786715	0.000000262173
22	49824534	51243297	2723	16	0.0001857268	0.000000256772
