chr	start	end	num_snp	k	local_h2g	var
1	10583	1892606	171	14	-0.0000589839	0.000000082401
1	1892607	3582735	830	14	0.0001772526	0.000000376941
1	3582736	4380810	572	14	0.0005682346	0.000000312443
1	4380811	5913892	1921	14	0.0000674910	0.000000369282
1	5913893	7247334	753	14	0.0000973881	0.000000354891
1	7247335	9365198	1309	14	-0.0000371927	0.000000361977
1	9365199	10806983	563	14	0.0000226468	0.000000252151
1	10806984	11777840	419	14	-0.0000243707	0.000000216921
1	11777841	12779465	468	14	0.0000774901	0.000000250425
1	12779466	14891510	1232	14	0.0001821524	0.000000377283
1	14891511	16897729	1172	14	0.0000150331	0.000000365622
1	16897730	18662898	1196	14	-0.0000724644	0.000000359516
1	18662899	20469148	1279	14	-0.0000685278	0.000000359791
1	20469149	21736587	821	14	0.0000511134	0.000000350803
1	21736588	23086882	967	14	0.0004450913	0.000000395631
1	23086883	23920589	365	14	0.0000829829	0.000000156863
1	23920590	25516844	933	14	0.0000693557	0.000000369412
1	25516845	27401866	682	14	0.0003468393	0.000000274639
1	27401867	30161880	983	14	0.0001723715	0.000000376601
1	30161881	32438684	1946	14	0.0001042472	0.000000371847
1	32438685	34799757	1203	14	0.0002760483	0.000000383835
1	34799758	37549182	1023	14	0.0001584886	0.000000375632
1	37549183	38731846	627	14	0.0002682806	0.000000301361
1	38731847	40200566	762	14	0.0002099409	0.000000370520
1	40200567	41975326	1036	14	0.0001792927	0.000000377084
1	41975327	43758456	1126	14	-0.0000853348	0.000000358618
1	43758457	44969182	640	14	-0.0000074736	0.000000231228
1	44969183	46899500	821	14	0.0003156624	0.000000248959
1	46899501	48002575	541	14	0.0000949048	0.000000188241
1	48002576	48978187	575	14	0.0002428618	0.000000269807
1	48978188	49894176	465	14	-0.0000572041	0.000000162335
1	49894177	51713725	492	14	0.0002958034	0.000000154524
1	51713726	54226261	1005	14	0.0000651762	0.000000369121
1	54226262	56413116	1487	14	0.0002578353	0.000000382564
1	56413117	57021727	538	14	0.0001955177	0.000000182698
1	57021728	58865398	1597	14	0.0001229926	0.000000373155
1	58865399	59890408	803	14	-0.0000070299	0.000000275728
1	59890409	61922364	1239	14	0.0000853015	0.000000370525
1	61922365	63455088	998	14	-0.0000531560	0.000000360864
1	63455089	65041703	1371	14	-0.0000770665	0.000000359195
1	65041704	66939403	1366	14	0.0000688709	0.000000369379
1	66939404	68477894	1375	14	0.0000364158	0.000000367114
1	68477895	69687615	776	14	0.0000530568	0.000000276663
1	69687616	71372469	1153	14	-0.0000416356	0.000000361667
1	71372470	71684404	182	13	0.0001662154	0.000000056054
1	71684405	74326906	1620	14	0.0000591076	0.000000353084
1	74326907	76728134	1704	14	0.0000261659	0.000000366399
1	76728135	79661197	2021	14	0.0000986312	0.000000371455
1	79661198	81354190	1232	14	0.0000015629	0.000000362938
1	81354191	83991747	2242	14	0.0001491229	0.000000374978
1	83991748	84844494	583	14	0.0003588614	0.000000204262
1	84844495	86454750	1315	14	-0.0000564737	0.000000360632
1	86454751	88128630	1176	14	0.0003832296	0.000000391314
1	88128631	90066302	1039	14	0.0002423247	0.000000381482
1	90066303	91886316	1081	14	0.0003869100	0.000000391571
1	91886317	93536458	1079	14	0.0001058217	0.000000326526
1	93536459	94506190	540	14	0.0001419498	0.000000144625
1	94506191	96150892	1166	14	0.0001613195	0.000000374957
1	96150893	97885248	1175	14	-0.0000587345	0.000000346592
1	97885249	99800603	1302	14	0.0001317373	0.000000373765
1	99800604	100826404	669	14	0.0001900146	0.000000201496
1	100826405	102041015	908	14	0.0002074613	0.000000316055
1	102041016	102898744	705	14	0.0000632819	0.000000191247
1	102898745	103914210	620	14	0.0000305581	0.000000124407
1	103914211	106087841	1287	14	0.0002821827	0.000000384263
1	106087842	108409664	1692	14	0.0001366776	0.000000374110
1	108409665	110303930	1087	14	-0.0000128696	0.000000363675
1	110303931	111741736	1018	14	0.0000121946	0.000000365424
1	111741737	113273305	1354	14	0.0002433822	0.000000381556
1	113273306	114873844	909	14	-0.0000643111	0.000000360085
1	114873845	115880592	602	14	0.0001001351	0.000000217129
1	115880593	118839066	1712	14	0.0000172348	0.000000365775
1	118839067	144977493	1214	14	-0.0000438741	0.000000361511
1	144977494	148361252	830	14	0.0002158218	0.000000329144
1	148361253	151538880	570	14	0.0001456800	0.000000200669
1	151538881	153180828	1026	14	0.0002036225	0.000000285504
1	153180829	154770402	796	14	0.0000080859	0.000000321405
1	154770403	156336132	484	14	0.0001408674	0.000000229901
1	156336133	158027411	1223	14	0.0001019674	0.000000371688
1	158027412	159913047	1366	14	0.0008369583	0.000000422975
1	159913048	162346720	1624	14	0.0000456760	0.000000367760
1	162346721	165191701	2502	14	0.0000192461	0.000000365916
1	165191702	166460516	1049	14	0.0000510082	0.000000368132
1	166460517	169086323	2088	14	-0.0000557336	0.000000360684
1	169086324	170557775	1403	14	0.0001135638	0.000000355157
1	170557776	173097906	1760	14	0.0002516606	0.000000382133
1	173097907	175089767	762	14	0.0002738769	0.000000198390
1	175089768	177433380	1624	14	0.0001577291	0.000000375579
1	177433381	178944308	959	14	-0.0000027735	0.000000309749
1	178944309	178954469	3	1	0.0000300329	0.000000003802
1	178954470	181144120	1555	14	-0.0000476612	0.000000361247
1	181144121	182755355	1143	14	-0.0000678113	0.000000359841
1	182755356	184595512	1335	14	0.0000305894	0.000000366707
1	184595513	186810022	938	14	-0.0000089125	0.000000307653
1	186810023	188759944	1570	14	0.0001300991	0.000000373651
1	188759945	189904129	660	14	0.0000796493	0.000000128479
1	189904130	191868929	1566	14	0.0002637469	0.000000349366
1	191868930	194107441	1394	14	0.0001032284	0.000000371776
1	194107442	196176200	1655	14	-0.0001096272	0.000000356923
1	196176201	197311513	510	14	0.0002432200	0.000000135595
1	197311514	199239883	1065	14	0.0000873548	0.000000360237
1	199239884	200137648	671	14	0.0002201951	0.000000225438
1	200137649	201589974	1284	14	0.0000134955	0.000000365514
1	201589975	203334733	1082	14	0.0000592681	0.000000368708
1	203334734	204681067	854	14	0.0001669472	0.000000376222
1	204681068	206073264	1082	14	0.0004500348	0.000000395976
1	206073265	208410363	1221	14	0.0005045838	0.000000399782
1	208410364	210787749	1811	14	0.0000475211	0.000000367889
1	210787750	212842329	1320	14	0.0001838114	0.000000377399
1	212842330	214578265	1130	14	0.0003654754	0.000000390075
1	214578266	216243633	1321	14	0.0000077757	0.000000365115
1	216243634	218705512	2368	14	-0.0000583346	0.000000360502
1	218705513	219590570	678	14	0.0001425299	0.000000214744
1	219590571	221858230	1563	14	-0.0000405384	0.000000361744
1	221858231	222230219	349	14	-0.0000214216	0.000000131965
1	222230220	224938519	1066	14	-0.0000968749	0.000000357813
1	224938520	226810859	954	14	0.0000809182	0.000000370219
1	226810860	229156247	1496	14	-0.0000243730	0.000000362872
1	229156248	230685254	941	14	0.0000687387	0.000000369369
1	230685255	232090251	1089	14	0.0001358580	0.000000374053
1	232090252	233429283	1160	14	0.0000642281	0.000000369055
1	233429284	234599433	1082	14	0.0001488180	0.000000374957
1	234599434	235819435	750	14	-0.0000635217	0.000000359268
1	235819436	237555627	1409	14	0.0000346563	0.000000366991
1	237555628	238567806	907	14	0.0002682477	0.000000383291
1	238567807	239925313	1144	14	0.0000206430	0.000000366013
1	239925314	240564090	687	14	0.0001457488	0.000000290402
1	240564091	241582219	967	14	0.0001121868	0.000000372401
1	241582220	242071601	398	14	0.0002468025	0.000000181868
1	242071602	244109498	1194	14	0.0001801621	0.000000377144
1	244109499	245506745	959	14	0.0002383073	0.000000381202
1	245506746	247344517	1458	14	-0.0000619857	0.000000360247
1	247344518	249239465	878	14	0.0004756255	0.000000388183
2	10133	1781021	1391	14	0.0001184003	0.000000372835
2	1781022	3973778	1880	14	0.0000086829	0.000000365179
2	3973779	5708336	1440	14	0.0002080176	0.000000379088
2	5708337	6836253	1289	14	-0.0000090173	0.000000363944
2	6836254	8422146	1363	14	0.0000074939	0.000000365096
2	8422147	10298468	1364	14	0.0000584864	0.000000368654
2	10298469	12419149	1903	14	-0.0001264761	0.000000355747
2	12419150	14335307	1601	14	0.0003594738	0.000000389656
2	14335308	16329734	1776	14	0.0000223174	0.000000366130
2	16329735	18647422	1886	14	0.0001813539	0.000000377227
2	18647423	19692403	810	14	0.0001892215	0.000000307346
2	19692404	21050489	1309	14	0.0000198359	0.000000365957
2	21050490	23341382	1399	14	-0.0000249139	0.000000362834
2	23341383	24686917	872	14	0.0004391354	0.000000348047
2	24686918	26894984	1062	14	0.0003094531	0.000000386166
2	26894985	28598776	725	14	0.0001276676	0.000000261021
2	28598777	29217558	475	14	-0.0000682907	0.000000192615
2	29217559	30463710	1198	14	0.0002758733	0.000000383823
2	30463711	31550449	1175	14	-0.0000248932	0.000000362836
2	31550450	33363776	824	14	0.0001853848	0.000000377509
2	33363777	35345027	1806	14	0.0002225525	0.000000380102
2	35345028	36122005	859	14	0.0001613105	0.000000266533
2	36122006	38132711	1913	14	0.0001036038	0.000000371802
2	38132712	39031336	635	14	0.0002098384	0.000000334610
2	39031337	40281482	637	14	0.0001078941	0.000000278049
2	40281483	43309589	2847	14	0.0002647400	0.000000383046
2	43309590	44313802	850	14	0.0004476865	0.000000395812
2	44313803	46482633	1998	14	0.0001452545	0.000000374708
2	46482634	47318771	793	14	0.0001985935	0.000000377558
2	47318772	48213000	525	14	0.0000245947	0.000000315834
2	48213001	50022256	1541	14	0.0000720268	0.000000369599
2	50022257	50818927	826	14	0.0002681346	0.000000285952
2	50818928	52491132	1670	14	0.0002554403	0.000000382397
2	52491133	53508451	1130	14	0.0002083019	0.000000379108
2	53508452	54685225	893	14	-0.0000797639	0.000000359007
2	54685226	56203344	1228	14	0.0002373780	0.000000381137
2	56203345	57429099	975	14	0.0000201809	0.000000334950
2	57429100	58297314	665	14	0.0001185770	0.000000224518
2	58297315	60291999	1348	14	0.0001646570	0.000000376062
2	60292000	62429043	1055	14	0.0001995520	0.000000378497
2	62429044	64625912	1137	14	0.0000990108	0.000000371482
2	64625913	65933443	893	14	0.0000042590	0.000000364870
2	65933444	67226165	1157	14	0.0002568896	0.000000382498
2	67226166	68010175	936	14	-0.0000304930	0.000000312838
2	68010176	69139563	1047	14	0.0000929179	0.000000371056
2	69139564	70755197	985	14	0.0000143940	0.000000365577
2	70755198	73174847	1804	14	0.0001223997	0.000000373114
2	73174848	75630085	1481	14	0.0003438437	0.000000388566
2	75630086	76913660	1091	14	0.0000700601	0.000000369461
2	76913661	78079263	931	14	0.0002302223	0.000000380637
2	78079264	80050402	2035	14	0.0000700281	0.000000369459
2	80050403	81620840	1141	14	0.0002632346	0.000000382941
2	81620841	85140679	2425	14	0.0000776479	0.000000369991
2	85140680	88038506	1245	14	-0.0000487994	0.000000361168
2	88038507	89154525	448	14	0.0000790742	0.000000164497
2	89154526	95326451	49	5	0.0000080060	0.000000023100
2	95326452	98995200	860	14	0.0001586065	0.000000340343
2	98995201	101822328	1919	14	-0.0000676566	0.000000359852
2	101822329	102688764	609	14	0.0000233280	0.000000189229
2	102688765	103588214	965	14	0.0000889332	0.000000229386
2	103588215	105125033	795	14	0.0000350760	0.000000249850
2	105125034	106210057	865	14	-0.0000365673	0.000000315772
2	106210058	107408266	960	14	0.0000617779	0.000000357588
2	107408267	108429176	936	14	-0.0000154324	0.000000226021
2	108429177	110572431	1152	14	0.0001412908	0.000000374432
2	110572432	113921855	1434	14	0.0001653953	0.000000376114
2	113921856	116772469	1696	14	-0.0000160579	0.000000363452
2	116772470	118367465	1037	14	0.0001212924	0.000000265349
2	118367466	121303782	2054	14	0.0001681788	0.000000376308
2	121303783	123302905	1248	14	0.0001064729	0.000000372002
2	123302906	124732249	1192	14	0.0001446156	0.000000284641
2	124732250	125840920	896	14	0.0001653853	0.000000298297
2	125840921	127373763	1080	14	0.0001752697	0.000000258784
2	127373764	128034346	617	14	0.0000251916	0.000000234270
2	128034347	129474440	852	14	-0.0000258842	0.000000310647
2	129474441	130067169	478	14	0.0000902160	0.000000147403
2	130067170	130658084	470	14	0.0000623171	0.000000146187
2	130658085	133042783	542	14	0.0001771166	0.000000242464
2	133042784	135158577	1762	14	0.0000274027	0.000000366485
2	135158578	137042793	866	14	0.0001112212	0.000000275058
2	137042794	138698116	1253	14	0.0000467168	0.000000367833
2	138698117	140100270	1036	14	-0.0001325393	0.000000254923
2	140100271	141805350	1410	14	0.0002762429	0.000000383849
2	141805351	142518601	719	14	0.0001842479	0.000000240630
2	142518602	144519483	1503	14	0.0001718816	0.000000376566
2	144519484	146445569	882	14	0.0003299153	0.000000344657
2	146445570	147277161	385	14	-0.0000608370	0.000000109858
2	147277162	150210291	1498	14	0.0003254898	0.000000387285
2	150210292	151731461	1055	14	-0.0001094675	0.000000356934
2	151731462	152486781	584	14	0.0001607136	0.000000188360
2	152486782	154005055	1049	14	0.0001066373	0.000000358987
2	154005056	155391134	1154	14	0.0000309611	0.000000366733
2	155391135	157560634	1238	14	0.0004245510	0.000000394197
2	157560635	158533217	350	14	0.0002168682	0.000000159679
2	158533218	159577081	730	14	0.0000475308	0.000000257049
2	159577082	161769732	1382	14	-0.0000305586	0.000000362440
2	161769733	163503550	721	14	0.0001810207	0.000000227309
2	163503551	164466637	534	14	-0.0000084575	0.000000164973
2	164466638	165178839	422	14	0.0000633159	0.000000151937
2	165178840	167160269	1379	14	0.0002140503	0.000000379509
2	167160270	167355969	172	13	0.0002070925	0.000000063872
2	167355970	169968235	1670	14	0.0010078543	0.000000434900
2	169968236	171226244	989	14	0.0000394536	0.000000367326
2	171226245	173138904	1042	14	0.0000913444	0.000000370947
2	173138905	175588928	1646	14	0.0000905542	0.000000370892
2	175588929	177363635	1005	14	-0.0001004226	0.000000357565
2	177363636	178553182	1043	14	0.0003267374	0.000000340223
2	178553183	181312738	2217	14	0.0000098901	0.000000365263
2	181312739	182266030	708	14	0.0001814239	0.000000212898
2	182266031	184357607	1319	14	0.0000405814	0.000000367404
2	184357608	185280172	627	14	0.0002308665	0.000000182951
2	185280173	189882064	2518	14	0.0001027787	0.000000371745
2	189882065	191973356	1078	14	0.0001124454	0.000000340527
2	191973357	195861163	1715	14	0.0002876714	0.000000384646
2	195861164	196447455	347	14	-0.0000041867	0.000000105582
2	196447456	198078109	893	14	0.0001855349	0.000000261866
2	198078110	199311124	616	14	-0.0000490873	0.000000159992
2	199311125	201576283	1259	14	0.0000096766	0.000000365248
2	201576284	202818636	524	14	0.0000561421	0.000000221729
2	202818637	205799240	1379	14	0.0000607397	0.000000368811
2	205799241	206735703	679	14	0.0002587224	0.000000380881
2	206735704	208645398	1197	14	0.0001030587	0.000000371764
2	208645399	209941528	739	14	0.0000161379	0.000000266046
2	209941529	212379517	1702	14	0.0000622837	0.000000368919
2	212379518	214014281	1468	14	0.0000262582	0.000000366405
2	214014282	215573794	1055	14	-0.0000654714	0.000000331538
2	215573795	217715660	1544	14	0.0000404275	0.000000367394
2	217715661	218395479	528	14	0.0001340968	0.000000235606
2	218395480	220454550	930	14	0.0001009488	0.000000371617
2	220454551	222521175	1852	14	0.0002787734	0.000000384025
2	222521176	224859418	1706	14	0.0000994336	0.000000371511
2	224859419	225840003	758	14	0.0001889080	0.000000245615
2	225840004	228119841	1609	14	-0.0000438542	0.000000361513
2	228119842	229370786	949	14	0.0001235125	0.000000328600
2	229370787	231843388	1878	14	0.0001329224	0.000000373848
2	231843389	233550002	811	14	0.0002292726	0.000000380571
2	233550003	235150986	1467	14	0.0000983113	0.000000371433
2	235150987	236043549	781	14	-0.0000746434	0.000000359364
2	236043550	237449031	914	14	0.0000206540	0.000000366014
2	237449032	238760980	1087	14	0.0001161299	0.000000372676
2	238760981	239952642	846	14	0.0001092229	0.000000366967
2	239952643	241560083	1253	14	-0.0000075827	0.000000364044
2	241560084	242149920	386	14	0.0000546012	0.000000163530
2	242149921	243188919	262	14	0.0004219193	0.000000130826
3	60157	1441778	1251	14	0.0001242685	0.000000373244
3	1441779	2992119	1724	14	0.0000882719	0.000000370732
3	2992120	4431646	1542	14	0.0000988502	0.000000371470
3	4431647	6083182	1504	14	0.0000368508	0.000000367144
3	6083183	7083386	937	14	0.0000407287	0.000000367415
3	7083387	8648560	1774	14	0.0005678808	0.000000404199
3	8648561	9543182	839	14	0.0000677856	0.000000369303
3	9543183	11019664	995	14	0.0000945464	0.000000371170
3	11019665	13070798	1342	14	0.0003735198	0.000000390637
3	13070799	14816899	1467	14	0.0004887270	0.000000398676
3	14816900	16282441	1011	14	0.0000801159	0.000000370163
3	16282442	17891117	1052	14	0.0000270238	0.000000366458
3	17891118	19125143	772	14	0.0001938830	0.000000272780
3	19125144	20091347	342	14	0.0004044137	0.000000167646
3	20091348	21643706	1347	14	0.0001871955	0.000000377635
3	21643707	22204243	904	14	0.0000080967	0.000000365138
3	22204244	23804864	1173	14	0.0001139887	0.000000372527
3	23804865	25461557	1449	14	0.0002178853	0.000000379777
3	25461558	26877768	996	14	0.0000453471	0.000000367737
3	26877769	27840909	663	14	0.0001578283	0.000000240351
3	27840910	29142259	938	14	0.0002486696	0.000000381925
3	29142260	30717954	1375	14	0.0001868824	0.000000377613
3	30717955	32351714	1285	14	0.0000692013	0.000000369402
3	32351715	33255591	473	14	0.0001096501	0.000000254233
3	33255592	35283457	1261	14	-0.0000289114	0.000000361683
3	35283458	36486841	895	14	0.0000516572	0.000000313536
3	36486842	38356115	1061	14	-0.0000468099	0.000000361306
3	38356116	40221297	1316	14	0.0002051007	0.000000378884
3	40221298	41064527	312	14	0.0000995683	0.000000116797
3	41064528	42540001	1009	14	0.0002313115	0.000000370277
3	42540002	45165152	1292	14	0.0001926154	0.000000378013
3	45165153	46657499	1072	14	0.0000925568	0.000000371031
3	46657500	47727211	309	14	0.0000596423	0.000000105240
3	47727212	49316971	361	14	0.0002092272	0.000000100164
3	49316972	51832014	667	14	0.0006943971	0.000000189051
3	51832015	54081389	1028	14	0.0001127561	0.000000372441
3	54081390	55348859	1151	14	0.0000743690	0.000000369762
3	55348860	56433906	734	14	0.0001815971	0.000000305169
3	56433907	58157518	981	14	0.0000349663	0.000000367013
3	58157519	60272905	1832	14	0.0001025189	0.000000371726
3	60272906	62355665	1831	14	0.0001800579	0.000000377137
3	62355666	63669285	1307	14	-0.0000272261	0.000000362673
3	63669286	65273537	1364	14	0.0000937390	0.000000371114
3	65273538	66270446	602	14	0.0001015857	0.000000352601
3	66270447	68286913	1398	14	0.0000364155	0.000000367114
3	68286914	69276761	711	14	0.0000137345	0.000000318434
3	69276762	70449027	863	14	0.0002328066	0.000000370381
3	70449028	72529328	1433	14	0.0000881499	0.000000370724
3	72529329	74321816	1475	14	0.0001197150	0.000000372926
3	74321817	75704948	622	14	0.0000767833	0.000000233184
3	75704949	77508834	1159	14	0.0000546703	0.000000368388
3	77508835	79024540	933	14	0.0001249270	0.000000337997
3	79024541	81427309	1311	14	0.0002056924	0.000000324255
3	81427310	82643885	721	14	0.0002128420	0.000000191961
3	82643886	84367478	877	14	-0.0000341804	0.000000228600
3	84367479	85582230	651	14	-0.0000136954	0.000000174107
3	85582231	87409731	1277	14	0.0000346881	0.000000287578
3	87409732	88298372	514	14	0.0003327544	0.000000130116
3	88298373	94255315	1241	14	0.0001186256	0.000000335862
3	94255316	95311970	769	14	0.0000667511	0.000000155744
3	95311971	98215949	1577	14	0.0002260486	0.000000380346
3	98215950	99373761	810	14	0.0003902352	0.000000244094
3	99373762	100592216	614	14	0.0001574638	0.000000197757
3	100592217	103084959	1475	14	0.0000307512	0.000000366719
3	103084960	104581612	1192	14	0.0000501672	0.000000291108
3	104581613	106982810	1662	14	-0.0001227645	0.000000356006
3	106982811	109522394	1747	14	0.0001741185	0.000000376723
3	109522395	110513769	718	14	-0.0000673617	0.000000152951
3	110513770	112815698	1535	14	0.0000413143	0.000000367456
3	112815699	113947862	688	14	0.0002153513	0.000000257623
3	113947863	115447079	794	14	0.0001678628	0.000000358082
3	115447080	116800152	1081	14	-0.0001095284	0.000000356930
3	116800153	118530250	1371	14	0.0000483730	0.000000367948
3	118530251	120523054	1213	14	0.0002447815	0.000000381653
3	120523055	121974096	797	14	-0.0000758753	0.000000177920
3	121974097	123517767	979	14	0.0003308947	0.000000387662
3	123517768	124936641	1188	14	-0.0001312934	0.000000355411
3	124936642	126214942	932	14	0.0002440077	0.000000321920
3	126214943	128194860	1278	14	-0.0000124706	0.000000363703
3	128194861	130244734	801	14	0.0001461258	0.000000299417
3	130244735	131836515	1147	14	0.0002785397	0.000000346153
3	131836516	133252172	1082	14	0.0000438838	0.000000332352
3	133252173	135456905	1662	14	0.0000753887	0.000000369833
3	135456906	137371082	881	14	-0.0000544076	0.000000249977
3	137371083	139954596	1631	14	0.0000708696	0.000000369518
3	139954597	141339096	859	14	0.0000980135	0.000000370539
3	141339097	143164627	1126	14	0.0000379314	0.000000367220
3	143164628	144410815	830	14	0.0003865795	0.000000307135
3	144410816	145664618	1066	14	0.0001088002	0.000000280535
3	145664619	146726628	879	14	0.0002047150	0.000000266366
3	146726629	149043236	1437	14	0.0000233563	0.000000366203
3	149043237	150252003	834	14	0.0001582313	0.000000372126
3	150252004	151348729	673	14	-0.0000644106	0.000000289711
3	151348730	153256570	1289	14	0.0004098438	0.000000393171
3	153256571	154714217	989	14	0.0000428845	0.000000243309
3	154714218	156008699	704	14	0.0000771612	0.000000263084
3	156008700	157312027	935	14	-0.0000767389	0.000000282287
3	157312028	159477889	1456	14	-0.0000216243	0.000000363064
3	159477890	161524503	1263	14	0.0002188483	0.000000341995
3	161524504	163253204	1625	14	-0.0000120852	0.000000293349
3	163253205	165055468	1199	14	0.0001413714	0.000000247004
3	165055469	167117428	1197	14	0.0001272775	0.000000306339
3	167117429	168580959	781	14	0.0000156014	0.000000241418
3	168580960	170964908	1419	14	0.0003306591	0.000000387646
3	170964909	172295730	930	14	0.0003403960	0.000000388325
3	172295731	173477284	774	14	0.0000907256	0.000000366547
3	173477285	175116538	1344	14	0.0001542029	0.000000375333
3	175116539	176320286	842	14	0.0001632696	0.000000266669
3	176320287	178107164	1140	14	0.0001072243	0.000000372055
3	178107165	179374585	803	14	0.0000308554	0.000000284048
3	179374586	181511165	949	14	0.0000736224	0.000000346360
3	181511166	183769682	1237	14	-0.0000290613	0.000000362545
3	183769683	185068254	755	14	0.0000174131	0.000000364915
3	185068255	186890343	1057	14	0.0002196541	0.000000379900
3	186890344	188856213	1516	14	0.0000741544	0.000000369747
3	188856214	190226606	1405	14	-0.0001339673	0.000000355225
3	190226607	192343813	1630	14	-0.0001390013	0.000000354873
3	192343814	194059670	796	14	-0.0000573576	0.000000360570
3	194059671	194786673	433	14	0.0000778964	0.000000248093
3	194786674	195971407	358	14	0.0002296143	0.000000207219
3	195971408	197075986	414	14	0.0004066847	0.000000235300
3	197075987	197946621	349	14	0.0001000095	0.000000157322
4	10240	694714	202	14	0.0002351116	0.000000098642
4	694715	1478710	428	14	0.0001724415	0.000000176008
4	1478711	2842978	500	14	0.0002324501	0.000000258809
4	2842979	3846039	522	14	-0.0000971418	0.000000275969
4	3846040	4684115	479	14	-0.0000252697	0.000000248827
4	4684116	5502387	711	14	-0.0001098335	0.000000356909
4	5502388	6773042	1145	14	0.0003869990	0.000000391577
4	6773043	7539691	695	14	0.0000609537	0.000000368826
4	7539692	8152234	569	14	0.0002081334	0.000000358310
4	8152235	9326478	471	14	0.0001050221	0.000000250760
4	9326479	10699151	1183	14	-0.0000524203	0.000000358300
4	10699152	12323033	1428	14	0.0000838345	0.000000370423
4	12323034	14272000	1664	14	0.0000041698	0.000000364864
4	14272001	15147445	740	14	-0.0000438680	0.000000299402
4	15147446	15927008	508	14	-0.0000256164	0.000000203867
4	15927009	17383321	1277	14	-0.0000087002	0.000000363966
4	17383322	18841873	953	14	0.0002283301	0.000000351157
4	18841874	20544556	1161	14	-0.0000563092	0.000000315239
4	20544557	22319346	1445	14	0.0001172651	0.000000372755
4	22319347	24135528	1289	14	0.0001600668	0.000000375742
4	24135529	25609321	1104	14	-0.0000278254	0.000000362631
4	25609322	27343721	1050	14	-0.0000529355	0.000000360879
4	27343722	27965867	483	14	-0.0000659615	0.000000166834
4	27965868	29762207	1429	14	0.0002893483	0.000000384763
4	29762208	30454534	386	14	0.0003412898	0.000000144417
4	30454535	31782980	948	14	0.0000921704	0.000000357978
4	31782981	33172765	845	14	0.0000622716	0.000000270052
4	33172766	35151414	968	14	0.0002462193	0.000000219647
4	35151415	36020435	797	14	0.0001213509	0.000000208743
4	36020436	37255046	1080	14	0.0002957951	0.000000316406
4	37255047	38907021	1422	14	0.0000910044	0.000000370923
4	38907022	40202608	692	14	-0.0000227886	0.000000269781
4	40202609	42213057	1302	14	0.0001353399	0.000000374017
4	42213058	43965044	1204	14	0.0000652167	0.000000368251
4	43965045	45189156	917	14	0.0001560522	0.000000241782
4	45189157	47411895	1152	14	0.0001181255	0.000000338372
4	47411896	48123599	480	14	-0.0000175736	0.000000135038
4	48123600	53877432	919	14	0.0001356837	0.000000303624
4	53877433	55429555	1019	14	-0.0000109533	0.000000363808
4	55429556	56547643	772	14	0.0001161514	0.000000302266
4	56547644	58935007	1679	14	0.0000695239	0.000000369424
4	58935008	60741086	1250	14	0.0000970831	0.000000371347
4	60741087	62371762	1091	14	0.0001656857	0.000000336600
4	62371763	64341000	1109	14	0.0001727413	0.000000374881
4	64341001	66600491	1313	14	0.0002293645	0.000000380578
4	66600492	68059496	926	14	0.0001056579	0.000000285178
4	68059497	68854764	532	14	-0.0000337771	0.000000154548
4	68854765	71049151	1235	14	0.0000457166	0.000000312289
4	71049152	72140557	527	14	0.0000052024	0.000000137311
4	72140558	74592389	1073	14	0.0002793965	0.000000346212
4	74592390	77130706	1523	14	0.0002602747	0.000000382734
4	77130707	79093978	1390	14	0.0001791048	0.000000377071
4	79093979	80990296	1213	14	-0.0000415706	0.000000343481
4	80990297	82125314	519	14	0.0003047941	0.000000184418
4	82125315	83372592	775	14	0.0000287665	0.000000276594
4	83372593	84799655	923	14	0.0002257141	0.000000357818
4	84799656	86930608	1298	14	0.0001185852	0.000000372848
4	86930609	87534647	283	14	-0.0000683262	0.000000072559
4	87534648	89238027	1106	14	0.0000942880	0.000000371152
4	89238028	90231563	633	14	0.0000280858	0.000000246212
4	90231564	91560676	811	14	0.0000746806	0.000000261318
4	91560677	94233298	1254	14	-0.0000037518	0.000000364311
4	94233299	96182187	1320	14	-0.0000230725	0.000000362963
4	96182188	97540702	1182	14	0.0001818224	0.000000377260
4	97540703	99424066	1041	14	0.0000786566	0.000000248145
4	99424067	100678359	825	14	0.0002426417	0.000000303667
4	100678360	103221355	1696	14	0.0000096679	0.000000365247
4	103221356	105305293	1107	14	0.0000038848	0.000000315231
4	105305294	107501304	1201	14	0.0002521903	0.000000382170
4	107501305	108815347	775	14	0.0001306368	0.000000238467
4	108815348	111256566	1537	14	0.0003087238	0.000000386115
4	111256567	113870101	1468	14	0.0003559725	0.000000389412
4	113870102	115666245	1179	14	0.0000606550	0.000000368805
4	115666246	117276928	921	14	0.0002562282	0.000000216565
4	117276929	118479917	1056	14	0.0000104702	0.000000274514
4	118479918	119933511	1112	14	0.0003986590	0.000000307974
4	119933512	120392683	316	14	-0.0000543680	0.000000076135
4	120392684	122657986	1643	14	0.0005528502	0.000000403150
4	122657987	124286480	883	14	0.0000613796	0.000000235999
4	124286481	125210861	524	14	0.0001388481	0.000000203188
4	125210862	126480885	871	14	0.0001861830	0.000000300562
4	126480886	127275476	582	14	0.0002922139	0.000000200396
4	127275477	127830292	428	14	0.0002353759	0.000000153173
4	127830293	128996664	453	14	-0.0000833211	0.000000118642
4	128996665	130591884	940	14	-0.0000617800	0.000000336923
4	130591885	131283820	469	14	0.0001567319	0.000000160520
4	131283821	132954032	958	14	-0.0000124885	0.000000301585
4	132954033	134628433	1159	14	0.0003218741	0.000000303454
4	134628434	136566406	1186	14	-0.0000480845	0.000000309939
4	136566407	138541970	1301	14	0.0001972260	0.000000378335
4	138541971	139556510	742	14	0.0004380028	0.000000309893
4	139556511	141084630	855	14	-0.0000158050	0.000000363470
4	141084631	143443264	1519	14	-0.0000554866	0.000000360701
4	143443265	146178186	1208	14	0.0006002270	0.000000380491
4	146178187	148521872	1234	14	0.0000770532	0.000000369949
4	148521873	150683579	1171	14	-0.0000036042	0.000000364321
4	150683580	152782183	945	14	0.0000734401	0.000000270827
4	152782184	154477640	872	14	-0.0000214027	0.000000363079
4	154477641	155056125	407	14	0.0000700648	0.000000166043
4	155056126	157485096	1718	14	-0.0000182860	0.000000363297
4	157485097	158743717	699	14	0.0001158239	0.000000249936
4	158743718	161058863	1136	14	0.0000252766	0.000000351587
4	161058864	161826434	618	14	0.0001430328	0.000000233133
4	161826435	163243678	1084	14	0.0001370208	0.000000355932
4	163243679	164478233	768	14	-0.0000280509	0.000000259775
4	164478234	165823447	987	14	0.0000397037	0.000000367343
4	165823448	167018857	743	14	0.0002057374	0.000000349583
4	167018858	167852916	506	14	-0.0000434606	0.000000141730
4	167852917	169676824	1251	14	0.0000041128	0.000000364860
4	169676825	170776509	561	14	-0.0000932047	0.000000204509
4	170776510	172558634	1072	14	0.0001317860	0.000000344430
4	172558635	174264131	942	14	0.0000563509	0.000000308034
4	174264132	176570715	1388	14	0.0001134434	0.000000372489
4	176570716	178991909	1783	14	0.0001020257	0.000000371692
4	178991910	180122042	803	14	0.0002095586	0.000000330386
4	180122043	182066806	1725	14	0.0000356223	0.000000367058
4	182066807	183371274	1346	14	0.0000490966	0.000000367999
4	183371275	184929454	1060	14	0.0000332644	0.000000366894
4	184929455	186909089	1515	14	0.0002088186	0.000000379144
4	186909090	188472980	1132	14	0.0002186065	0.000000379827
4	188472981	189693510	839	14	0.0000449393	0.000000367709
4	189693511	191043593	707	14	0.0000662365	0.000000342423
5	11940	982251	448	14	0.0001335296	0.000000196847
5	982252	2132441	884	14	0.0005265863	0.000000401317
5	2132442	3361940	1660	14	0.0000314785	0.000000366769
5	3361941	4632109	1136	14	0.0002559396	0.000000382432
5	4632110	5973232	1496	14	0.0002078558	0.000000379077
5	5973233	7143217	1182	14	0.0001676459	0.000000376271
5	7143218	8446335	1258	14	0.0000519602	0.000000368198
5	8446336	9718831	1327	14	0.0001309114	0.000000373708
5	9718832	11173270	1421	14	0.0000956401	0.000000371246
5	11173271	13464831	1234	14	-0.0000998244	0.000000357607
5	13464832	14757803	1141	14	0.0000058791	0.000000364983
5	14757804	16963612	1425	14	0.0000723023	0.000000369618
5	16963613	18051591	582	14	0.0002278981	0.000000279142
5	18051592	19917715	1348	14	-0.0000149395	0.000000363530
5	19917716	22152072	1101	14	0.0000382519	0.000000323506
5	22152073	23494323	947	14	0.0000436218	0.000000294754
5	23494324	26184850	1869	14	0.0000864255	0.000000370603
5	26184851	26857603	434	14	0.0000566203	0.000000138043
5	26857604	27984512	605	14	0.0002008460	0.000000213488
5	27984513	29714819	1231	14	0.0002895655	0.000000351165
5	29714820	31390248	1428	14	0.0001321964	0.000000373797
5	31390249	33500179	1421	14	0.0000651075	0.000000369116
5	33500180	35048969	1057	14	0.0001752885	0.000000376804
5	35048970	36433953	1028	14	0.0000244253	0.000000334395
5	36433954	38802409	1542	14	0.0001595348	0.000000375705
5	38802410	40287728	1161	14	-0.0000853435	0.000000331007
5	40287729	41888709	1275	14	0.0002330369	0.000000312042
5	41888710	43983498	936	14	0.0002317512	0.000000251705
5	43983499	50163397	998	14	0.0000968784	0.000000244702
5	50163398	52134621	1370	14	-0.0000304762	0.000000361574
5	52134622	53703043	1342	14	0.0003384174	0.000000388187
5	53703044	55417348	1180	14	0.0002506355	0.000000382062
5	55417349	56621101	1001	14	0.0001267035	0.000000373414
5	56621102	57340072	603	14	0.0004031848	0.000000210284
5	57340073	58524621	1192	14	0.0001885550	0.000000377730
5	58524622	60935906	1462	14	0.0001057109	0.000000371949
5	60935907	61672994	542	14	0.0001468710	0.000000177152
5	61672995	63218986	1079	14	0.0001952494	0.000000306941
5	63218987	63968303	364	14	0.0001789604	0.000000122259
5	63968304	65911285	1261	14	-0.0001066766	0.000000357129
5	65911286	67850859	1527	14	0.0002065036	0.000000378982
5	67850860	71240455	900	14	0.0000476338	0.000000336863
5	71240456	73759325	1874	14	-0.0000059127	0.000000364160
5	73759326	75798865	1344	14	0.0001084693	0.000000372142
5	75798866	77623331	1354	14	0.0000753042	0.000000369827
5	77623332	79393143	1191	14	0.0001127859	0.000000372443
5	79393144	80481470	880	14	0.0000935839	0.000000370230
5	80481471	82025647	913	14	0.0000210337	0.000000365168
5	82025648	83972688	1077	14	0.0001263016	0.000000372513
5	83972689	85767289	1441	14	-0.0000619295	0.000000359379
5	85767290	87389990	647	14	0.0003013088	0.000000241012
5	87389991	88891529	597	14	0.0002466988	0.000000206906
5	88891530	90422653	881	14	0.0000125976	0.000000300017
5	90422654	91840541	664	14	0.0000580378	0.000000214215
5	91840542	93809983	802	14	0.0000622836	0.000000287047
5	93809984	95963518	1352	14	0.0000844816	0.000000370468
5	95963519	97315600	956	14	0.0000541470	0.000000265480
5	97315601	99260991	1172	14	0.0002322157	0.000000376417
5	99260992	101578768	1355	14	0.0001851325	0.000000377491
5	101578769	103320004	1090	14	0.0000023111	0.000000355171
5	103320005	104851482	1064	14	0.0000317092	0.000000313819
5	104851483	105893054	421	14	0.0002569428	0.000000193535
5	105893055	107264195	1191	14	0.0000794542	0.000000370117
5	107264196	108633933	923	14	-0.0000168977	0.000000312946
5	108633934	110821143	1527	14	0.0001719534	0.000000376571
5	110821144	111981561	885	14	0.0000987543	0.000000364500
5	111981562	113396284	1203	14	0.0001809627	0.000000377200
5	113396285	114830369	1136	14	0.0002373964	0.000000381138
5	114830370	115831046	914	14	0.0000894080	0.000000347461
5	115831047	117346212	1360	14	0.0002071419	0.000000379027
5	117346213	118608819	826	14	0.0001644030	0.000000372557
5	118608820	119669041	732	14	0.0001412478	0.000000292534
5	119669042	120452165	585	14	0.0002205778	0.000000214853
5	120452166	122556904	1441	14	0.0002413385	0.000000381413
5	122556905	123798099	1017	14	-0.0000264161	0.000000362729
5	123798100	125785648	1881	14	0.0001645781	0.000000376057
5	125785649	127344603	846	14	-0.0000077123	0.000000328758
5	127344604	129519024	1599	14	0.0000778539	0.000000370005
5	129519025	132139648	1160	14	-0.0000695492	0.000000294304
5	132139649	134777400	1580	14	0.0000664226	0.000000369208
5	134777401	136376049	1237	14	0.0001224026	0.000000373114
5	136376050	139265071	1254	14	0.0001426482	0.000000374527
5	139265072	140645970	603	14	0.0002297224	0.000000199038
5	140645971	142981247	1588	14	0.0001126819	0.000000372436
5	142981248	144943353	1471	14	0.0000178195	0.000000365816
5	144943354	147181997	1538	14	-0.0000194339	0.000000363217
5	147181998	148662623	1206	14	0.0000901180	0.000000370861
5	148662624	150561297	1487	14	-0.0000874923	0.000000358468
5	150561298	152867773	1855	14	0.0001206570	0.000000372119
5	152867774	153773087	958	14	0.0000172546	0.000000255743
5	153773088	155373504	1202	14	0.0000995987	0.000000371523
5	155373505	156628699	806	14	0.0001124715	0.000000275145
5	156628700	158825697	1799	14	0.0001666496	0.000000376201
5	158825698	159973943	745	14	0.0000431947	0.000000355427
5	159973944	161482132	1131	14	0.0001141392	0.000000347472
5	161482133	162743907	898	14	-0.0000664613	0.000000299490
5	162743908	163771581	874	14	0.0002678530	0.000000344561
5	163771582	165642394	1240	14	0.0001295601	0.000000373613
5	165642395	166847739	890	14	-0.0000087167	0.000000363965
5	166847740	168525317	1334	14	0.0001064582	0.000000372001
5	168525318	169505663	901	14	0.0001861477	0.000000377562
5	169505664	171074291	1250	14	0.0000039448	0.000000364848
5	171074292	172678326	1169	14	0.0000048988	0.000000364915
5	172678327	173642870	964	14	0.0001507277	0.000000375090
5	173642871	175450594	1551	14	-0.0000948921	0.000000357951
5	175450595	177251506	552	14	-0.0000940524	0.000000240105
5	177251507	178413463	814	14	0.0001698718	0.000000376426
5	178413464	179401243	645	14	0.0002581263	0.000000368687
5	179401244	180559932	636	14	0.0001035093	0.000000325524
5	180559933	180885155	83	12	0.0002740008	0.000000062812
6	73924	1452361	1337	14	0.0001998184	0.000000378516
6	1452362	2458935	834	14	0.0003744371	0.000000390701
6	2458936	3573592	1065	14	0.0002305913	0.000000380663
6	3573593	4617816	1128	14	0.0000928456	0.000000371051
6	4617817	5791471	1156	14	-0.0000048981	0.000000364231
6	5791472	6785206	1100	14	0.0000233955	0.000000366205
6	6785207	7808935	951	14	0.0001245241	0.000000373262
6	7808936	9020025	1235	14	0.0000321307	0.000000366815
6	9020026	10540316	1344	14	-0.0000563800	0.000000360639
6	10540317	11790815	1048	14	0.0003078390	0.000000386053
6	11790816	13209387	1241	14	0.0002795913	0.000000384082
6	13209388	14802923	1351	14	0.0001601119	0.000000375745
6	14802924	17386404	1958	14	0.0000113567	0.000000365365
6	17386405	19207486	1478	14	0.0000422277	0.000000367519
6	19207487	21684064	2169	14	0.0003021237	0.000000385655
6	21684065	22748306	1103	14	0.0002481889	0.000000381891
6	22748307	23936618	1178	14	0.0000451792	0.000000367725
6	23936619	24852274	760	14	0.0002166164	0.000000377943
6	24852275	25684586	942	14	0.0006163222	0.000000380757
6	25684587	26791232	905	14	0.0007783432	0.000000277137
6	26791233	28017818	562	14	0.0003129315	0.000000169151
6	28017819	28917607	585	14	0.0005161442	0.000000148193
6	28917608	29737970	905	14	0.0004919365	0.000000228354
6	29737971	30798167	1823	14	0.0002967239	0.000000339817
6	30798168	31571217	1647	14	0.0003965436	0.000000368010
6	31571218	32682663	1190	14	0.0003985837	0.000000360462
6	32682664	33236496	1205	14	0.0002039756	0.000000335888
6	33236497	35455755	1334	14	0.0005247103	0.000000401186
6	35455756	37572595	1453	14	0.0004121615	0.000000393333
6	37572596	39295676	1549	14	0.0001548117	0.000000375375
6	39295677	40345114	837	14	0.0001769917	0.000000311450
6	40345115	42038720	1361	14	-0.0000940545	0.000000358010
6	42038721	43756168	748	14	0.0002928531	0.000000371108
6	43756169	45406562	1199	14	0.0000779025	0.000000370009
6	45406563	47311897	1544	14	0.0003652513	0.000000390060
6	47311898	48391124	912	14	0.0001169704	0.000000228246
6	48391125	50386144	1483	14	0.0001858882	0.000000304645
6	50386145	52210475	1408	14	-0.0000071253	0.000000364076
6	52210476	53279101	843	14	0.0000110293	0.000000319927
6	53279102	55468269	2076	14	-0.0000027245	0.000000364383
6	55468270	56105312	655	14	-0.0000090252	0.000000120990
6	56105313	57599464	804	14	0.0002282539	0.000000278366
6	57599465	61880511	406	14	0.0002985086	0.000000101679
6	61880512	63552887	1088	14	0.0000191006	0.000000190426
6	63552888	65765741	1256	14	0.0000717295	0.000000316604
6	65765742	67329214	1651	14	-0.0000475186	0.000000361257
6	67329215	68849482	1388	14	0.0003437457	0.000000370344
6	68849483	69523447	599	14	0.0001304394	0.000000161569
6	69523448	71609509	1746	14	0.0003122344	0.000000386360
6	71609510	73450096	1539	14	0.0002363154	0.000000381063
6	73450097	75462002	1283	14	0.0001042284	0.000000371846
6	75462003	77414880	1056	14	0.0004265497	0.000000319731
6	77414881	78957727	1386	14	0.0001410140	0.000000273111
6	78957728	80691169	1363	14	0.0002763826	0.000000383858
6	80691170	81929221	1092	14	0.0000453770	0.000000185559
6	81929222	83127148	863	14	0.0003072197	0.000000288666
6	83127149	85209988	1220	14	0.0000997876	0.000000370663
6	85209989	87069499	1427	14	0.0003014444	0.000000351142
6	87069500	88822139	1239	14	-0.0000427115	0.000000361592
6	88822140	89973051	905	14	-0.0000043646	0.000000346075
6	89973052	91843195	1509	14	0.0000124912	0.000000365444
6	91843196	93428643	1300	14	0.0001532515	0.000000375266
6	93428644	94118141	721	14	0.0001576866	0.000000223400
6	94118142	94441174	212	11	-0.0000598664	0.000000043068
6	94441175	97093510	1976	14	0.0001360783	0.000000374068
6	97093511	97842283	573	14	0.0000882170	0.000000147265
6	97842284	100630145	1876	14	0.0001251171	0.000000373303
6	100630146	102636771	1341	14	0.0001185468	0.000000372845
6	102636772	103983394	949	14	0.0004452021	0.000000258709
6	103983395	106056732	1421	14	0.0002973938	0.000000385325
6	106056733	107450305	1226	14	0.0001708087	0.000000376492
6	107450306	108464379	630	14	-0.0000443742	0.000000242762
6	108464380	110304246	1096	14	0.0008187172	0.000000404320
6	110304247	112345013	1219	14	0.0002113812	0.000000379323
6	112345014	114220832	1432	14	0.0000612599	0.000000368847
6	114220833	116131395	1196	14	0.0000141185	0.000000321825
6	116131396	117672971	1064	14	0.0001077080	0.000000310776
6	117672972	118963114	877	14	-0.0000056237	0.000000233692
6	118963115	119963277	770	14	-0.0000190334	0.000000206599
6	119963278	120512127	511	14	-0.0000313102	0.000000110522
6	120512128	121905675	1088	14	0.0000173243	0.000000234503
6	121905676	123856180	1482	14	0.0002018705	0.000000378659
6	123856181	125424382	1293	14	0.0000760661	0.000000369881
6	125424383	127540460	1046	14	0.0003103717	0.000000370603
6	127540461	129861030	1543	14	0.0001331957	0.000000373867
6	129861031	130935453	1051	14	0.0001194710	0.000000372909
6	130935454	132765668	1402	14	-0.0000817503	0.000000358868
6	132765669	134244242	1292	14	-0.0000374599	0.000000361959
6	134244243	136224176	1259	14	0.0003415949	0.000000388409
6	136224177	137614217	665	14	0.0002958850	0.000000296769
6	137614218	138822628	958	14	0.0000949433	0.000000371198
6	138822629	139845435	720	14	0.0000667040	0.000000335640
6	139845436	142288478	1403	14	0.0000268567	0.000000366447
6	142288479	145319809	2187	14	0.0000948964	0.000000371195
6	145319810	146665423	915	14	0.0003475925	0.000000189553
6	146665424	148920351	1878	14	0.0000149941	0.000000365619
6	148920352	150253403	1087	14	-0.0000486623	0.000000361177
6	150253404	151912702	1687	14	0.0001205855	0.000000372987
6	151912703	153094495	1075	14	0.0001687528	0.000000376348
6	153094496	154974119	1819	14	0.0001787662	0.000000377047
6	154974120	156763325	1420	14	0.0000126115	0.000000365453
6	156763326	158218718	696	14	0.0001367714	0.000000354194
6	158218719	160580496	2105	14	-0.0000700336	0.000000359686
6	160580497	162169563	1431	14	-0.0000106359	0.000000363831
6	162169564	162931202	734	14	0.0000645992	0.000000340602
6	162931203	164383520	1432	14	0.0003040972	0.000000385792
6	164383521	165586863	1321	14	-0.0001536864	0.000000353849
6	165586864	167024732	1596	14	0.0002008051	0.000000378585
6	167024733	168042834	895	14	0.0003187061	0.000000383322
6	168042835	169382049	1314	14	0.0000065286	0.000000365028
6	169382050	170330172	859	14	0.0001039550	0.000000274553
6	170330173	171051269	499	14	0.0000569163	0.000000201274
7	16161	972751	176	14	0.0003849602	0.000000118882
7	972752	1353066	164	14	0.0000261320	0.000000089571
7	1353067	2062397	270	14	0.0000143236	0.000000149271
7	2062398	2772226	381	14	0.0004643753	0.000000252304
7	2772227	4573427	1787	14	0.0000639837	0.000000369037
7	4573428	5416231	348	14	0.0000651336	0.000000223119
7	5416232	5854525	166	14	-0.0001117654	0.000000078775
7	5854526	6573856	243	14	0.0002491059	0.000000149203
7	6573857	7808751	912	14	0.0000364032	0.000000367113
7	7808752	9123422	1598	14	0.0001279867	0.000000373504
7	9123423	9987498	885	14	0.0001600733	0.000000375743
7	9987499	11299197	1215	14	-0.0001176306	0.000000356365
7	11299198	12635460	1679	14	-0.0000301374	0.000000362470
7	12635461	13884201	1384	14	-0.0000164833	0.000000363423
7	13884202	15143656	1280	14	0.0004856945	0.000000398464
7	15143657	16902068	1646	14	0.0002496488	0.000000381993
7	16902069	19481546	2093	14	0.0001913229	0.000000377923
7	19481547	20124907	591	14	-0.0000092472	0.000000227224
7	20124908	22507628	2393	14	0.0001438493	0.000000374610
7	22507629	23471441	592	14	0.0002080910	0.000000291482
7	23471442	25077258	1360	14	-0.0000119526	0.000000363739
7	25077259	25909554	943	14	-0.0000109295	0.000000363810
7	25909555	28360308	1976	14	-0.0000212257	0.000000363092
7	28360309	31137288	2195	14	-0.0000219884	0.000000363038
7	31137289	33555767	2136	14	0.0001049050	0.000000371893
7	33555768	36213537	2113	14	0.0001832071	0.000000377357
7	36213538	37555183	1194	14	0.0001501597	0.000000375051
7	37555184	38966702	1344	14	0.0002361697	0.000000381052
7	38966703	39862669	642	14	0.0001264982	0.000000225066
7	39862670	42001810	1340	14	-0.0000785325	0.000000359093
7	42001811	43159073	884	14	0.0000448430	0.000000330723
7	43159074	44763827	976	14	0.0009157652	0.000000413679
7	44763828	45952921	720	14	0.0001702472	0.000000312637
7	45952922	46986719	1045	14	0.0005575565	0.000000347904
7	46986720	49212277	1871	14	-0.0001460331	0.000000354383
7	49212278	51675321	1982	14	0.0001084869	0.000000372143
7	51675322	53176311	1638	14	0.0000972851	0.000000371361
7	53176312	54222975	922	14	0.0003019919	0.000000279484
7	54222976	55691583	1188	14	0.0001544903	0.000000375353
7	55691584	57382637	636	14	0.0004934886	0.000000234485
7	57382638	63307358	444	14	0.0001975462	0.000000170509
7	63307359	63641124	154	10	0.0001883899	0.000000055077
7	63641125	65689808	773	14	0.0002668122	0.000000224861
7	65689809	68234073	1607	14	0.0001556753	0.000000375436
7	68234074	69085363	536	14	0.0000630352	0.000000210760
7	69085364	71874884	1636	14	0.0000912033	0.000000370937
7	71874885	73334601	250	14	0.0001152666	0.000000111766
7	73334602	76458563	607	14	0.0001412958	0.000000316438
7	76458564	78093858	1215	14	0.0000447798	0.000000367697
7	78093859	79888068	1487	14	0.0000127689	0.000000365464
7	79888069	82022685	1589	14	-0.0000522241	0.000000360929
7	82022686	83801202	1489	14	0.0000857698	0.000000370558
7	83801203	85572181	1081	14	0.0000739725	0.000000268458
7	85572182	87825003	1239	14	-0.0000555850	0.000000331375
7	87825004	90661783	2619	14	0.0000031173	0.000000364790
7	90661784	92493751	755	14	0.0001854926	0.000000286670
7	92493752	93966600	802	14	0.0000419497	0.000000329675
7	93966601	96073507	1364	14	0.0003549252	0.000000389339
7	96073508	97099569	629	14	0.0000005401	0.000000233340
7	97099570	98715473	842	14	0.0000214364	0.000000329941
7	98715474	100196650	391	14	0.0004194174	0.000000156741
7	100196651	101199252	409	14	0.0003968972	0.000000228559
7	101199253	103197509	728	14	0.0003509229	0.000000336034
7	103197510	104159524	977	14	-0.0000872810	0.000000354128
7	104159525	105682904	873	14	0.0001171013	0.000000372744
7	105682905	107780177	1465	14	0.0003184254	0.000000386792
7	107780178	109647593	1286	14	-0.0000602665	0.000000359495
7	109647594	112618683	1678	14	0.0001194514	0.000000372908
7	112618684	113712386	560	14	0.0001647034	0.000000183495
7	113712387	116780177	1575	14	0.0001583856	0.000000375625
7	116780178	118351580	919	14	-0.0000359437	0.000000212289
7	118351581	121045272	1144	14	0.0001560702	0.000000298469
7	121045273	121933629	464	14	0.0000412109	0.000000153982
7	121933630	124156804	1634	14	0.0002116217	0.000000379339
7	124156805	124167551	10	2	0.0000466910	0.000000007283
7	124167552	126519169	1880	14	-0.0000207247	0.000000363127
7	126519170	126869220	379	14	0.0002605253	0.000000110998
7	126869221	128778385	1117	14	0.0005023773	0.000000399628
7	128778386	130422413	762	14	0.0002095139	0.000000339652
7	130422414	132805847	1751	14	0.0000592457	0.000000368707
7	132805848	134307595	1050	14	0.0000120637	0.000000300807
7	134307596	135591082	998	14	0.0000031168	0.000000364790
7	135591083	136876561	966	14	0.0002136741	0.000000332352
7	136876562	138744678	1147	14	-0.0000360716	0.000000362056
7	138744679	139933176	521	14	0.0006492654	0.000000267424
7	139933177	140235209	179	14	0.0001988308	0.000000100111
7	140235210	141226556	534	14	0.0003562757	0.000000211499
7	141226557	142656309	947	14	0.0001125284	0.000000286468
7	142656310	144968288	1184	14	0.0001203111	0.000000372968
7	144968289	146427959	1078	14	0.0002934845	0.000000323699
7	146427960	147815317	1459	14	0.0000114621	0.000000365373
7	147815318	149840657	1134	14	0.0001597361	0.000000375719
7	149840658	150711504	584	14	0.0000441916	0.000000214019
7	150711505	152249805	764	14	0.0000128941	0.000000365473
7	152249806	153674018	1008	14	0.0000502814	0.000000368081
7	153674019	154964729	1016	14	-0.0000072709	0.000000364065
7	154964730	156065249	930	14	0.0000137245	0.000000365530
7	156065250	157634596	976	14	0.0000595142	0.000000367853
7	157634597	159128574	902	14	-0.0000932678	0.000000358065
8	10422	1044216	731	14	-0.0000435787	0.000000361532
8	1044217	1163244	132	14	0.0000765227	0.000000071475
8	1163245	2042941	785	14	-0.0001420499	0.000000354661
8	2042942	2573278	623	14	0.0000386115	0.000000362911
8	2573279	3392925	1145	14	0.0000906480	0.000000370898
8	3392926	3783016	893	14	0.0002000160	0.000000378530
8	3783017	4480475	1324	14	-0.0000459592	0.000000361366
8	4480476	5146926	992	14	0.0000565648	0.000000368520
8	5146927	6142796	1793	14	-0.0001118990	0.000000356765
8	6142797	7153078	973	14	-0.0000475001	0.000000361258
8	7153079	9154693	1175	14	0.0000936706	0.000000371109
8	9154694	9640786	471	14	0.0000737622	0.000000226023
8	9640787	10463196	963	14	-0.0000021285	0.000000364424
8	10463197	11278997	763	14	0.0001153142	0.000000372619
8	11278998	13491774	1561	14	0.0000161106	0.000000365697
8	13491775	13944991	720	14	0.0002109812	0.000000293308
8	13944992	15991659	2305	14	0.0000581223	0.000000368628
8	15991660	17387875	1196	14	-0.0000992121	0.000000357650
8	17387876	17836398	558	14	0.0000295379	0.000000268583
8	17836399	19492839	1810	14	0.0004149410	0.000000393527
8	19492840	20060855	617	14	-0.0000697627	0.000000294289
8	20060856	21661736	1589	14	0.0001694088	0.000000376394
8	21661737	22897056	744	14	0.0001322568	0.000000373801
8	22897057	24674717	1319	14	0.0000855760	0.000000370544
8	24674718	25483453	544	14	-0.0000246865	0.000000185167
8	25483454	26682524	1187	14	0.0000799703	0.000000370153
8	26682525	28162391	1541	14	0.0000491772	0.000000368004
8	28162392	29327895	684	14	0.0004602824	0.000000297684
8	29327896	31133728	1098	14	0.0001843840	0.000000377439
8	31133729	31548359	283	14	0.0001619353	0.000000112274
8	31548360	32977217	1060	14	0.0003391647	0.000000352920
8	32977218	35317231	1474	14	0.0000280026	0.000000318587
8	35317232	37379388	825	14	0.0002205242	0.000000294784
8	37379389	38938805	566	14	0.0000603477	0.000000246090
8	38938806	40703336	1224	14	0.0000612589	0.000000368847
8	40703337	41721453	765	14	0.0007133988	0.000000390951
8	41721454	42773822	314	14	0.0003850005	0.000000148811
8	42773823	46841314	115	11	0.0003026450	0.000000063526
8	46841315	50082469	859	14	0.0002264732	0.000000299272
8	50082470	53302929	2284	14	0.0001024931	0.000000371725
8	53302930	54418043	829	14	0.0002599884	0.000000257576
8	54418044	55945580	1048	14	0.0003337419	0.000000351693
8	55945581	56956382	747	14	0.0002708200	0.000000266200
8	56956383	59068650	1653	14	0.0000480342	0.000000367925
8	59068651	59728099	632	14	0.0000668871	0.000000201964
8	59728100	62329098	1811	14	-0.0000174664	0.000000363354
8	62329099	63349305	771	14	0.0000619221	0.000000202373
8	63349306	65232871	1311	14	0.0000091797	0.000000352191
8	65232872	66489089	751	14	0.0001359054	0.000000265567
8	66489090	69863056	1817	14	0.0000897131	0.000000370833
8	69863057	70867978	917	14	0.0002922242	0.000000382346
8	70867979	72289453	1002	14	-0.0000040495	0.000000311330
8	72289454	73817198	1524	14	0.0002033929	0.000000378765
8	73817199	75445063	1192	14	0.0000903635	0.000000370878
8	75445064	76456541	710	14	0.0003317182	0.000000216525
8	76456542	79132860	1884	14	0.0000650413	0.000000369111
8	79132861	81956394	1595	14	0.0001368979	0.000000374125
8	81956395	82693738	522	14	0.0000503524	0.000000166855
8	82693739	84225588	1195	14	0.0001202824	0.000000274883
8	84225589	85955618	979	14	0.0002611211	0.000000265528
8	85955619	87411708	527	14	-0.0000768671	0.000000144409
8	87411709	89085480	1120	14	0.0001763380	0.000000355235
8	89085481	90638161	978	14	0.0001273873	0.000000290755
8	90638162	93554385	1568	14	0.0000554472	0.000000368442
8	93554386	95005526	792	14	0.0000882520	0.000000311084
8	95005527	96534805	1186	14	0.0002918623	0.000000384939
8	96534806	99401580	2139	14	-0.0000582949	0.000000360505
8	99401581	101620957	829	14	0.0000423333	0.000000254308
8	101620958	104123305	1948	14	0.0000313124	0.000000366758
8	104123306	104988751	719	14	0.0002604267	0.000000167671
8	104988752	107410753	1856	14	0.0000168466	0.000000365748
8	107410754	108648176	1129	14	0.0001271036	0.000000312956
8	108648177	109248172	513	14	0.0004104947	0.000000142980
8	109248173	110484313	968	14	0.0001078901	0.000000205552
8	110484314	111850846	750	14	-0.0000610332	0.000000175989
8	111850847	113064319	765	14	0.0002059521	0.000000149738
8	113064320	116096494	2192	14	0.0000069984	0.000000365061
8	116096495	119685456	2602	14	0.0003353221	0.000000387971
8	119685457	121201699	1244	14	0.0001474554	0.000000373117
8	121201700	124861458	2753	14	0.0004040362	0.000000392766
8	124861459	125683718	607	14	0.0000837524	0.000000240666
8	125683719	126410916	489	14	0.0002715783	0.000000219135
8	126410917	128659110	1872	14	0.0001250501	0.000000373299
8	128659111	130381138	1504	14	0.0000704665	0.000000369490
8	130381139	131639624	972	14	0.0001462627	0.000000374779
8	131639625	133351143	1646	14	-0.0001300725	0.000000355496
8	133351144	134570000	1408	14	0.0001351314	0.000000374002
8	134570001	136035604	1607	14	0.0002174282	0.000000379745
8	136035605	137524150	1296	14	0.0001659823	0.000000376155
8	137524151	139254829	1798	14	0.0001630709	0.000000375952
8	139254830	140725642	1467	14	0.0001694049	0.000000376394
8	140725643	143044913	1574	14	0.0000399812	0.000000367363
8	143044914	144236880	751	14	0.0000726423	0.000000318341
8	144236881	146303866	625	14	0.0001197592	0.000000322458
9	10023	1079706	1078	14	-0.0000031396	0.000000364354
9	1079707	1916876	1227	14	0.0001225068	0.000000373121
9	1916877	3190063	1503	14	-0.0001057634	0.000000357193
9	3190064	4495327	1403	14	-0.0000058477	0.000000364165
9	4495328	4884925	441	14	0.0004031781	0.000000263587
9	4884926	6557588	1094	14	-0.0000797509	0.000000359008
9	6557589	7154922	609	14	0.0000188118	0.000000307085
9	7154923	8456298	1864	14	0.0000362379	0.000000367101
9	8456299	9166402	791	14	0.0001423530	0.000000374506
9	9166403	10879252	2089	14	-0.0001009866	0.000000357526
9	10879253	12276488	1459	14	0.0001288729	0.000000373565
9	12276489	14836362	2615	14	0.0001261737	0.000000373377
9	14836363	16659654	1677	14	0.0001841029	0.000000377419
9	16659655	18661050	2081	14	0.0003336240	0.000000387853
9	18661051	20463533	1646	14	0.0000705473	0.000000369495
9	20463534	22206558	1472	14	0.0000696097	0.000000369430
9	22206559	24158517	1406	14	0.0001486596	0.000000374073
9	24158518	25330809	728	14	0.0001672526	0.000000370146
9	25330810	26111756	616	14	0.0000633823	0.000000359431
9	26111757	28224282	1989	14	0.0001377406	0.000000374184
9	28224283	28811583	583	14	0.0003481104	0.000000238111
9	28811584	30387391	1567	14	0.0000678147	0.000000369305
9	30387392	31310382	843	14	0.0000816998	0.000000214331
9	31310383	32019367	656	14	0.0001254360	0.000000155509
9	32019368	33578333	1323	14	0.0000941164	0.000000371140
9	33578334	34642242	591	14	0.0003245080	0.000000171376
9	34642243	36743282	1059	14	0.0003332977	0.000000387830
9	36743283	38641598	1426	14	0.0003072410	0.000000386012
9	38641599	65472189	205	14	-0.0000260908	0.000000099345
9	65472190	72512710	1154	14	0.0003155803	0.000000385720
9	72512711	72753754	229	14	-0.0000367788	0.000000051577
9	72753755	74253039	1258	14	-0.0000285069	0.000000361711
9	74253040	76203945	1260	14	0.0002780573	0.000000383975
9	76203946	76973080	535	14	0.0000068657	0.000000131815
9	76973081	78900182	1734	14	-0.0000131591	0.000000363655
9	78900183	79471207	515	14	0.0000927188	0.000000258597
9	79471208	81079054	1172	14	0.0001473215	0.000000374853
9	81079055	82590927	1319	14	-0.0000388380	0.000000361863
9	82590928	84211232	1711	14	0.0003161747	0.000000386635
9	84211233	85440800	666	14	0.0000889102	0.000000298725
9	85440801	86938195	1323	14	0.0002927247	0.000000384999
9	86938196	88109332	1001	14	0.0001823018	0.000000369459
9	88109333	88590416	207	14	0.0000935048	0.000000077162
9	88590417	90136245	1242	14	0.0002993188	0.000000385459
9	90136246	92528697	1751	14	0.0002552104	0.000000382381
9	92528698	94167202	1281	14	0.0000652584	0.000000369126
9	94167203	96671697	1675	14	-0.0000293517	0.000000362525
9	96671698	98922039	1302	14	0.0001448651	0.000000374681
9	98922040	101592858	1651	14	0.0002554633	0.000000382399
9	101592859	104624436	2206	14	0.0002063591	0.000000378972
9	104624437	105967975	1572	14	-0.0000978588	0.000000357744
9	105967976	107581748	1713	14	0.0000262447	0.000000366404
9	107581749	109298753	1290	14	0.0000204476	0.000000366000
9	109298754	110695061	1118	14	0.0004475862	0.000000395805
9	110695062	112778023	2347	14	0.0001114929	0.000000372353
9	112778024	114831081	1860	14	0.0000594175	0.000000368719
9	114831082	115693144	709	14	0.0002524746	0.000000223869
9	115693145	117019800	1224	14	0.0000046323	0.000000364896
9	117019801	117921959	924	14	-0.0000463435	0.000000360467
9	117921960	121321536	3156	14	-0.0000120415	0.000000363733
9	121321537	122260296	824	14	-0.0000003600	0.000000282694
9	122260297	124871321	1643	14	0.0000652328	0.000000369125
9	124871322	126971886	1263	14	0.0001709585	0.000000376502
9	126971887	129059664	992	14	0.0000118287	0.000000365398
9	129059665	130055509	646	14	0.0001198897	0.000000270844
9	130055510	132165469	974	14	0.0003224857	0.000000387075
9	132165470	133223216	625	14	0.0000998288	0.000000313553
9	133223217	134127887	578	14	0.0001393357	0.000000314638
9	134127888	135298841	774	14	0.0000520766	0.000000350870
9	135298842	137041121	1239	14	0.0000234551	0.000000366209
9	137041122	137589363	394	14	0.0000718676	0.000000228204
9	137589364	138938977	1190	14	0.0000529126	0.000000368265
9	138938978	139500341	233	14	0.0000511774	0.000000129292
9	139500342	141144795	445	14	0.0001234214	0.000000240299
10	60523	751338	248	14	-0.0001769106	0.000000114973
10	751339	1523543	651	14	0.0001327994	0.000000320854
10	1523544	2254499	971	14	0.0000206426	0.000000366013
10	2254500	3352698	1335	14	0.0000675572	0.000000369287
10	3352699	4572273	1287	14	0.0003407924	0.000000388353
10	4572274	5983761	1461	14	0.0000117906	0.000000365396
10	5983762	7171483	1285	14	-0.0000264591	0.000000362726
10	7171484	8774664	1671	14	0.0000533236	0.000000368294
10	8774665	10249395	1276	14	0.0001620368	0.000000375880
10	10249396	12586796	2051	14	0.0000434051	0.000000367602
10	12586797	13321599	794	14	-0.0000547394	0.000000360753
10	13321600	15026067	1707	14	0.0000586801	0.000000368667
10	15026068	16551766	1158	14	-0.0001071382	0.000000357097
10	16551767	18537266	1579	14	0.0002624004	0.000000382883
10	18537267	19716877	1314	14	0.0000238577	0.000000366238
10	19716878	22772282	2100	14	0.0000710269	0.000000369529
10	22772283	23175131	284	14	0.0001095002	0.000000116119
10	23175132	25578595	1605	14	0.0000949854	0.000000371201
10	25578596	26888683	1325	14	0.0004763181	0.000000397810
10	26888684	29323235	2018	14	0.0000354775	0.000000367048
10	29323236	29783691	546	14	0.0001717396	0.000000229733
10	29783692	30458837	737	14	-0.0000246293	0.000000333532
10	30458838	31907518	1069	14	0.0001068149	0.000000371154
10	31907519	33707967	1382	14	0.0000908074	0.000000370909
10	33707968	35109354	1065	14	0.0000076384	0.000000365106
10	35109355	36572507	941	14	-0.0000004223	0.000000319971
10	36572508	37790028	777	14	0.0002765793	0.000000275328
10	37790029	42372578	603	14	0.0001131808	0.000000092905
10	42372579	43894770	712	14	0.0001420942	0.000000257272
10	43894771	44730074	713	14	0.0000335944	0.000000222472
10	44730075	48760449	1531	14	0.0001269121	0.000000373429
10	48760450	50840914	1345	14	0.0002092898	0.000000379177
10	50840915	53616628	1521	14	0.0000252785	0.000000366337
10	53616629	55103571	1549	14	0.0003181313	0.000000386772
10	55103572	57031139	2020	14	0.0000786160	0.000000370059
10	57031140	57662145	532	14	-0.0000635242	0.000000095425
10	57662146	58959527	1278	14	0.0000328797	0.000000208673
10	58959528	60289986	1165	14	0.0001885647	0.000000269221
10	60289987	61891408	1198	14	0.0000258452	0.000000366376
10	61891409	62659678	681	14	-0.0000700258	0.000000208401
10	62659679	63341694	338	14	0.0001130193	0.000000117723
10	63341695	65794113	1832	14	0.0000019868	0.000000364711
10	65794114	67549614	1299	14	-0.0000327375	0.000000332967
10	67549615	69900147	2066	14	0.0000541277	0.000000368350
10	69900148	70195990	207	14	0.0001205286	0.000000073850
10	70195991	72220849	1593	14	0.0001610802	0.000000375813
10	72220850	73508511	1416	14	0.0002705479	0.000000383451
10	73508512	75422549	746	14	0.0000850501	0.000000222197
10	75422550	78706813	1655	14	0.0000002912	0.000000364593
10	78706814	80876748	1971	14	-0.0001101286	0.000000356888
10	80876749	82414678	1038	14	0.0002692085	0.000000383358
10	82414679	84383744	1635	14	0.0000928558	0.000000371052
10	84383745	85458702	1177	14	0.0000611318	0.000000279652
10	85458703	87937576	2252	14	-0.0000217546	0.000000363055
10	87937577	89127063	512	14	0.0001357674	0.000000208233
10	89127064	91013380	1451	14	0.0000100791	0.000000365276
10	91013381	92006580	858	14	0.0001507122	0.000000304669
10	92006581	93335046	1026	14	0.0005319370	0.000000365498
10	93335047	95396367	1220	14	0.0001801353	0.000000377142
10	95396368	96221242	549	14	0.0003216641	0.000000214331
10	96221243	97822356	1080	14	0.0000453802	0.000000318958
10	97822357	100241301	1573	14	-0.0000372455	0.000000361974
10	100241302	100668399	352	14	-0.0000347845	0.000000089371
10	100668400	102949238	1359	14	0.0000450650	0.000000367717
10	102949239	104380409	519	14	0.0000932519	0.000000161156
10	104380410	106695047	1426	14	0.0000280147	0.000000366528
10	106695048	108726685	1651	14	0.0000606526	0.000000368805
10	108726686	110317704	1503	14	0.0004117794	0.000000393306
10	110317705	112561492	1653	14	0.0000190603	0.000000365903
10	112561493	115328431	2038	14	0.0003204654	0.000000386934
10	115328432	116421405	951	14	0.0002066501	0.000000378993
10	116421406	119523933	2110	14	0.0001627462	0.000000375929
10	119523934	120591352	802	14	0.0000742927	0.000000365400
10	120591353	122407322	1321	14	0.0005925702	0.000000405922
10	122407323	123231464	765	14	0.0000845517	0.000000333489
10	123231465	123900544	524	14	-0.0000087106	0.000000238165
10	123900545	125869345	1540	14	0.0000545851	0.000000368382
10	125869346	128001097	1886	14	-0.0001026490	0.000000357410
10	128001098	129154361	986	14	0.0001150288	0.000000372599
10	129154362	130844283	1786	14	0.0000258045	0.000000366373
10	130844284	131741326	868	14	0.0003436640	0.000000378979
10	131741327	132580244	927	14	0.0001740019	0.000000358510
10	132580245	134336328	1813	14	-0.0000634686	0.000000360144
10	134336329	134494672	60	6	0.0001105134	0.000000030716
10	134494673	135523864	495	14	0.0002247179	0.000000251999
11	70855	1213589	418	14	0.0009615448	0.000000282113
11	1213590	3665480	1597	14	0.0000137294	0.000000365531
11	3665481	4746708	891	14	-0.0000093946	0.000000363917
11	4746709	6322868	2216	14	0.0001250517	0.000000373299
11	6322869	7436700	1053	14	0.0000990969	0.000000371488
11	7436701	8333273	884	14	0.0002794962	0.000000384076
11	8333274	9087316	522	14	-0.0000133744	0.000000213087
11	9087317	10952026	1226	14	0.0005031625	0.000000399683
11	10952027	12564228	2055	14	0.0001878405	0.000000377680
11	12564229	13373123	817	14	0.0001029425	0.000000322964
11	13373124	15742551	1676	14	0.0002899609	0.000000384806
11	15742552	17578401	1172	14	0.0002238871	0.000000380195
11	17578402	19569534	1551	14	0.0000952374	0.000000371218
11	19569535	21017137	1440	14	-0.0000524997	0.000000360909
11	21017138	22374141	1240	14	0.0002539377	0.000000382292
11	22374142	24088516	1550	14	0.0003056249	0.000000385899
11	24088517	26045752	1821	14	-0.0000218716	0.000000363047
11	26045753	27020460	846	14	0.0002582285	0.000000281248
11	27020461	28481592	789	14	0.0001206426	0.000000249485
11	28481593	30141356	1003	14	0.0000537195	0.000000303704
11	30141357	32276900	1347	14	0.0001952301	0.000000378196
11	32276901	33958738	1067	14	0.0002975288	0.000000385334
11	33958739	35502604	1614	14	0.0001281644	0.000000373516
11	35502605	37116814	1400	14	-0.0000575306	0.000000360558
11	37116815	39382002	1518	14	0.0003022406	0.000000346956
11	39382003	42310002	2292	14	0.0002266069	0.000000380385
11	42310003	44693798	1986	14	-0.0000297831	0.000000362495
11	44693799	47006136	1360	14	-0.0000146806	0.000000363548
11	47006137	49866049	1115	14	0.0000962421	0.000000233758
11	49866050	54695472	461	11	0.0000811056	0.000000074370
11	54695473	55082656	40	5	0.0000579201	0.000000016917
11	55082657	58457494	2790	14	0.0001386844	0.000000374250
11	58457495	58780548	189	10	0.0000376720	0.000000043511
11	58780549	62223770	1798	14	0.0001250965	0.000000373302
11	62223771	63804568	482	14	0.0002085593	0.000000196095
11	63804569	65898630	804	14	0.0001250459	0.000000368071
11	65898631	68005824	520	14	-0.0000240967	0.000000216940
11	68005825	69516129	905	14	0.0003016331	0.000000385620
11	69516130	70926291	913	14	0.0000413969	0.000000367461
11	70926292	72286016	647	14	0.0000674238	0.000000229440
11	72286017	74412350	1034	14	0.0003246959	0.000000387230
11	74412351	76797208	1355	14	0.0002212018	0.000000380008
11	76797209	78355057	834	14	0.0002463076	0.000000289276
11	78355058	80722372	2137	14	-0.0001083810	0.000000357010
11	80722373	81266711	660	14	0.0000872298	0.000000236236
11	81266712	84381271	2648	14	0.0000812145	0.000000370240
11	84381272	86619300	1567	14	-0.0000521961	0.000000360931
11	86619301	87430234	758	14	0.0001340570	0.000000227124
11	87430235	89208935	1215	14	0.0001404941	0.000000374376
11	89208936	90966489	1027	14	-0.0000628950	0.000000247801
11	90966490	92077143	858	14	-0.0001376092	0.000000242618
11	92077144	93276156	837	14	0.0003957056	0.000000309399
11	93276157	94242259	582	14	0.0002377900	0.000000182700
11	94242260	95726040	1176	14	0.0004458046	0.000000395681
11	95726041	97057057	996	14	0.0000569278	0.000000368545
11	97057058	98705064	1413	14	0.0003563700	0.000000388566
11	98705065	100417168	1831	14	0.0001407294	0.000000374393
11	100417169	101331120	976	14	0.0005282603	0.000000325158
11	101331121	103959635	2509	14	0.0000500297	0.000000368064
11	103959636	104873283	679	14	0.0001623344	0.000000150254
11	104873284	106520893	1176	14	0.0001409231	0.000000310598
11	106520894	107844199	1024	14	0.0000234565	0.000000365337
11	107844200	108437036	227	14	0.0000005162	0.000000062409
11	108437037	109866115	755	14	-0.0000632358	0.000000282407
11	109866116	111114396	1028	14	0.0002074104	0.000000353972
11	111114397	112459487	722	14	0.0002537609	0.000000261861
11	112459488	114257727	1552	14	0.0000867289	0.000000370625
11	114257728	114830665	520	14	-0.0000004494	0.000000145406
11	114830666	116383347	1214	14	0.0004195623	0.000000393849
11	116383348	117747109	1082	14	-0.0000362429	0.000000362044
11	117747110	119215475	873	14	0.0002107362	0.000000379278
11	119215476	120766805	1132	14	0.0000716814	0.000000369575
11	120766806	121175942	412	14	-0.0000785949	0.000000137889
11	121175943	122591909	954	14	0.0001874361	0.000000377652
11	122591910	123500116	694	14	0.0000304559	0.000000366698
11	123500117	124495527	1036	14	0.0000049260	0.000000261264
11	124495528	126311319	1439	14	0.0002381568	0.000000381191
11	126311320	127316678	1069	14	0.0001342805	0.000000373943
11	127316679	128188536	658	14	0.0003435749	0.000000263371
11	128188537	130342574	1518	14	0.0000596238	0.000000368733
11	130342575	131074611	751	14	-0.0001345368	0.000000330996
11	131074612	133000045	2056	14	0.0001031075	0.000000371767
11	133000046	134205992	944	14	0.0002395340	0.000000381287
11	134205993	134946451	877	14	0.0002628487	0.000000382914
12	61107	1080330	552	14	0.0001071347	0.000000294248
12	1080331	2544785	883	14	0.0003019340	0.000000385641
12	2544786	3677036	912	14	0.0004711158	0.000000397447
12	3677037	4417678	658	14	0.0002653742	0.000000351181
12	4417679	5321471	893	14	0.0000748443	0.000000369795
12	5321472	6419752	1032	14	0.0001290957	0.000000373581
12	6419753	8377535	884	14	0.0004337400	0.000000394839
12	8377536	9031394	266	14	0.0002236208	0.000000142559
12	9031395	10481533	1102	14	0.0000412140	0.000000367449
12	10481534	11754845	790	14	0.0001987561	0.000000286782
12	11754846	12733527	757	14	0.0000032108	0.000000364797
12	12733528	15241483	1978	14	0.0000044949	0.000000364886
12	15241484	16310459	489	14	0.0001432691	0.000000207999
12	16310460	18087872	1316	14	0.0000361014	0.000000367092
12	18087873	20863942	2298	14	-0.0000392824	0.000000361832
12	20863943	23820633	2194	14	0.0000360723	0.000000367090
12	23820634	25371082	1475	14	0.0000069595	0.000000365058
12	25371083	27799772	2161	14	-0.0001314803	0.000000355398
12	27799773	29651254	1575	14	0.0003900215	0.000000390915
12	29651255	30512405	1201	14	0.0002378768	0.000000380299
12	30512406	32165591	1384	14	0.0001156162	0.000000372640
12	32165592	33076988	859	14	0.0001150598	0.000000321293
12	33076989	37856716	1063	14	0.0000742541	0.000000218389
12	37856717	39227168	481	14	0.0000556688	0.000000100263
12	39227169	40816184	1321	14	-0.0000425276	0.000000328031
12	40816185	41658585	842	14	0.0003867946	0.000000237732
12	41658586	43984473	2170	14	0.0000100916	0.000000365277
12	43984474	46024228	1119	14	0.0000103461	0.000000297382
12	46024229	47714792	948	14	0.0000727240	0.000000357486
12	47714793	49001865	1063	14	0.0006936405	0.000000412974
12	49001866	51776493	1068	14	0.0004911251	0.000000398843
12	51776494	53039003	1130	14	0.0001441396	0.000000374631
12	53039004	54778822	1030	14	-0.0000041956	0.000000363408
12	54778823	55665836	604	14	0.0000800498	0.000000216500
12	55665837	57548859	694	14	0.0004423659	0.000000294833
12	57548860	59308665	884	14	0.0002656460	0.000000310190
12	59308666	61123728	1114	14	-0.0000090114	0.000000311821
12	61123729	64032460	2391	14	0.0000226053	0.000000366150
12	64032461	65559694	746	14	0.0001020330	0.000000307065
12	65559695	67181143	1034	14	0.0004275847	0.000000389177
12	67181144	67909728	721	14	0.0000593681	0.000000201444
12	67909729	69826541	1524	14	0.0000505888	0.000000368103
12	69826542	70957986	1140	14	-0.0000780113	0.000000329812
12	70957987	72645074	1209	14	0.0001335450	0.000000373891
12	72645075	73818453	760	14	0.0000161052	0.000000228206
12	73818454	76511313	1807	14	0.0000002052	0.000000364587
12	76511314	78570569	1672	14	0.0001825055	0.000000377308
12	78570570	80448149	949	14	0.0001432833	0.000000333350
12	80448150	81467766	756	14	0.0001882428	0.000000210357
12	81467767	83502665	1338	14	0.0002565531	0.000000382475
12	83502666	84303843	640	14	0.0001198199	0.000000152988
12	84303844	85990425	1066	14	0.0000188117	0.000000223758
12	85990426	89682121	2012	14	0.0003236854	0.000000387159
12	89682122	92066154	1555	14	0.0001585099	0.000000375633
12	92066155	94514566	1824	14	0.0001946750	0.000000378157
12	94514567	96020784	1204	14	0.0000672129	0.000000369263
12	96020785	97108838	885	14	0.0001018473	0.000000369064
12	97108839	99305986	1804	14	0.0000024853	0.000000364746
12	99305987	101447640	1411	14	0.0000028867	0.000000364774
12	101447641	101862689	278	14	0.0000846662	0.000000100917
12	101862690	102964985	638	14	-0.0000385246	0.000000255056
12	102964986	104848695	1518	14	-0.0000507974	0.000000361028
12	104848696	106436212	1524	14	-0.0001711855	0.000000352628
12	106436213	106958747	418	14	0.0000363987	0.000000178301
12	106958748	109025900	1421	14	0.0000173183	0.000000365781
12	109025901	110336718	732	14	0.0000928751	0.000000303947
12	110336719	113263517	714	14	0.0003978135	0.000000290937
12	113263518	113986708	393	14	0.0001651609	0.000000167555
12	113986709	115036601	1085	14	0.0000315102	0.000000366772
12	115036602	115503215	386	14	-0.0000297600	0.000000158431
12	115503216	117087470	1312	14	0.0000216249	0.000000366082
12	117087471	118135374	829	14	0.0003733849	0.000000390627
12	118135375	119754109	1282	14	0.0000685697	0.000000369357
12	119754110	122007650	1178	14	-0.0000092129	0.000000363930
12	122007651	124977979	1157	14	-0.0000776531	0.000000359154
12	124977980	126445504	1174	14	0.0000868829	0.000000370635
12	126445505	127875097	1391	14	0.0000605175	0.000000368796
12	127875098	129237296	1405	14	0.0000391723	0.000000367306
12	129237297	130377920	1265	14	0.0001179128	0.000000372801
12	130377921	131786750	1436	14	-0.0000480659	0.000000361219
12	131786751	132807033	661	14	0.0000647732	0.000000289669
12	132807034	133841510	333	14	0.0000374259	0.000000140235
13	19020013	20686719	770	14	0.0000687356	0.000000280180
13	20686720	22242173	1131	14	0.0001254299	0.000000373325
13	22242174	23594701	1292	14	0.0001986965	0.000000378438
13	23594702	24531936	1016	14	0.0002425440	0.000000381497
13	24531937	25784361	1215	14	0.0002199718	0.000000379922
13	25784362	27284361	1148	14	-0.0001011277	0.000000356644
13	27284362	29257550	1623	14	-0.0000421502	0.000000361632
13	29257551	30483266	1051	14	0.0000661886	0.000000369191
13	30483267	32301814	1534	14	0.0001470286	0.000000374832
13	32301815	33776902	1206	14	0.0001169694	0.000000372735
13	33776903	35026463	1003	14	0.0000110710	0.000000336019
13	35026464	36046366	482	14	0.0000150888	0.000000186430
13	36046367	37498184	1291	14	0.0000528082	0.000000368258
13	37498185	38878162	1416	14	0.0003011941	0.000000385590
13	38878163	41069262	1856	14	0.0000564859	0.000000368514
13	41069263	43101026	1297	14	0.0001223287	0.000000373109
13	43101027	44901408	1640	14	-0.0000695389	0.000000359720
13	44901409	46495213	983	14	0.0001398134	0.000000374329
13	46495214	47431078	713	14	0.0001082458	0.000000266039
13	47431079	49383961	1395	14	0.0002550837	0.000000382372
13	49383962	51591090	1437	14	0.0000108919	0.000000365333
13	51591091	53339621	708	14	0.0000392061	0.000000337127
13	53339622	54682863	1179	14	0.0000800743	0.000000370160
13	54682864	55817130	869	14	0.0002203628	0.000000237718
13	55817131	57554216	947	14	0.0002453776	0.000000192001
13	57554217	58410625	558	14	0.0000803306	0.000000122317
13	58410626	59302270	690	14	0.0000150357	0.000000144345
13	59302271	60854777	1309	14	0.0002752307	0.000000383778
13	60854778	61591948	694	14	0.0004538246	0.000000240084
13	61591949	63971558	1923	14	0.0001249118	0.000000373289
13	63971559	65200601	1086	14	0.0001420061	0.000000203407
13	65200602	67844452	1718	14	0.0000259411	0.000000366383
13	67844453	70724515	2636	14	0.0000579919	0.000000368619
13	70724516	71526790	736	14	0.0000540107	0.000000310366
13	71526791	73934088	1801	14	0.0001071397	0.000000372049
13	73934089	75670142	1476	14	0.0000309581	0.000000366733
13	75670143	77410554	1665	14	0.0000320942	0.000000366812
13	77410555	78808812	998	14	0.0001133105	0.000000298778
13	78808813	80585675	1257	14	0.0002418654	0.000000381450
13	80585676	82581813	1577	14	0.0001549114	0.000000375382
13	82581814	84133143	1127	14	0.0001389953	0.000000254691
13	84133144	85610915	1099	14	0.0002504513	0.000000320705
13	85610916	88559881	2183	14	-0.0000304373	0.000000362449
13	88559882	90521310	1348	14	-0.0001085865	0.000000316655
13	90521311	93129690	2122	14	-0.0000381651	0.000000361910
13	93129691	93586454	294	14	0.0000520377	0.000000107418
13	93586455	96087557	2183	14	-0.0000241981	0.000000362884
13	96087558	97519209	770	14	0.0003379486	0.000000276403
13	97519210	98938918	851	14	0.0001841284	0.000000377421
13	98938919	100574094	1526	14	0.0002634036	0.000000382953
13	100574095	102300522	1522	14	0.0000165123	0.000000365725
13	102300523	104066709	1869	14	0.0001787179	0.000000377044
13	104066710	104844113	755	14	-0.0000044003	0.000000275910
13	104844114	106247553	1461	14	0.0001471966	0.000000374844
13	106247554	106749999	605	14	0.0001612913	0.000000240591
13	106750000	108189876	1264	14	0.0002772803	0.000000383921
13	108189877	109121209	944	14	-0.0000310294	0.000000362408
13	109121210	109815111	757	14	0.0000402353	0.000000275773
13	109815112	111232072	1372	14	0.0000565465	0.000000368519
13	111232073	112247591	859	14	0.0003469639	0.000000387910
13	112247592	113572487	964	14	0.0005493857	0.000000402908
13	113572488	115109852	719	14	0.0004294930	0.000000379772
14	19002084	21589401	1134	14	-0.0000261481	0.000000362748
14	21589402	23018664	1476	14	0.0000843379	0.000000370458
14	23018665	24905122	1214	14	0.0000058823	0.000000364983
14	24905123	26135685	1277	14	0.0002362076	0.000000381055
14	26135686	28466532	1636	14	0.0000769205	0.000000369940
14	28466533	29972144	902	14	-0.0000555565	0.000000305242
14	29972145	32383264	1236	14	0.0001827675	0.000000377326
14	32383265	34846250	2226	14	0.0001082603	0.000000372127
14	34846251	35859592	479	14	0.0002560920	0.000000208302
14	35859593	38667724	1668	14	-0.0001139566	0.000000356621
14	38667725	40341989	1177	14	0.0001297504	0.000000373627
14	40341990	41615501	1103	14	-0.0000258029	0.000000217590
14	41615502	43137388	980	14	0.0000512258	0.000000270892
14	43137389	44543226	959	14	0.0000258548	0.000000325172
14	44543227	46081895	797	14	0.0002995002	0.000000267399
14	46081896	46749129	522	14	-0.0000771159	0.000000091135
14	46749130	48573585	1558	14	-0.0000063456	0.000000364130
14	48573586	49005470	293	14	0.0001416096	0.000000087626
14	49005471	50507759	993	14	0.0001053831	0.000000371926
14	50507760	51493571	700	14	0.0000671236	0.000000300505
14	51493572	53474382	1640	14	0.0001890123	0.000000377762
14	53474383	53997830	404	14	0.0000311084	0.000000115501
14	53997831	55233680	798	14	0.0000651603	0.000000369120
14	55233681	56216879	575	14	0.0001026788	0.000000187300
14	56216880	57481261	1320	14	0.0002095122	0.000000379192
14	57481262	59448335	1466	14	0.0001716541	0.000000376551
14	59448336	61680423	1417	14	0.0004111227	0.000000393260
14	61680424	63790014	1650	14	0.0003792733	0.000000391038
14	63790015	65220297	681	14	0.0002351559	0.000000266892
14	65220298	66399554	770	14	0.0000722547	0.000000313301
14	66399555	67992316	708	14	0.0000263705	0.000000194662
14	67992317	71131956	2256	14	0.0000442480	0.000000367660
14	71131957	72889614	1449	14	0.0001339557	0.000000373920
14	72889615	76444766	2104	14	0.0002810522	0.000000384184
14	76444767	77229471	630	14	-0.0000751142	0.000000291439
14	77229472	78561944	1115	14	-0.0000312440	0.000000362393
14	78561945	80186578	1227	14	0.0001146300	0.000000371699
14	80186579	81579713	1163	14	0.0000811408	0.000000370235
14	81579714	83138096	1053	14	0.0000547775	0.000000354507
14	83138097	84241632	950	14	0.0001446520	0.000000321679
14	84241633	85746318	1160	14	0.0000123052	0.000000365431
14	85746319	86647001	653	14	0.0003179187	0.000000257677
14	86647002	87635340	734	14	-0.0000554841	0.000000253879
14	87635341	89497642	1337	14	0.0000086651	0.000000365177
14	89497643	91296859	1322	14	0.0003638258	0.000000389960
14	91296860	93132298	1297	14	-0.0000372309	0.000000361975
14	93132299	94325284	775	14	-0.0000556341	0.000000317811
14	94325285	95750866	1577	14	0.0001908698	0.000000377891
14	95750867	96262414	696	14	0.0000576142	0.000000309784
14	96262415	98341161	1603	14	0.0000442928	0.000000367663
14	98341162	99138531	874	14	0.0000606707	0.000000275577
14	99138532	101534306	1612	14	0.0001135271	0.000000372495
14	101534307	103012101	762	14	0.0001397637	0.000000374325
14	103012102	105001722	928	14	0.0000811394	0.000000370235
14	105001723	106340357	295	14	0.0000314688	0.000000149029
14	106340358	107289453	286	14	0.0003420278	0.000000165469
15	20001200	21131603	36	5	0.0000129553	0.000000021629
15	21131604	24195126	591	14	-0.0000942743	0.000000300049
15	24195127	25108589	654	14	-0.0000115716	0.000000226288
15	25108590	27298111	1716	14	-0.0000834580	0.000000358749
15	27298112	29338501	1062	14	-0.0000571617	0.000000360584
15	29338502	30165567	601	14	0.0002577424	0.000000270839
15	30165568	31591820	531	14	0.0000242770	0.000000265008
15	31591821	32441810	501	14	0.0001814872	0.000000211395
15	32441811	34015424	1320	14	-0.0000805757	0.000000358950
15	34015425	35083250	749	14	0.0001951402	0.000000347992
15	35083251	37456501	1901	14	0.0000447903	0.000000367698
15	37456502	38530776	742	14	0.0001393805	0.000000317138
15	38530777	40384131	1617	14	0.0005307277	0.000000401606
15	40384132	41177513	414	14	0.0000065805	0.000000166011
15	41177514	42776398	777	14	0.0000210409	0.000000330761
15	42776399	44198048	420	14	0.0001046309	0.000000130892
15	44198049	46618786	985	14	-0.0000113529	0.000000350759
15	46618787	48136047	1343	14	0.0000853474	0.000000370528
15	48136048	50008042	950	14	0.0002522598	0.000000314204
15	50008043	51677559	1127	14	0.0000117414	0.000000365392
15	51677560	53069095	784	14	0.0000330319	0.000000270434
15	53069096	54508527	1365	14	0.0002211534	0.000000379132
15	54508528	55136268	585	14	0.0000413454	0.000000248707
15	55136269	56901772	1093	14	0.0001579126	0.000000375592
15	56901773	58441365	1241	14	0.0000592108	0.000000368704
15	58441366	59694115	939	14	-0.0000112637	0.000000363787
15	59694116	61265835	1220	14	0.0001153186	0.000000372620
15	61265836	63215221	1669	14	-0.0000710551	0.000000359615
15	63215222	65104667	910	14	0.0000921722	0.000000367518
15	65104668	67094766	1035	14	0.0004068223	0.000000392960
15	67094767	69017998	1306	14	0.0002801418	0.000000384121
15	69017999	70133340	561	14	0.0000491144	0.000000252404
15	70133341	71922648	1242	14	0.0000875757	0.000000370684
15	71922649	73628713	741	14	0.0000025561	0.000000217251
15	73628714	76398623	1001	14	-0.0000570892	0.000000360589
15	76398624	78516052	1080	14	0.0004731552	0.000000396715
15	78516053	80860977	1896	14	0.0003654222	0.000000390072
15	80860978	84260467	1525	14	0.0000574179	0.000000368579
15	84260468	86652904	1633	14	0.0000207539	0.000000366021
15	86652905	88369942	1491	14	0.0001066501	0.000000372015
15	88369943	90475550	1291	14	0.0002831657	0.000000384332
15	90475551	92164391	1181	14	-0.0000235164	0.000000362932
15	92164392	93780901	1410	14	0.0002285464	0.000000380520
15	93780902	94924329	1179	14	0.0000397974	0.000000367350
15	94924330	96141595	1110	14	0.0000097718	0.000000365255
15	96141596	98030909	1385	14	-0.0000132400	0.000000363649
15	98030910	99244058	1113	14	-0.0000112888	0.000000363785
15	99244059	100636846	1067	14	-0.0000218713	0.000000362174
15	100636847	101552693	708	14	0.0001949970	0.000000378179
15	101552694	102520965	744	14	-0.0000327319	0.000000362289
16	60054	1207205	480	14	0.0001787472	0.000000304971
16	1207206	2764828	623	14	0.0000103750	0.000000320723
16	2764829	4001195	471	14	0.0001287693	0.000000290037
16	4001196	5118344	600	14	0.0000266077	0.000000366429
16	5118345	5891579	737	14	0.0001801935	0.000000377146
16	5891580	6893550	1259	14	0.0001276682	0.000000373481
16	6893551	7529120	927	14	0.0002190743	0.000000379860
16	7529121	8338518	1052	14	0.0002931857	0.000000385031
16	8338519	9799418	1358	14	0.0001681442	0.000000376306
16	9799419	10426031	760	14	0.0002215641	0.000000312896
16	10426032	11520160	808	14	0.0003657876	0.000000390097
16	11520161	12613097	720	14	0.0000679251	0.000000369313
16	12613098	13154436	650	14	0.0000801038	0.000000289917
16	13154437	14464001	1093	14	0.0000719563	0.000000369594
16	14464002	16154059	441	14	0.0000264452	0.000000235915
16	16154060	17644748	692	14	0.0002980816	0.000000379273
16	17644749	18643606	361	14	-0.0000188151	0.000000151273
16	18643607	20150570	802	14	0.0000694548	0.000000361588
16	20150571	22448903	768	14	-0.0000358049	0.000000299963
16	22448904	24136874	953	14	0.0000860773	0.000000370579
16	24136875	25986861	1357	14	0.0001449463	0.000000374687
16	25986862	27445754	1214	14	0.0002990231	0.000000385438
16	27445755	29036612	523	14	0.0000832221	0.000000212916
16	29036613	31382942	460	14	0.0000852474	0.000000229903
16	31382943	46399472	243	14	0.0000093270	0.000000097077
16	46399473	49007925	604	14	0.0000697915	0.000000199912
16	49007926	52035822	2000	14	-0.0000375749	0.000000361951
16	52035823	53382571	900	14	0.0001977321	0.000000312065
16	53382572	55903773	2187	14	0.0002145856	0.000000379546
16	55903774	57664329	1155	14	-0.0000352277	0.000000362115
16	57664330	59045404	891	14	0.0002508909	0.000000382080
16	59045405	60745693	1134	14	0.0000179648	0.000000365826
16	60745694	62229848	818	14	-0.0000312662	0.000000239738
16	62229849	63691588	1017	14	0.0003219233	0.000000387036
16	63691589	65938565	1736	14	0.0000461011	0.000000367790
16	65938566	68841362	1172	14	0.0000870664	0.000000370648
16	68841363	71054027	621	14	0.0001429839	0.000000289397
16	71054028	72935149	763	14	-0.0000508057	0.000000315622
16	72935150	74971502	1282	14	0.0005435564	0.000000402502
16	74971503	75977953	458	14	-0.0000573855	0.000000186630
16	75977954	77523677	1462	14	0.0001893473	0.000000377785
16	77523678	78456291	1173	14	0.0001028122	0.000000371747
16	78456292	79134814	980	14	0.0000082817	0.000000365151
16	79134815	80297373	1353	14	-0.0000012382	0.000000364486
16	80297374	81772535	1438	14	-0.0000753964	0.000000359312
16	81772536	82747727	1033	14	0.0000381949	0.000000367238
16	82747728	83477207	1083	14	0.0002342309	0.000000380917
16	83477208	84445882	1309	14	-0.0000754746	0.000000359306
16	84445883	85148684	831	14	0.0001226985	0.000000373135
16	85148685	86156598	869	14	0.0002329934	0.000000380831
16	86156599	86815410	904	14	-0.0000499759	0.000000361086
16	86815411	87647348	664	14	0.0001896473	0.000000377806
16	87647349	89041164	667	14	0.0003750799	0.000000390745
16	89041165	90292811	551	14	0.0002099298	0.000000332092
17	56	1172398	506	14	-0.0001378491	0.000000293694
17	1172399	1928730	417	14	0.0001740845	0.000000231432
17	1928731	3702311	1124	14	0.0000906115	0.000000370896
17	3702312	4696260	599	14	0.0003178380	0.000000337083
17	4696261	5741333	767	14	0.0003234723	0.000000334124
17	5741334	7317397	1097	14	-0.0001277595	0.000000355658
17	7317398	8306424	451	14	0.0001523545	0.000000266708
17	8306425	9965920	1226	14	0.0001170403	0.000000372740
17	9965921	11102814	917	14	0.0001880811	0.000000377697
17	11102815	12534768	1024	14	0.0001989016	0.000000378452
17	12534769	13180371	584	14	0.0000810556	0.000000290800
17	13180372	13894636	725	14	0.0000357816	0.000000365325
17	13894637	15019096	1300	14	0.0000133910	0.000000365507
17	15019097	16412341	592	14	0.0001432616	0.000000279699
17	16412342	18856319	1027	14	0.0004633098	0.000000396902
17	18856320	21290356	731	14	0.0002344328	0.000000319591
17	21290357	27334243	1047	14	0.0000544508	0.000000368372
17	27334244	29786490	762	14	0.0002180580	0.000000259385
17	29786491	31538424	982	14	0.0001215066	0.000000373051
17	31538425	32912797	1597	14	0.0000492525	0.000000368010
17	32912798	34469035	972	14	0.0002019725	0.000000378666
17	34469036	36809343	856	14	0.0000239924	0.000000366247
17	36809344	38877403	715	14	0.0001021606	0.000000333022
17	38877404	39899809	667	14	0.0000960588	0.000000208503
17	39899810	41772086	541	14	0.0002448296	0.000000211266
17	41772087	43056904	554	14	-0.0001491503	0.000000205981
17	43056905	45876021	1244	14	0.0000148402	0.000000365608
17	45876022	47517399	903	14	0.0003564445	0.000000367789
17	47517400	49898956	1338	14	-0.0000314646	0.000000362377
17	49898957	50719054	603	14	0.0004686030	0.000000207420
17	50719055	51826117	853	14	0.0001236339	0.000000215713
17	51826118	53599431	1232	14	0.0000582681	0.000000368639
17	53599432	55357540	1195	14	0.0003681966	0.000000390265
17	55357541	57487511	1141	14	0.0000985308	0.000000371448
17	57487512	59312754	417	14	0.0002800731	0.000000145751
17	59312755	61545588	817	14	0.0000497679	0.000000368046
17	61545589	63148127	520	14	0.0000184608	0.000000201626
17	63148128	64800429	1368	14	-0.0000283183	0.000000362597
17	64800430	67858769	1768	14	0.0000460484	0.000000367786
17	67858770	69387816	1384	14	0.0002361707	0.000000381052
17	69387817	72672202	2585	14	0.0000783155	0.000000370038
17	72672203	74375559	683	14	0.0001923868	0.000000352069
17	74375560	76263412	1274	14	0.0000490664	0.000000367997
17	76263413	77298635	754	14	0.0001174484	0.000000372768
17	77298636	78837587	1025	14	-0.0000496122	0.000000361111
17	78837588	80034407	445	14	0.0001121555	0.000000241075
17	80034408	81194907	546	14	0.0025610342	0.000000413150
18	10644	912485	711	14	-0.0000211337	0.000000363098
18	912486	1942910	824	14	0.0000564438	0.000000290725
18	1942911	3891657	1536	14	-0.0000075477	0.000000364046
18	3891658	5834179	1578	14	0.0001383048	0.000000374224
18	5834180	7090484	1086	14	0.0000389930	0.000000367294
18	7090485	8498930	1098	14	-0.0000638316	0.000000360119
18	8498931	11075912	2358	14	0.0000320877	0.000000366812
18	11075913	11905439	560	14	0.0000060601	0.000000267756
18	11905440	14440798	1418	14	0.0000528908	0.000000368263
18	14440799	19485843	349	14	-0.0000202473	0.000000118837
18	19485844	20649471	654	14	-0.0000629918	0.000000225827
18	20649472	22996650	1508	14	0.0000860396	0.000000370577
18	22996651	24026190	646	14	0.0000746945	0.000000253388
18	24026191	25927681	1531	14	0.0003463288	0.000000388739
18	25927682	26875586	648	14	0.0001070681	0.000000171496
18	26875587	27866477	714	14	0.0001828465	0.000000201746
18	27866478	30264065	1854	14	0.0000284903	0.000000366561
18	30264066	31780066	870	14	0.0002615420	0.000000241342
18	31780067	33861963	1354	14	0.0004617841	0.000000395922
18	33861964	35075249	906	14	0.0001416343	0.000000373583
18	35075250	36365489	1093	14	0.0000643681	0.000000330390
18	36365490	37684366	826	14	0.0000985016	0.000000228507
18	37684367	39892647	1812	14	0.0000824204	0.000000370324
18	39892648	42922105	2164	14	0.0001735774	0.000000376685
18	42922106	44299245	1219	14	0.0004980327	0.000000399325
18	44299246	45939731	1115	14	0.0001491554	0.000000374981
18	45939732	47730583	1364	14	0.0000201168	0.000000365976
18	47730584	51062184	2525	14	-0.0000267093	0.000000362709
18	51062185	51554174	478	14	0.0002478064	0.000000117504
18	51554175	55213837	2229	14	0.0002045831	0.000000378848
18	55213838	56530219	1089	14	0.0001050231	0.000000371901
18	56530220	57630482	1067	14	-0.0000108921	0.000000363813
18	57630483	59020750	994	14	0.0001057305	0.000000347742
18	59020751	60277714	1191	14	0.0002125062	0.000000379401
18	60277715	61820251	1208	14	0.0001806494	0.000000377178
18	61820252	63463401	1287	14	0.0001206607	0.000000372992
18	63463402	64252800	743	14	-0.0000437684	0.000000166905
18	64252801	66125816	1733	14	0.0000917109	0.000000370972
18	66125817	67175819	752	14	0.0000930729	0.000000290818
18	67175820	68621178	977	14	0.0002217961	0.000000380049
18	68621179	69621617	947	14	0.0003219375	0.000000383548
18	69621618	71038473	1290	14	0.0000877045	0.000000370693
18	71038474	71971461	1014	14	0.0000872976	0.000000370664
18	71971462	73526986	1358	14	0.0001516388	0.000000375154
18	73526987	74813814	1139	14	-0.0000192537	0.000000363229
18	74813815	75976316	1214	14	0.0002342096	0.000000380916
18	75976317	77149990	967	14	0.0001201117	0.000000372954
18	77149991	78017157	524	14	0.0003555870	0.000000266560
19	80840	610728	150	14	0.0001676713	0.000000095988
19	610729	2098395	502	14	0.0000333260	0.000000334165
19	2098396	3019659	416	14	0.0002145490	0.000000248951
19	3019660	4348966	539	14	-0.0001034477	0.000000325486
19	4348967	5811851	663	14	0.0001203545	0.000000372971
19	5811852	6684884	349	14	0.0000585951	0.000000197639
19	6684885	8347512	909	14	-0.0000315186	0.000000362373
19	8347513	9238392	424	14	0.0002318828	0.000000180111
19	9238393	11284027	799	14	0.0001344235	0.000000353172
19	11284028	13471126	742	14	0.0002365801	0.000000376722
19	13471127	14486346	364	14	-0.0000273002	0.000000182759
19	14486347	15648609	583	14	0.0000471088	0.000000289258
19	15648610	16374415	686	14	0.0001075304	0.000000247791
19	16374416	18409861	904	14	0.0000957893	0.000000371257
19	18409862	19877470	532	14	0.0001384722	0.000000255443
19	19877471	20905756	353	14	0.0006184404	0.000000185944
19	20905757	22732895	905	14	0.0002023997	0.000000269384
19	22732896	23467745	341	14	-0.0000093544	0.000000094455
19	23467746	28557892	778	14	0.0000298673	0.000000209224
19	28557893	29790946	1220	14	0.0002808683	0.000000384171
19	29790947	30727953	711	14	0.0002590211	0.000000325462
19	30727954	32746519	1239	14	0.0000286765	0.000000366574
19	32746520	34262951	952	14	0.0001023085	0.000000371712
19	34262952	36469294	1137	14	0.0000378345	0.000000367213
19	36469295	37527032	466	14	0.0001737296	0.000000142611
19	37527033	40170618	1115	14	0.0001949016	0.000000378173
19	40170619	40984600	324	14	-0.0000054901	0.000000121925
19	40984601	42131572	501	14	0.0002269916	0.000000268706
19	42131573	43862454	511	14	0.0000287166	0.000000197072
19	43862455	44744107	533	14	0.0003333566	0.000000216638
19	44744108	46102696	649	14	-0.0000349959	0.000000336223
19	46102697	47150081	488	14	0.0001891231	0.000000257379
19	47150082	49282226	987	14	-0.0000691641	0.000000359747
19	49282227	51532566	1039	14	-0.0000651715	0.000000360025
19	51532567	52985289	1193	14	0.0004368616	0.000000395056
19	52985290	54602361	1046	14	0.0001874172	0.000000377651
19	54602362	55728079	623	14	0.0002006048	0.000000378571
19	55728080	57521334	1138	14	-0.0000124083	0.000000363707
19	57521335	59118838	869	14	0.0001485856	0.000000374941
20	60479	697599	430	14	0.0000808295	0.000000246725
20	697600	2469500	1839	14	0.0000676565	0.000000369294
20	2469501	3828412	912	14	0.0005001267	0.000000399471
20	3828413	5477849	1463	14	0.0000021460	0.000000364723
20	5477850	7084072	1541	14	0.0002303658	0.000000380647
20	7084073	8117010	1045	14	0.0000396563	0.000000309367
20	8117011	9730920	1575	14	0.0002155717	0.000000379615
20	9730921	11249535	1503	14	0.0000896988	0.000000370832
20	11249536	12447498	1094	14	0.0000636052	0.000000368139
20	12447499	13689863	1164	14	0.0001303340	0.000000373667
20	13689864	15958358	2046	14	0.0000007657	0.000000364626
20	15958359	17487231	1862	14	0.0000231781	0.000000366190
20	17487232	18972202	1214	14	-0.0000306427	0.000000362435
20	18972203	20959709	1784	14	-0.0001310997	0.000000355425
20	20959710	22491455	891	14	0.0000376752	0.000000265938
20	22491456	23293789	837	14	0.0000432090	0.000000281652
20	23293790	24717723	1155	14	-0.0000117012	0.000000363756
20	24717724	25344230	593	14	0.0002030646	0.000000158017
20	25344231	31614822	1175	14	0.0001236857	0.000000373203
20	31614823	32813440	474	14	0.0000190002	0.000000177834
20	32813441	34960445	790	14	0.0000664856	0.000000218615
20	34960446	36909529	925	14	0.0003212296	0.000000375682
20	36909530	38436760	1100	14	-0.0000039717	0.000000359940
20	38436761	39610855	968	14	0.0002514417	0.000000382118
20	39610856	40585688	565	14	0.0000356268	0.000000211142
20	40585689	41615459	1063	14	-0.0000307238	0.000000362429
20	41615460	42680175	717	14	-0.0001178110	0.000000341610
20	42680176	44839055	1437	14	0.0000537100	0.000000368321
20	44839056	47199979	1960	14	0.0000370484	0.000000367158
20	47199980	49239657	1467	14	-0.0001259393	0.000000355785
20	49239658	52472548	2589	14	0.0000804543	0.000000370187
20	52472549	54055265	1353	14	0.0000750346	0.000000369809
20	54055266	56447958	2244	14	-0.0000164173	0.000000363427
20	56447959	58406571	1583	14	0.0000384364	0.000000367255
20	58406572	59561723	1081	14	-0.0000407737	0.000000361728
20	59561724	61301854	1445	14	0.0001292609	0.000000373592
20	61301855	62190179	540	14	0.0002323942	0.000000321944
20	62190180	62965162	392	14	-0.0000440819	0.000000182341
21	9411243	15950981	626	14	0.0002651414	0.000000310155
21	15950982	18053164	1371	14	0.0000656990	0.000000369157
21	18053165	19480374	946	14	0.0001460266	0.000000374762
21	19480375	20962338	1332	14	-0.0000216823	0.000000363060
21	20962339	22072763	884	14	0.0001590933	0.000000375674
21	22072764	23362874	1191	14	0.0001892594	0.000000377779
21	23362875	24696230	902	14	0.0001357183	0.000000321057
21	24696231	26469121	1519	14	-0.0000723520	0.000000359524
21	26469122	27271018	471	14	-0.0000290270	0.000000167923
21	27271019	29125225	1756	14	0.0000359156	0.000000367079
21	29125226	31197024	1535	14	0.0000725506	0.000000369635
21	31197025	32668641	1098	14	0.0002672487	0.000000296404
21	32668642	34376998	1124	14	0.0000793966	0.000000370113
21	34376999	35225464	487	14	0.0002166017	0.000000237457
21	35225465	36524372	1055	14	-0.0000772739	0.000000359181
21	36524373	37870778	986	14	0.0002271119	0.000000380420
21	37870779	38711703	608	14	0.0001657778	0.000000233937
21	38711704	40482901	1611	14	0.0001266900	0.000000373413
21	40482902	41389526	943	14	0.0003876752	0.000000387263
21	41389527	43321527	1775	14	0.0000922302	0.000000371008
21	43321528	44506267	1224	14	0.0009302789	0.000000429487
21	44506268	46177104	1053	14	0.0003896207	0.000000391760
21	46177105	47492225	926	14	0.0000051058	0.000000364929
21	47492226	48119751	418	14	0.0002392683	0.000000195999
22	16050408	17674294	406	14	0.0000387458	0.000000202275
22	17674295	18296087	432	14	0.0000808609	0.000000219610
22	18296088	19912357	977	14	0.0000125692	0.000000365450
22	19912358	22357324	1021	14	0.0001458594	0.000000374751
22	22357325	23712646	807	14	0.0000009968	0.000000362027
22	23712647	24984203	673	14	0.0002291829	0.000000288896
22	24984204	26791627	1409	14	0.0001001047	0.000000371558
22	26791628	27834751	1353	14	0.0004061572	0.000000392914
22	27834752	29651798	1022	14	-0.0000533406	0.000000360851
22	29651799	31439917	993	14	0.0001413810	0.000000374438
22	31439918	32664985	596	14	0.0001905379	0.000000239516
22	32664986	34494913	1783	14	0.0001295063	0.000000373610
22	34494914	35530984	1165	14	-0.0000771005	0.000000323925
22	35530985	37570268	1620	14	0.0006693809	0.000000411281
22	37570269	39307893	933	14	0.0002414535	0.000000381421
22	39307894	40545796	616	14	0.0002238828	0.000000335588
22	40545797	42690817	847	14	0.0002365639	0.000000286177
22	42690818	43714199	770	14	0.0001949923	0.000000378179
22	43714200	44995307	1328	14	-0.0000114128	0.000000363776
22	44995308	46470494	1174	14	0.0000565306	0.000000368517
22	46470495	47596317	916	14	0.0001770037	0.000000376924
22	47596318	48903702	1587	14	-0.0000707803	0.000000359634
22	48903703	49824533	1356	14	0.0004105231	0.000000393219
22	49824534	51243297	745	14	0.0002631321	0.000000382934
