chr	start	end	num_snp	k	local_h2g	var
1	10583	1892606	164	25	0.0001603967	0.000000002343
1	1892607	3582735	823	50	0.0009777432	0.000000010215
1	3582736	4380810	564	50	0.0002508304	0.000000004093
1	4380811	5913892	1899	50	0.0000887435	0.000000003396
1	5913893	7247334	747	50	0.0002266913	0.000000004205
1	7247335	9365198	1281	50	0.0004615831	0.000000005889
1	9365199	10806983	542	50	0.0004310540	0.000000004881
1	10806984	11777840	408	50	0.0003287957	0.000000004174
1	11777841	12779465	461	50	0.0000881169	0.000000002854
1	12779466	14891510	1219	50	0.0002430117	0.000000004476
1	14891511	16897729	1138	50	0.0001577540	0.000000003894
1	16897730	18662898	1182	50	0.0006644255	0.000000007465
1	18662899	20469148	1247	50	0.0004806628	0.000000006195
1	20469149	21736587	810	50	0.0005348919	0.000000006162
1	21736588	23086882	953	50	0.0004618744	0.000000005948
1	23086883	23920589	354	33	0.0005463922	0.000000004864
1	23920590	25516844	907	50	0.0004556028	0.000000005875
1	25516845	27401866	663	50	0.0007746846	0.000000007169
1	27401867	30161880	968	50	0.0003900564	0.000000005469
1	30161881	32438684	1925	50	0.0005268696	0.000000006324
1	32438685	34799757	1181	50	0.0002944654	0.000000004776
1	34799758	37549182	992	50	0.0002568633	0.000000004660
1	37549183	38731846	615	50	0.0004690437	0.000000005317
1	38731847	40200566	758	50	0.0002112858	0.000000004196
1	40200567	41975326	1030	50	0.0007910920	0.000000008014
1	41975327	43758456	1111	50	0.0005608021	0.000000006481
1	43758457	44969182	629	45	0.0001667210	0.000000002967
1	44969183	46899500	817	46	0.0004776562	0.000000004957
1	46899501	48002575	527	40	0.0005356782	0.000000004996
1	48002576	48978187	566	50	0.0003816022	0.000000004494
1	48978188	49894176	466	37	0.0000579805	0.000000001752
1	49894177	51713725	491	30	0.0003028793	0.000000003110
1	51713726	54226261	986	50	0.0005119599	0.000000006161
1	54226262	56413116	1458	50	0.0003430418	0.000000005094
1	56413117	57021727	530	37	0.0002804077	0.000000003240
1	57021728	58865398	1569	50	0.0002268821	0.000000004308
1	58865399	59890408	778	50	0.0002388758	0.000000003647
1	59890409	61922364	1225	50	0.0002776191	0.000000004641
1	61922365	63455088	972	50	0.0002225577	0.000000004308
1	63455089	65041703	1344	50	0.0002536296	0.000000004431
1	65041704	66939403	1358	50	0.0004059066	0.000000005445
1	66939404	68477894	1364	50	0.0004120144	0.000000005478
1	68477895	69687615	776	50	0.0001542089	0.000000003228
1	69687616	71372469	1126	50	0.0002572112	0.000000004511
1	71372470	71684404	178	13	0.0000555527	0.000000000760
1	71684405	74326906	1617	50	0.0001906398	0.000000003927
1	74326907	76728134	1691	50	0.0004485732	0.000000005754
1	76728135	79661197	2018	50	0.0004077917	0.000000005578
1	79661198	81354190	1214	50	0.0001621482	0.000000003805
1	81354191	83991747	2213	50	0.0001909698	0.000000004078
1	83991748	84844494	580	44	0.0002112129	0.000000002905
1	84844495	86454750	1306	50	0.0003840134	0.000000005352
1	86454751	88128630	1156	50	0.0004783303	0.000000006039
1	88128631	90066302	1027	50	0.0005305984	0.000000006307
1	90066303	91886316	1078	50	0.0002451871	0.000000004524
1	91886317	93536458	1075	50	0.0005417819	0.000000006140
1	93536459	94506190	538	31	0.0002787193	0.000000003079
1	94506191	96150892	1125	50	0.0003094847	0.000000004824
1	96150893	97885248	1160	50	0.0002454312	0.000000004342
1	97885249	99800603	1297	50	0.0001634235	0.000000003880
1	99800604	100826404	665	46	0.0002058944	0.000000002906
1	100826405	102041015	904	50	0.0002623553	0.000000004115
1	102041016	102898744	692	48	0.0001967284	0.000000002884
1	102898745	103914210	611	31	0.0004292113	0.000000003881
1	103914211	106087841	1280	50	0.0001953078	0.000000004179
1	106087842	108409664	1671	50	0.0001040901	0.000000003492
1	108409665	110303930	1056	50	0.0002682786	0.000000004671
1	110303931	111741736	991	50	0.0002903509	0.000000004815
1	111741737	113273305	1336	50	0.0004846760	0.000000006035
1	113273306	114873844	904	50	0.0001771989	0.000000004011
1	114873845	115880592	597	46	0.0002247272	0.000000003200
1	115880593	118839066	1658	50	0.0003549142	0.000000005221
1	118839067	144977493	1203	50	0.0011653534	0.000000010545
1	144977494	148361252	805	50	0.0005616724	0.000000006116
1	148361253	151538880	560	37	0.0014030716	0.000000010828
1	151538881	153180828	991	50	0.0002648101	0.000000003898
1	153180829	154770402	776	50	0.0002209040	0.000000003966
1	154770403	156336132	467	46	0.0003470345	0.000000004103
1	156336133	158027411	1185	50	0.0003941331	0.000000005499
1	158027412	159913047	1345	50	0.0001664390	0.000000004033
1	159913048	162346720	1596	50	0.0003214350	0.000000005035
1	162346721	165191701	2446	50	0.0002380239	0.000000004400
1	165191702	166460516	1009	50	0.0004591460	0.000000005821
1	166460517	169086323	2038	50	0.0003174948	0.000000005047
1	169086324	170557775	1395	50	0.0002524023	0.000000004352
1	170557776	173097906	1692	50	0.0016057808	0.000000013396
1	173097907	175089767	735	41	0.0002803743	0.000000003287
1	175089768	177433380	1555	50	0.0008192483	0.000000008258
1	177433381	178944308	923	50	0.0001777464	0.000000003542
1	178944309	178954469	3	1	0.0000181202	0.000000000173
1	178954470	181144120	1509	50	0.0002856720	0.000000004673
1	181144121	182755355	1092	50	0.0002899793	0.000000004722
1	182755356	184595512	1292	50	0.0013659870	0.000000011830
1	184595513	186810022	895	50	0.0003152948	0.000000004489
1	186810023	188759944	1507	50	0.0001014339	0.000000003442
1	188759945	189904129	642	26	0.0000806134	0.000000001642
1	189904130	191868929	1535	50	0.0001652883	0.000000003642
1	191868930	194107441	1352	50	0.0001394565	0.000000003709
1	194107442	196176200	1643	50	0.0000943382	0.000000003447
1	196176201	197311513	504	23	0.0001055609	0.000000001703
1	197311514	199239883	1046	50	0.0002498751	0.000000004329
1	199239884	200137648	644	46	0.0003229275	0.000000003851
1	200137649	201589974	1249	50	0.0002075651	0.000000004174
1	201589975	203334733	1054	50	0.0002334948	0.000000004451
1	203334734	204681067	829	50	0.0003818057	0.000000005388
1	204681068	206073264	1059	50	0.0002996101	0.000000004798
1	206073265	208410363	1172	50	0.0003169741	0.000000004932
1	208410364	210787749	1742	50	0.0003087315	0.000000004867
1	210787750	212842329	1301	50	0.0006446043	0.000000007115
1	212842330	214578265	1109	50	0.0002087241	0.000000004215
1	214578266	216243633	1285	50	0.0007848642	0.000000007981
1	216243634	218705512	2327	50	0.0007210613	0.000000007534
1	218705513	219590570	657	50	0.0010096275	0.000000008437
1	219590571	221858230	1524	50	0.0007917151	0.000000007993
1	221858231	222230219	342	26	0.0001672287	0.000000002201
1	222230220	224938519	959	50	0.0003617279	0.000000005388
1	224938520	226810859	931	50	0.0003045311	0.000000004869
1	226810860	229156247	1437	50	0.0007991068	0.000000008214
1	229156248	230685254	889	50	0.0002283270	0.000000004404
1	230685255	232090251	1061	50	0.0001473496	0.000000003809
1	232090252	233429283	1135	50	0.0002330498	0.000000004415
1	233429284	234599433	1041	50	0.0002141278	0.000000004273
1	234599434	235819435	728	50	0.0003288244	0.000000005098
1	235819436	237555627	1393	50	0.0002986872	0.000000004993
1	237555628	238567806	899	50	0.0001663648	0.000000003962
1	238567807	239925313	1122	50	0.0002101522	0.000000004206
1	239925314	240564090	669	50	0.0001971386	0.000000003539
1	240564091	241582219	951	50	0.0002513133	0.000000004718
1	241582220	242071601	383	45	0.0001527907	0.000000002411
1	242071602	244109498	1165	50	0.0003280450	0.000000005107
1	244109499	245506745	944	50	0.0002298923	0.000000004642
1	245506746	247344517	1404	50	0.0002630008	0.000000004696
1	247344518	249239465	866	50	0.0001574768	0.000000004416
2	10133	1781021	1359	50	0.0006329520	0.000000007000
2	1781022	3973778	1840	50	0.0001879583	0.000000004081
2	3973779	5708336	1432	50	0.0001381920	0.000000003736
2	5708337	6836253	1289	50	0.0002561887	0.000000004490
2	6836254	8422146	1356	50	0.0002290649	0.000000004319
2	8422147	10298468	1346	50	0.0004371535	0.000000005752
2	10298469	12419149	1870	50	0.0004910520	0.000000006133
2	12419150	14335307	1604	50	0.0001874677	0.000000004027
2	14335308	16329734	1779	50	0.0002063140	0.000000004139
2	16329735	18647422	1868	50	0.0004409052	0.000000005710
2	18647423	19692403	803	50	0.0003356055	0.000000004463
2	19692404	21050489	1299	50	0.0006794362	0.000000007322
2	21050490	23341382	1404	50	0.0003155317	0.000000004939
2	23341383	24686917	859	50	0.0007024606	0.000000007013
2	24686918	26894984	1054	50	0.0015512362	0.000000013068
2	26894985	28598776	725	42	0.0004242067	0.000000004794
2	28598777	29217558	468	40	0.0002459521	0.000000003237
2	29217559	30463710	1203	50	0.0001371106	0.000000003711
2	30463711	31550449	1164	50	0.0003984050	0.000000005455
2	31550450	33363776	816	50	0.0007814668	0.000000007962
2	33363777	35345027	1794	50	0.0005232354	0.000000006324
2	35345028	36122005	877	45	0.0001601959	0.000000003173
2	36122006	38132711	1885	50	0.0008418601	0.000000008337
2	38132712	39031336	623	50	0.0002969406	0.000000004390
2	39031337	40281482	626	43	0.0002298550	0.000000003596
2	40281483	43309589	2814	50	0.0004435075	0.000000005655
2	43309590	44313802	843	50	0.0003843348	0.000000005286
2	44313803	46482633	1970	50	0.0006702951	0.000000007257
2	46482634	47318771	779	50	0.0010498577	0.000000009685
2	47318772	48213000	526	50	0.0003088050	0.000000004728
2	48213001	50022256	1534	50	0.0002302966	0.000000004276
2	50022257	50818927	822	43	0.0001190564	0.000000002840
2	50818928	52491132	1681	50	0.0000863347	0.000000003324
2	52491133	53508451	1121	50	0.0002296419	0.000000004264
2	53508452	54685225	875	50	0.0002628572	0.000000004436
2	54685226	56203344	1224	50	0.0022719198	0.000000017615
2	56203345	57429099	978	50	0.0006634378	0.000000006915
2	57429100	58297314	665	38	0.0001313944	0.000000002589
2	58297315	60291999	1334	50	0.0002408878	0.000000004295
2	60292000	62429043	1034	50	0.0004276195	0.000000005483
2	62429044	64625912	1139	50	0.0001847014	0.000000003987
2	64625913	65933443	885	50	0.0003269487	0.000000004932
2	65933444	67226165	1156	50	0.0002655972	0.000000004498
2	67226166	68010175	941	50	0.0001767357	0.000000003581
2	68010176	69139563	1041	50	0.0004962982	0.000000006073
2	69139564	70755197	970	50	0.0004001310	0.000000005344
2	70755198	73174847	1810	50	0.0006609111	0.000000007235
2	73174848	75630085	1470	50	0.0004327203	0.000000005720
2	75630086	76913660	1081	50	0.0001694491	0.000000003841
2	76913661	78079263	933	50	0.0001221902	0.000000003667
2	78079264	80050402	2035	50	0.0001602471	0.000000003803
2	80050403	81620840	1136	50	0.0001864003	0.000000003973
2	81620841	85140679	2437	50	0.0002020224	0.000000004080
2	85140680	88038506	1235	50	0.0005672327	0.000000006621
2	88038507	89154525	445	40	0.0005627749	0.000000005021
2	89154526	95326451	52	5	0.0000700415	0.000000001211
2	95326452	98995200	871	50	0.0003405293	0.000000004856
2	98995201	101822328	1916	50	0.0002866883	0.000000004586
2	101822329	102688764	604	39	0.0001343223	0.000000002363
2	102688765	103588214	969	48	0.0002254884	0.000000003267
2	103588215	105125033	809	50	0.0001502942	0.000000003043
2	105125034	106210057	867	50	0.0003795840	0.000000005080
2	106210058	107408266	961	50	0.0002605822	0.000000004469
2	107408267	108429176	941	50	0.0001364751	0.000000002735
2	108429177	110572431	1154	50	0.0004460251	0.000000005792
2	110572432	113921855	1434	50	0.0004158775	0.000000005589
2	113921856	116772469	1690	50	0.0002463232	0.000000004416
2	116772470	118367465	1048	50	0.0001815757	0.000000003308
2	118367466	121303782	2040	50	0.0002725564	0.000000004561
2	121303783	123302905	1230	50	0.0005083966	0.000000006254
2	123302906	124732249	1195	50	0.0001150651	0.000000002905
2	124732250	125840920	892	50	0.0001166394	0.000000003005
2	125840921	127373763	1082	50	0.0002646742	0.000000003674
2	127373764	128034346	615	50	0.0002411299	0.000000003539
2	128034347	129474440	857	50	0.0004215024	0.000000005322
2	129474441	130067169	476	36	0.0000973356	0.000000001869
2	130067170	130658084	468	34	0.0000987047	0.000000001902
2	130658085	133042783	524	50	0.0000808247	0.000000002676
2	133042784	135158577	1757	50	0.0003978428	0.000000005420
2	135158578	137042793	854	50	0.0003141983	0.000000004176
2	137042794	138698116	1229	50	0.0002117063	0.000000004139
2	138698117	140100270	1033	50	0.0002084747	0.000000003472
2	140100271	141805350	1411	50	0.0001563786	0.000000003813
2	141805351	142518601	719	47	0.0001111861	0.000000002555
2	142518602	144519483	1497	50	0.0001828053	0.000000003964
2	144519484	146445569	867	50	0.0003949129	0.000000005035
2	146445570	147277161	378	24	0.0000743287	0.000000001431
2	147277162	150210291	1502	50	0.0002367741	0.000000004333
2	150210292	151731461	1055	50	0.0001941418	0.000000004107
2	151731462	152486781	577	38	0.0002293023	0.000000002937
2	152486782	154005055	1024	50	0.0001264199	0.000000003459
2	154005056	155391134	1160	50	0.0002062058	0.000000004157
2	155391135	157560634	1232	50	0.0003100459	0.000000004805
2	157560635	158533217	352	33	0.0001939879	0.000000002537
2	158533218	159577081	719	50	0.0002726172	0.000000003827
2	159577082	161769732	1387	50	0.0005790167	0.000000006618
2	161769733	163503550	719	46	0.0002215704	0.000000003218
2	163503551	164466637	534	38	0.0001879999	0.000000002655
2	164466638	165178839	417	30	0.0000815209	0.000000001755
2	165178840	167160269	1366	50	0.0001615377	0.000000003797
2	167160270	167355969	177	13	0.0000328662	0.000000000692
2	167355970	169968235	1645	50	0.0003897666	0.000000005335
2	169968236	171226244	987	50	0.0001752502	0.000000003978
2	171226245	173138904	1027	50	0.0005467359	0.000000006429
2	173138905	175588928	1638	50	0.0004165146	0.000000005559
2	175588929	177363635	988	50	0.0002759125	0.000000004566
2	177363636	178553182	1041	50	0.0003786915	0.000000004881
2	178553183	181312738	2212	50	0.0004652753	0.000000005841
2	181312739	182266030	708	44	0.0001381581	0.000000002570
2	182266031	184357607	1313	50	0.0002751216	0.000000004615
2	184357608	185280172	631	38	0.0000934244	0.000000002080
2	185280173	189882064	2522	50	0.0001533598	0.000000003772
2	189882065	191973356	1073	50	0.0004844158	0.000000005755
2	191973357	195861163	1726	50	0.0001027074	0.000000003526
2	195861164	196447455	343	27	0.0000916068	0.000000001546
2	196447456	198078109	896	50	0.0001185442	0.000000002798
2	198078110	199311124	607	33	0.0003177050	0.000000003433
2	199311125	201576283	1250	50	0.0005383550	0.000000006263
2	201576284	202818636	518	49	0.0001844058	0.000000002968
2	202818637	205799240	1360	50	0.0004234296	0.000000005567
2	205799241	206735703	669	50	0.0002146641	0.000000004246
2	206735704	208645398	1179	50	0.0002926982	0.000000004720
2	208645399	209941528	728	50	0.0002610159	0.000000003816
2	209941529	212379517	1700	50	0.0001776484	0.000000003928
2	212379518	214014281	1450	50	0.0002809974	0.000000004603
2	214014282	215573794	1060	50	0.0001785348	0.000000003784
2	215573795	217715660	1513	50	0.0006135059	0.000000006991
2	217715661	218395479	517	45	0.0010565549	0.000000008797
2	218395480	220454550	927	50	0.0014246971	0.000000012541
2	220454551	222521175	1829	50	0.0003383721	0.000000005010
2	222521176	224859418	1685	50	0.0003452553	0.000000005151
2	224859419	225840003	738	48	0.0005585937	0.000000005457
2	225840004	228119841	1600	50	0.0003313030	0.000000005030
2	228119842	229370786	939	50	0.0002152340	0.000000003977
2	229370787	231843388	1861	50	0.0002151950	0.000000004252
2	231843389	233550002	788	50	0.0022579021	0.000000017855
2	233550003	235150986	1472	50	0.0003712094	0.000000005347
2	235150987	236043549	767	50	0.0002050433	0.000000004356
2	236043550	237449031	891	50	0.0002740633	0.000000004643
2	237449032	238760980	1072	50	0.0004773444	0.000000005955
2	238760981	239952642	829	50	0.0003081125	0.000000004880
2	239952643	241560083	1216	50	0.0002485683	0.000000004637
2	241560084	242149920	372	38	0.0005629960	0.000000005120
2	242149921	243188919	251	23	0.0005181718	0.000000004788
3	60157	1441778	1246	50	0.0001447158	0.000000003812
3	1441779	2992119	1698	50	0.0002088514	0.000000004264
3	2992120	4431646	1534	50	0.0001426996	0.000000003830
3	4431647	6083182	1467	50	0.0001868418	0.000000004157
3	6083183	7083386	925	50	0.0001547175	0.000000003932
3	7083387	8648560	1749	50	0.0002796481	0.000000004621
3	8648561	9543182	838	50	0.0002330758	0.000000004650
3	9543183	11019664	956	50	0.0002626788	0.000000004644
3	11019665	13070798	1318	50	0.0005786818	0.000000006759
3	13070799	14816899	1443	50	0.0006370195	0.000000007161
3	14816900	16282441	1010	50	0.0002614585	0.000000004581
3	16282442	17891117	1042	50	0.0002635294	0.000000004521
3	17891118	19125143	775	50	0.0004034981	0.000000004845
3	19125144	20091347	338	30	0.0002148269	0.000000002659
3	20091348	21643706	1353	50	0.0002521420	0.000000004515
3	21643707	22204243	897	50	0.0001181731	0.000000003634
3	22204244	23804864	1170	50	0.0002602801	0.000000004563
3	23804865	25461557	1420	50	0.0005089522	0.000000006124
3	25461558	26877768	992	50	0.0001911801	0.000000004095
3	26877769	27840909	660	43	0.0002766196	0.000000003704
3	27840910	29142259	947	50	0.0002113164	0.000000004205
3	29142260	30717954	1361	50	0.0003086104	0.000000004867
3	30717955	32351714	1281	50	0.0002520738	0.000000004552
3	32351715	33255591	472	50	0.0002559868	0.000000003798
3	33255592	35283457	1252	50	0.0002079718	0.000000004193
3	35283458	36486841	891	50	0.0001243321	0.000000003227
3	36486842	38356115	1054	50	0.0005383380	0.000000006381
3	38356116	40221297	1310	50	0.0001652233	0.000000003940
3	40221298	41064527	314	23	0.0001101513	0.000000001737
3	41064528	42540001	1027	50	0.0003304004	0.000000005100
3	42540002	45165152	1289	50	0.0003450002	0.000000005101
3	45165153	46657499	1026	50	0.0001547406	0.000000003842
3	46657500	47727211	312	21	0.0004491796	0.000000003910
3	47727212	49316971	362	17	0.0003395099	0.000000002977
3	49316972	51832014	686	27	0.0005074219	0.000000004627
3	51832015	54081389	1013	50	0.0010843396	0.000000009979
3	54081390	55348859	1135	50	0.0003050616	0.000000004829
3	55348860	56433906	721	50	0.0004194361	0.000000005006
3	56433907	58157518	969	50	0.0010287231	0.000000009538
3	58157519	60272905	1800	50	0.0001183946	0.000000003567
3	60272906	62355665	1803	50	0.0003859206	0.000000005379
3	62355666	63669285	1285	50	0.0001843651	0.000000004036
3	63669286	65273537	1347	50	0.0001971905	0.000000004100
3	65273538	66270446	590	50	0.0002738086	0.000000004456
3	66270447	68286913	1368	50	0.0003564926	0.000000005175
3	68286914	69276761	701	50	0.0003260901	0.000000004603
3	69276762	70449027	841	50	0.0001762275	0.000000003783
3	70449028	72529328	1421	50	0.0007875019	0.000000008044
3	72529329	74321816	1465	50	0.0003685141	0.000000005210
3	74321817	75704948	626	48	0.0002512112	0.000000003796
3	75704949	77508834	1128	50	0.0002167537	0.000000004231
3	77508835	79024540	918	50	0.0002779309	0.000000004382
3	79024541	81427309	1319	50	0.0001774257	0.000000003602
3	81427310	82643885	720	38	0.0001771656	0.000000002594
3	82643886	84367478	882	48	0.0002003266	0.000000003235
3	84367479	85582230	654	34	0.0001906156	0.000000002742
3	85582231	87409731	1294	50	0.0001971070	0.000000003588
3	87409732	88298372	525	27	0.0002196239	0.000000002414
3	88298373	94255315	1245	50	0.0003303838	0.000000004739
3	94255316	95311970	773	27	0.0000639627	0.000000001691
3	95311971	98215949	1606	50	0.0001890827	0.000000004117
3	98215950	99373761	846	50	0.0005637698	0.000000005739
3	99373762	100592216	613	36	0.0002971640	0.000000003480
3	100592217	103084959	1490	50	0.0002703636	0.000000004667
3	103084960	104581612	1221	50	0.0001777006	0.000000003572
3	104581613	106982810	1662	50	0.0004237419	0.000000005740
3	106982811	109522394	1754	50	0.0003182339	0.000000004893
3	109522395	110513769	718	36	0.0000813819	0.000000001885
3	110513770	112815698	1553	50	0.0001594877	0.000000003932
3	112815699	113947862	685	50	0.0003952349	0.000000004578
3	113947863	115447079	800	50	0.0007449821	0.000000007790
3	115447080	116800152	1067	50	0.0001414626	0.000000003766
3	116800153	118530250	1365	50	0.0003171771	0.000000004934
3	118530251	120523054	1187	50	0.0001873789	0.000000004015
3	120523055	121974096	804	43	0.0001866958	0.000000002798
3	121974097	123517767	975	50	0.0002460599	0.000000004426
3	123517768	124936641	1183	50	0.0002518444	0.000000004436
3	124936642	126214942	949	50	0.0002160343	0.000000003934
3	126214943	128194860	1267	50	0.0001620811	0.000000003887
3	128194861	130244734	786	50	0.0008135427	0.000000007680
3	130244735	131836515	1149	50	0.0001912636	0.000000003825
3	131836516	133252172	1080	50	0.0002088734	0.000000003916
3	133252173	135456905	1652	50	0.0005743709	0.000000006607
3	135456906	137371082	875	48	0.0005833060	0.000000005886
3	137371083	139954596	1639	50	0.0002348112	0.000000004327
3	139954597	141339096	855	50	0.0033142777	0.000000024817
3	141339097	143164627	1115	50	0.0006458263	0.000000007160
3	143164628	144410815	834	50	0.0002163474	0.000000003723
3	144410816	145664618	1073	50	0.0002218742	0.000000003672
3	145664619	146726628	885	50	0.0002250133	0.000000003519
3	146726629	149043236	1419	50	0.0002266012	0.000000004360
3	149043237	150252003	829	50	0.0002993113	0.000000004782
3	150252004	151348729	657	50	0.0001378624	0.000000003201
3	151348730	153256570	1289	50	0.0002120752	0.000000004183
3	153256571	154714217	986	50	0.0001948115	0.000000003255
3	154714218	156008699	698	50	0.0001662082	0.000000003223
3	156008700	157312027	932	50	0.0004545199	0.000000005300
3	157312028	159477889	1450	50	0.0005315892	0.000000006293
3	159477890	161524503	1271	50	0.0001372076	0.000000003432
3	161524504	163253204	1654	50	0.0000957844	0.000000003012
3	163253205	165055468	1215	50	0.0001189362	0.000000002735
3	165055469	167117428	1243	50	0.0002384252	0.000000004121
3	167117429	168580959	772	50	0.0003253230	0.000000004150
3	168580960	170964908	1406	50	0.0005354915	0.000000006310
3	170964909	172295730	917	50	0.0011811425	0.000000010832
3	172295731	173477284	774	50	0.0002086308	0.000000004373
3	173477285	175116538	1348	50	0.0000860540	0.000000003423
3	175116539	176320286	852	50	0.0001140263	0.000000002917
3	176320287	178107164	1125	50	0.0001654125	0.000000003955
3	178107165	179374585	796	50	0.0002326122	0.000000003734
3	179374586	181511165	947	50	0.0002345735	0.000000004202
3	181511166	183769682	1224	50	0.0005504037	0.000000006552
3	183769683	185068254	749	50	0.0004430670	0.000000005873
3	185068255	186890343	1038	50	0.0006738516	0.000000007588
3	186890344	188856213	1502	50	0.0006184603	0.000000006979
3	188856214	190226606	1415	50	0.0002132252	0.000000004266
3	190226607	192343813	1621	50	0.0004698388	0.000000006035
3	192343814	194059670	743	50	0.0001712272	0.000000004193
3	194059671	194786673	397	50	0.0003833260	0.000000004604
3	194786674	195971407	338	44	0.0001424350	0.000000002581
3	195971408	197075986	395	50	0.0001981337	0.000000003082
3	197075987	197946621	342	37	0.0001752235	0.000000002484
4	10240	694714	204	18	0.0000471514	0.000000001118
4	694715	1478710	426	30	0.0001841563	0.000000002694
4	1478711	2842978	484	50	0.0007633720	0.000000007355
4	2842979	3846039	510	50	0.0004009385	0.000000005232
4	3846040	4684115	455	50	0.0003274497	0.000000004511
4	4684116	5502387	703	50	0.0003222915	0.000000005017
4	5502388	6773042	1128	50	0.0002740732	0.000000004976
4	6773043	7539691	683	50	0.0003334403	0.000000005341
4	7539692	8152234	557	50	0.0003259017	0.000000004951
4	8152235	9326478	467	50	0.0006095587	0.000000006267
4	9326479	10699151	1181	50	0.0002166237	0.000000004205
4	10699152	12323033	1397	50	0.0002694747	0.000000004557
4	12323034	14272000	1651	50	0.0008985907	0.000000008707
4	14272001	15147445	738	50	0.0002821487	0.000000004253
4	15147446	15927008	504	41	0.0002879528	0.000000003614
4	15927009	17383321	1248	50	0.0002681720	0.000000004553
4	17383322	18841873	952	50	0.0019487900	0.000000015673
4	18841874	20544556	1148	50	0.0002117945	0.000000003879
4	20544557	22319346	1426	50	0.0001217487	0.000000003528
4	22319347	24135528	1292	50	0.0001754770	0.000000003988
4	24135529	25609321	1086	50	0.0001932750	0.000000004111
4	25609322	27343721	1039	50	0.0002036520	0.000000004237
4	27343722	27965867	480	41	0.0000646606	0.000000001856
4	27965868	29762207	1431	50	0.0002250240	0.000000004317
4	29762208	30454534	394	33	0.0000938505	0.000000001752
4	30454535	31782980	934	50	0.0001613898	0.000000003744
4	31782981	33172765	835	50	0.0001501512	0.000000003082
4	33172766	35151414	977	47	0.0001383861	0.000000002630
4	35151415	36020435	794	46	0.0001829451	0.000000002865
4	36020436	37255046	1084	50	0.0001798369	0.000000003513
4	37255047	38907021	1399	50	0.0004942833	0.000000006103
4	38907022	40202608	689	50	0.0005706022	0.000000005949
4	40202609	42213057	1286	50	0.0003733200	0.000000005347
4	42213058	43965044	1209	50	0.0001688460	0.000000003942
4	43965045	45189156	927	50	0.0002970495	0.000000003869
4	45189157	47411895	1159	50	0.0002206817	0.000000004079
4	47411896	48123599	479	32	0.0001368204	0.000000002058
4	48123600	53877432	926	50	0.0003676689	0.000000004752
4	53877433	55429555	1013	50	0.0003363221	0.000000004947
4	55429556	56547643	765	50	0.0003446193	0.000000004712
4	56547644	58935007	1627	50	0.0004663013	0.000000005933
4	58935008	60741086	1243	50	0.0001880167	0.000000004070
4	60741087	62371762	1083	50	0.0003532609	0.000000004887
4	62371763	64341000	1116	50	0.0002258493	0.000000004396
4	64341001	66600491	1300	50	0.0001608874	0.000000003890
4	66600492	68059496	919	50	0.0001815723	0.000000003427
4	68059497	68854764	535	41	0.0001710090	0.000000002515
4	68854765	71049151	1246	50	0.0001272972	0.000000003354
4	71049152	72140557	517	36	0.0001752620	0.000000002351
4	72140558	74592389	1060	50	0.0007746690	0.000000007739
4	74592390	77130706	1522	50	0.0002847047	0.000000004732
4	77130707	79093978	1368	50	0.0001674311	0.000000003979
4	79093979	80990296	1212	50	0.0002551128	0.000000004393
4	80990297	82125314	511	41	0.0003188301	0.000000003512
4	82125315	83372592	747	50	0.0012899639	0.000000010673
4	83372593	84799655	911	50	0.0001831676	0.000000003889
4	84799656	86930608	1275	50	0.0003033400	0.000000004857
4	86930609	87534647	284	22	0.0001868101	0.000000001907
4	87534648	89238027	1103	50	0.0004536183	0.000000005774
4	89238028	90231563	629	50	0.0002209014	0.000000003543
4	90231564	91560676	793	50	0.0001430849	0.000000002989
4	91560677	94233298	1238	50	0.0001093125	0.000000003532
4	94233299	96182187	1298	50	0.0001605955	0.000000003835
4	96182188	97540702	1178	50	0.0001045895	0.000000003523
4	97540703	99424066	1057	50	0.0001747867	0.000000003197
4	99424067	100678359	811	50	0.0001850758	0.000000003480
4	100678360	103221355	1682	50	0.0003064236	0.000000004872
4	103221356	105305293	1123	50	0.0003218957	0.000000004756
4	105305294	107501304	1214	50	0.0005374353	0.000000006504
4	107501305	108815347	783	50	0.0001398784	0.000000002861
4	108815348	111256566	1504	50	0.0007075593	0.000000007501
4	111256567	113870101	1461	50	0.0001696393	0.000000003923
4	113870102	115666245	1166	50	0.0004440434	0.000000005812
4	115666246	117276928	921	49	0.0001619023	0.000000002748
4	117276929	118479917	1052	50	0.0001577314	0.000000003210
4	118479918	119933511	1128	50	0.0001693765	0.000000003371
4	119933512	120392683	311	19	0.0001650711	0.000000001764
4	120392684	122657986	1612	50	0.0003384234	0.000000005057
4	122657987	124286480	887	50	0.0007043786	0.000000006532
4	124286481	125210861	517	47	0.0002196911	0.000000003038
4	125210862	126480885	865	50	0.0001273905	0.000000003136
4	126480886	127275476	576	43	0.0002071743	0.000000002911
4	127275477	127830292	443	34	0.0000886019	0.000000001853
4	127830293	128996664	456	21	0.0001350026	0.000000001946
4	128996665	130591884	943	50	0.0003313901	0.000000004885
4	130591885	131283820	468	31	0.0000948678	0.000000001907
4	131283821	132954032	954	50	0.0001948137	0.000000003690
4	132954033	134628433	1158	50	0.0002490745	0.000000003924
4	134628434	136566406	1182	50	0.0001555773	0.000000003458
4	136566407	138541970	1302	50	0.0001949554	0.000000004163
4	138541971	139556510	738	50	0.0002280994	0.000000003704
4	139556511	141084630	834	50	0.0003519212	0.000000005185
4	141084631	143443264	1516	50	0.0002614976	0.000000004547
4	143443265	146178186	1190	50	0.0030788179	0.000000022851
4	146178187	148521872	1230	50	0.0005096130	0.000000006263
4	148521873	150683579	1157	50	0.0003366946	0.000000005085
4	150683580	152782183	935	50	0.0002518347	0.000000003825
4	152782184	154477640	859	50	0.0002581506	0.000000004593
4	154477641	155056125	401	38	0.0001491688	0.000000002351
4	155056126	157485096	1669	50	0.0002507125	0.000000004476
4	157485097	158743717	686	50	0.0001873871	0.000000003197
4	158743718	161058863	1134	50	0.0003042547	0.000000004754
4	161058864	161826434	612	45	0.0001404716	0.000000002718
4	161826435	163243678	1074	50	0.0002146879	0.000000004095
4	163243679	164478233	762	50	0.0001341941	0.000000002982
4	164478234	165823447	972	50	0.0002026894	0.000000004165
4	165823448	167018857	729	50	0.0002866552	0.000000004492
4	167018858	167852916	508	34	0.0000846417	0.000000001824
4	167852917	169676824	1241	50	0.0000813565	0.000000003374
4	169676825	170776509	549	47	0.0002464000	0.000000003464
4	170776510	172558634	1061	50	0.0001066729	0.000000003284
4	172558635	174264131	937	50	0.0001914630	0.000000003691
4	174264132	176570715	1382	50	0.0001777721	0.000000004110
4	176570716	178991909	1757	50	0.0001670638	0.000000003949
4	178991910	180122042	796	50	0.0002504976	0.000000004272
4	180122043	182066806	1693	50	0.0002129879	0.000000004246
4	182066807	183371274	1315	50	0.0001167393	0.000000003561
4	183371275	184929454	1034	50	0.0003718390	0.000000005653
4	184929455	186909089	1483	50	0.0003255782	0.000000005175
4	186909090	188472980	1115	50	0.0001787709	0.000000004066
4	188472981	189693510	815	50	0.0001684956	0.000000004121
4	189693511	191043593	663	50	0.0002011148	0.000000004162
5	11940	982251	439	36	0.0001632981	0.000000002738
5	982252	2132441	869	50	0.0002429070	0.000000004647
5	2132442	3361940	1634	50	0.0002898686	0.000000004784
5	3361941	4632109	1133	50	0.0002148866	0.000000004315
5	4632110	5973232	1489	50	0.0001389386	0.000000003780
5	5973233	7143217	1169	50	0.0001823852	0.000000004022
5	7143218	8446335	1257	50	0.0003066606	0.000000004846
5	8446336	9718831	1319	50	0.0000673210	0.000000003289
5	9718832	11173270	1411	50	0.0002035269	0.000000004216
5	11173271	13464831	1201	50	0.0002514958	0.000000004470
5	13464832	14757803	1131	50	0.0002217678	0.000000004283
5	14757804	16963612	1412	50	0.0002454800	0.000000004428
5	16963613	18051591	566	50	0.0001468448	0.000000003116
5	18051592	19917715	1353	50	0.0001252967	0.000000003655
5	19917716	22152072	1107	50	0.0000964754	0.000000003156
5	22152073	23494323	947	50	0.0002036690	0.000000003627
5	23494324	26184850	1851	50	0.0002319470	0.000000004322
5	26184851	26857603	430	33	0.0001664663	0.000000002231
5	26857604	27984512	594	48	0.0002021479	0.000000002958
5	27984513	29714819	1236	50	0.0001101708	0.000000003334
5	29714820	31390248	1423	50	0.0001770939	0.000000003943
5	31390249	33500179	1400	50	0.0018085043	0.000000014959
5	33500180	35048969	1029	50	0.0002129479	0.000000004302
5	35048970	36433953	1024	50	0.0004421858	0.000000005456
5	36433954	38802409	1541	50	0.0004503434	0.000000005823
5	38802410	40287728	1159	50	0.0003629011	0.000000004933
5	40287729	41888709	1287	50	0.0002359763	0.000000003908
5	41888710	43983498	951	44	0.0006063719	0.000000006001
5	43983499	50163397	1034	43	0.0001954683	0.000000003396
5	50163398	52134621	1378	50	0.0003969431	0.000000005368
5	52134622	53703043	1336	50	0.0003692831	0.000000005237
5	53703044	55417348	1164	50	0.0006731605	0.000000007246
5	55417349	56621101	996	50	0.0004405612	0.000000005810
5	56621102	57340072	595	48	0.0004175191	0.000000004228
5	57340073	58524621	1172	50	0.0002449874	0.000000004348
5	58524622	60935906	1467	50	0.0003913858	0.000000005310
5	60935907	61672994	540	35	0.0000599121	0.000000001759
5	61672995	63218986	1087	50	0.0001924318	0.000000003647
5	63218987	63968303	374	26	0.0001088273	0.000000001724
5	63968304	65911285	1258	50	0.0005981755	0.000000006737
5	65911286	67850859	1517	50	0.0007551977	0.000000007811
5	67850860	71240455	902	50	0.0001638330	0.000000003780
5	71240456	73759325	1844	50	0.0004173454	0.000000005586
5	73759326	75798865	1326	50	0.0002144925	0.000000004269
5	75798866	77623331	1333	50	0.0003865504	0.000000005345
5	77623332	79393143	1179	50	0.0004870911	0.000000006024
5	79393144	80481470	874	50	0.0004712174	0.000000005913
5	80481471	82025647	905	50	0.0004793372	0.000000005928
5	82025648	83972688	1065	50	0.0002408714	0.000000004489
5	83972689	85767289	1435	50	0.0001075058	0.000000003495
5	85767290	87389990	657	44	0.0003892525	0.000000004449
5	87389991	88891529	597	42	0.0008737336	0.000000007316
5	88891530	90422653	880	50	0.0003212087	0.000000004471
5	90422654	91840541	673	47	0.0001982657	0.000000003104
5	91840542	93809983	801	50	0.0001604453	0.000000003280
5	93809984	95963518	1334	50	0.0003578846	0.000000005141
5	95963519	97315600	969	50	0.0002100936	0.000000003535
5	97315601	99260991	1165	50	0.0003660611	0.000000005120
5	99260992	101578768	1364	50	0.0002276062	0.000000004337
5	101578769	103320004	1105	50	0.0003138591	0.000000004877
5	103320005	104851482	1079	50	0.0002265553	0.000000004003
5	104851483	105893054	418	29	0.0000558961	0.000000001847
5	105893055	107264195	1180	50	0.0002823698	0.000000004611
5	107264196	108633933	925	50	0.0005924993	0.000000006379
5	108633934	110821143	1531	50	0.0001760004	0.000000004007
5	110821144	111981561	897	50	0.0003267051	0.000000004984
5	111981562	113396284	1206	50	0.0001770120	0.000000003986
5	113396285	114830369	1126	50	0.0001891855	0.000000004029
5	114830370	115831046	906	50	0.0002407679	0.000000004194
5	115831047	117346212	1361	50	0.0002498023	0.000000004497
5	117346213	118608819	830	50	0.0001830718	0.000000003986
5	118608820	119669041	734	50	0.0000917047	0.000000002846
5	119669042	120452165	581	38	0.0001257960	0.000000002480
5	120452166	122556904	1440	50	0.0003084441	0.000000004819
5	122556905	123798099	1020	50	0.0005373676	0.000000006359
5	123798100	125785648	1891	50	0.0003099005	0.000000004856
5	125785649	127344603	835	50	0.0002720594	0.000000004355
5	127344604	129519024	1590	50	0.0008048675	0.000000008133
5	129519025	132139648	1155	50	0.0009810064	0.000000008791
5	132139649	134777400	1558	50	0.0008099980	0.000000008207
5	134777401	136376049	1239	50	0.0002274003	0.000000004272
5	136376050	139265071	1240	50	0.0004240446	0.000000005542
5	139265072	140645970	598	38	0.0001825896	0.000000002721
5	140645971	142981247	1555	50	0.0005360617	0.000000006424
5	142981248	144943353	1454	50	0.0001443389	0.000000003684
5	144943354	147181997	1524	50	0.0002651811	0.000000004562
5	147181998	148662623	1188	50	0.0001626556	0.000000003887
5	148662624	150561297	1473	50	0.0002690058	0.000000004643
5	150561298	152867773	1847	50	0.0002323112	0.000000004291
5	152867774	153773087	965	50	0.0001188787	0.000000002792
5	153773088	155373504	1211	50	0.0001466204	0.000000003792
5	155373505	156628699	795	50	0.0001811500	0.000000003342
5	156628700	158825697	1786	50	0.0005026969	0.000000006049
5	158825698	159973943	732	50	0.0002604801	0.000000004449
5	159973944	161482132	1120	50	0.0001315522	0.000000003485
5	161482133	162743907	903	50	0.0001597426	0.000000003492
5	162743908	163771581	870	50	0.0001705851	0.000000003713
5	163771582	165642394	1223	50	0.0001712661	0.000000003974
5	165642395	166847739	891	50	0.0001847347	0.000000004006
5	166847740	168525317	1315	50	0.0007130523	0.000000007503
5	168525318	169505663	887	50	0.0002068598	0.000000004144
5	169505664	171074291	1237	50	0.0005787490	0.000000006693
5	171074292	172678326	1158	50	0.0012359638	0.000000011077
5	172678327	173642870	958	50	0.0009954579	0.000000009495
5	173642871	175450594	1542	50	0.0001241994	0.000000003773
5	175450595	177251506	540	50	0.0012084093	0.000000010307
5	177251507	178413463	813	50	0.0003523138	0.000000005282
5	178413464	179401243	638	50	0.0004612126	0.000000005989
5	179401244	180559932	609	50	0.0006188329	0.000000006872
5	180559933	180885155	83	12	0.0000632124	0.000000000862
6	73924	1452361	1326	50	0.0001822937	0.000000004176
6	1452362	2458935	834	50	0.0005096101	0.000000006281
6	2458936	3573592	1047	50	0.0001995911	0.000000004260
6	3573593	4617816	1109	50	0.0002088630	0.000000004143
6	4617817	5791471	1136	50	0.0001626729	0.000000003920
6	5791472	6785206	1088	50	0.0003099131	0.000000004855
6	6785207	7808935	941	50	0.0015177125	0.000000012945
6	7808936	9020025	1228	50	0.0003165779	0.000000004826
6	9020026	10540316	1333	50	0.0002324600	0.000000004291
6	10540317	11790815	1041	50	0.0002222703	0.000000004265
6	11790816	13209387	1238	50	0.0002594862	0.000000004481
6	13209388	14802923	1323	50	0.0001023700	0.000000003475
6	14802924	17386404	1940	50	0.0002876280	0.000000004725
6	17386405	19207486	1463	50	0.0004286179	0.000000005610
6	19207487	21684064	2173	50	0.0002733659	0.000000004688
6	21684065	22748306	1097	50	0.0002340856	0.000000004355
6	22748307	23936618	1182	50	0.0002416038	0.000000004437
6	23936619	24852274	759	50	0.0002229640	0.000000004290
6	24852275	25684586	936	50	0.0003958112	0.000000005159
6	25684587	26791232	890	46	0.0018969059	0.000000014263
6	26791233	28017818	556	28	0.0006005874	0.000000005229
6	28017819	28917607	590	26	0.0009921420	0.000000007536
6	28917608	29737970	945	40	0.0010373293	0.000000008835
6	29737971	30798167	1868	50	0.0008968336	0.000000008773
6	30798168	31571217	1680	50	0.0014592056	0.000000012935
6	31571218	32682663	1201	50	0.0013046224	0.000000011610
6	32682664	33236496	1247	50	0.0008351921	0.000000008523
6	33236497	35455755	1333	50	0.0027742489	0.000000021537
6	35455756	37572595	1436	50	0.0008004817	0.000000008117
6	37572596	39295676	1546	50	0.0001721468	0.000000003898
6	39295677	40345114	829	50	0.0004776446	0.000000005519
6	40345115	42038720	1343	50	0.0004428315	0.000000005751
6	42038721	43756168	743	50	0.0003273069	0.000000005053
6	43756169	45406562	1198	50	0.0008631418	0.000000008714
6	45406563	47311897	1531	50	0.0004368232	0.000000005673
6	47311898	48391124	910	50	0.0003446968	0.000000004062
6	48391125	50386144	1498	50	0.0001326621	0.000000003179
6	50386145	52210475	1396	50	0.0002506053	0.000000004408
6	52210476	53279101	848	50	0.0004001658	0.000000005196
6	53279102	55468269	2076	50	0.0003287084	0.000000004922
6	55468270	56105312	651	29	0.0001734258	0.000000002164
6	56105313	57599464	791	50	0.0003288327	0.000000004248
6	57599465	61880511	411	15	0.0000949320	0.000000001487
6	61880512	63552887	1105	32	0.0001069424	0.000000002360
6	63552888	65765741	1255	50	0.0001603207	0.000000003470
6	65765742	67329214	1663	50	0.0002072162	0.000000004182
6	67329215	68849482	1396	50	0.0002665411	0.000000004448
6	68849483	69523447	597	38	0.0002291007	0.000000002822
6	69523448	71609509	1755	50	0.0002497514	0.000000004436
6	71609510	73450096	1532	50	0.0003025733	0.000000004733
6	73450097	75462002	1289	50	0.0003055736	0.000000004914
6	75462003	77414880	1062	50	0.0009372943	0.000000008525
6	77414881	78957727	1393	50	0.0002919512	0.000000004009
6	78957728	80691169	1351	50	0.0003245375	0.000000004898
6	80691170	81929221	1099	39	0.0017302361	0.000000013017
6	81929222	83127148	858	50	0.0007940874	0.000000007291
6	83127149	85209988	1212	50	0.0001613025	0.000000003834
6	85209989	87069499	1428	50	0.0002864736	0.000000004399
6	87069500	88822139	1232	50	0.0001897522	0.000000004074
6	88822140	89973051	908	50	0.0002075223	0.000000004049
6	89973052	91843195	1499	50	0.0002468333	0.000000004454
6	91843196	93428643	1303	50	0.0001633106	0.000000003856
6	93428644	94118141	722	50	0.0002003806	0.000000003084
6	94118142	94441174	209	11	0.0000362487	0.000000000643
6	94441175	97093510	1996	50	0.0002410185	0.000000004438
6	97093511	97842283	571	36	0.0002234682	0.000000002701
6	97842284	100630145	1866	50	0.0003971402	0.000000005397
6	100630146	102636771	1341	50	0.0002849694	0.000000004698
6	102636772	103983394	952	48	0.0002958765	0.000000003796
6	103983395	106056732	1419	50	0.0010755441	0.000000009974
6	106056733	107450305	1217	50	0.0002831268	0.000000004717
6	107450306	108464379	624	50	0.0003085925	0.000000004053
6	108464380	110304246	1092	50	0.0008041852	0.000000008036
6	110304247	112345013	1215	50	0.0002811429	0.000000004699
6	112345014	114220832	1415	50	0.0002005962	0.000000004081
6	114220833	116131395	1164	50	0.0001666229	0.000000003470
6	116131396	117672971	1064	50	0.0008269245	0.000000007849
6	117672972	118963114	865	50	0.0004291079	0.000000004676
6	118963115	119963277	764	47	0.0002068875	0.000000003038
6	119963278	120512127	506	26	0.0001389912	0.000000001840
6	120512128	121905675	1097	49	0.0002506900	0.000000003521
6	121905676	123856180	1490	50	0.0001581429	0.000000003859
6	123856181	125424382	1291	50	0.0002483800	0.000000004554
6	125424383	127540460	1047	50	0.0012294606	0.000000010963
6	127540461	129861030	1542	50	0.0005216172	0.000000006265
6	129861031	130935453	1052	50	0.0011368155	0.000000010310
6	130935454	132765668	1408	50	0.0005996243	0.000000006808
6	132765669	134244242	1286	50	0.0004839086	0.000000006025
6	134244243	136224176	1253	50	0.0002851133	0.000000004711
6	136224177	137614217	660	50	0.0003957558	0.000000004860
6	137614218	138822628	963	50	0.0002308899	0.000000004404
6	138822629	139845435	710	50	0.0002984936	0.000000004537
6	139845436	142288478	1402	50	0.0004952122	0.000000006020
6	142288479	145319809	2177	50	0.0016850378	0.000000013944
6	145319810	146665423	934	37	0.0002238411	0.000000002910
6	146665424	148920351	1871	50	0.0002441859	0.000000004398
6	148920352	150253403	1086	50	0.0003242034	0.000000004947
6	150253404	151912702	1673	50	0.0002730286	0.000000004669
6	151912703	153094495	1077	50	0.0010769501	0.000000010180
6	153094496	154974119	1829	50	0.0003017225	0.000000004840
6	154974120	156763325	1403	50	0.0004653935	0.000000005964
6	156763326	158218718	650	50	0.0001894696	0.000000003845
6	158218719	160580496	2105	50	0.0004647959	0.000000005928
6	160580497	162169563	1442	50	0.0004566608	0.000000005943
6	162169564	162931202	720	50	0.0001110008	0.000000003299
6	162931203	164383520	1428	50	0.0002987868	0.000000004792
6	164383521	165586863	1315	50	0.0002049102	0.000000004159
6	165586864	167024732	1607	50	0.0005089777	0.000000006365
6	167024733	168042834	888	50	0.0001819191	0.000000003993
6	168042835	169382049	1265	50	0.0005580365	0.000000006616
6	169382050	170330172	860	50	0.0001903305	0.000000003460
6	170330173	171051269	494	40	0.0002981543	0.000000003675
7	16161	972751	169	23	0.0000474167	0.000000001308
7	972752	1353066	148	20	0.0000822328	0.000000001463
7	1353067	2062397	266	29	0.0002319829	0.000000003042
7	2062398	2772226	363	43	0.0014768740	0.000000011729
7	2772227	4573427	1762	50	0.0014664987	0.000000012565
7	4573428	5416231	334	50	0.0002287563	0.000000003590
7	5416232	5854525	162	21	0.0001026160	0.000000001506
7	5854526	6573856	242	30	0.0001238587	0.000000002049
7	6573857	7808751	891	50	0.0002494497	0.000000004638
7	7808752	9123422	1582	50	0.0004263154	0.000000005783
7	9123423	9987498	896	50	0.0001578927	0.000000004046
7	9987499	11299197	1213	50	0.0002615748	0.000000004574
7	11299198	12635460	1671	50	0.0004164739	0.000000005576
7	12635461	13884201	1379	50	0.0002399603	0.000000004440
7	13884202	15143656	1281	50	0.0003757580	0.000000005370
7	15143657	16902068	1621	50	0.0003083849	0.000000004841
7	16902069	19481546	2083	50	0.0005097012	0.000000006262
7	19481547	20124907	599	40	0.0006535572	0.000000006366
7	20124908	22507628	2380	50	0.0004808542	0.000000006010
7	22507629	23471441	595	50	0.0003506619	0.000000004613
7	23471442	25077258	1353	50	0.0008324968	0.000000008303
7	25077259	25909554	932	50	0.0004040868	0.000000005403
7	25909555	28360308	1984	50	0.0012004544	0.000000010798
7	28360309	31137288	2143	50	0.0003795466	0.000000005376
7	31137289	33555767	2106	50	0.0004267048	0.000000005594
7	33555768	36213537	2089	50	0.0004574184	0.000000005821
7	36213538	37555183	1178	50	0.0001446841	0.000000003844
7	37555184	38966702	1334	50	0.0005419942	0.000000006386
7	38966703	39862669	630	47	0.0001909742	0.000000002965
7	39862670	42001810	1314	50	0.0002511417	0.000000004423
7	42001811	43159073	888	50	0.0002801318	0.000000004410
7	43159074	44763827	975	50	0.0002418444	0.000000004302
7	44763828	45952921	710	50	0.0001827575	0.000000003586
7	45952922	46986719	1065	50	0.0007958459	0.000000007782
7	46986720	49212277	1868	50	0.0002071949	0.000000004156
7	49212278	51675321	1983	50	0.0004087778	0.000000005499
7	51675322	53176311	1610	50	0.0001409442	0.000000003667
7	53176312	54222975	919	50	0.0001069873	0.000000002720
7	54222976	55691583	1167	50	0.0001646499	0.000000003897
7	55691584	57382637	629	39	0.0002904431	0.000000003608
7	57382638	63307358	461	27	0.0000749485	0.000000002082
7	63307359	63641124	156	10	0.0000181893	0.000000000515
7	63641125	65689808	781	36	0.0001511458	0.000000002781
7	65689809	68234073	1598	50	0.0002469673	0.000000004444
7	68234074	69085363	521	50	0.0003152472	0.000000003756
7	69085364	71874884	1616	50	0.0003313928	0.000000004982
7	71874885	73334601	251	28	0.0003465076	0.000000003440
7	73334602	76458563	596	50	0.0002981130	0.000000004688
7	76458564	78093858	1186	50	0.0003532174	0.000000005124
7	78093859	79888068	1481	50	0.0001847707	0.000000004048
7	79888069	82022685	1569	50	0.0001574285	0.000000003894
7	82022686	83801202	1461	50	0.0002678494	0.000000004528
7	83801203	85572181	1084	50	0.0002396379	0.000000003692
7	85572182	87825003	1244	50	0.0004519165	0.000000005576
7	87825004	90661783	2628	50	0.0002842049	0.000000004670
7	90661784	92493751	755	50	0.0021082547	0.000000016395
7	92493752	93966600	804	50	0.0003150183	0.000000004803
7	93966601	96073507	1358	50	0.0003860052	0.000000005317
7	96073508	97099569	626	50	0.0003380852	0.000000004085
7	97099570	98715473	847	50	0.0002039287	0.000000004019
7	98715474	100196650	394	32	0.0004243444	0.000000003933
7	100196651	101199252	407	46	0.0004778750	0.000000004820
7	101199253	103197509	722	50	0.0003584398	0.000000004804
7	103197510	104159524	967	50	0.0001336103	0.000000003551
7	104159525	105682904	861	50	0.0002854480	0.000000004720
7	105682905	107780177	1436	50	0.0002066487	0.000000004201
7	107780178	109647593	1283	50	0.0001090158	0.000000003533
7	109647594	112618683	1671	50	0.0001882774	0.000000004077
7	112618684	113712386	566	38	0.0001950564	0.000000002784
7	113712387	116780177	1558	50	0.0003129463	0.000000004884
7	116780178	118351580	912	47	0.0001912956	0.000000002938
7	118351581	121045272	1148	50	0.0002726848	0.000000004098
7	121045273	121933629	455	34	0.0001229505	0.000000002073
7	121933630	124156804	1645	50	0.0003031799	0.000000004758
7	124156805	124167551	13	2	0.0000300172	0.000000000335
7	124167552	126519169	1875	50	0.0001193714	0.000000003570
7	126519170	126869220	386	22	0.0000535731	0.000000001181
7	126869221	128778385	1109	50	0.0004077089	0.000000005522
7	128778386	130422413	755	50	0.0003939057	0.000000005166
7	130422414	132805847	1735	50	0.0003634434	0.000000005281
7	132805848	134307595	1047	50	0.0001297536	0.000000003153
7	134307596	135591082	994	50	0.0006279081	0.000000006956
7	135591083	136876561	969	50	0.0002451827	0.000000004133
7	136876562	138744678	1144	50	0.0003973063	0.000000005690
7	138744679	139933176	510	50	0.0003381613	0.000000004153
7	139933177	140235209	175	29	0.0003208420	0.000000003142
7	140235210	141226556	534	44	0.0001326446	0.000000002428
7	141226557	142656309	933	50	0.0000822356	0.000000002758
7	142656310	144968288	1174	50	0.0002361666	0.000000004427
7	144968289	146427959	1070	50	0.0002091388	0.000000003742
7	146427960	147815317	1458	50	0.0001725586	0.000000003930
7	147815318	149840657	1115	50	0.0004024349	0.000000005844
7	149840658	150711504	572	48	0.0006980902	0.000000006442
7	150711505	152249805	748	50	0.0002852330	0.000000005044
7	152249806	153674018	1001	50	0.0001844148	0.000000004338
7	153674019	154964729	1003	50	0.0001538644	0.000000004168
7	154964730	156065249	921	50	0.0001573651	0.000000004282
7	156065250	157634596	961	50	0.0002695935	0.000000004716
7	157634597	159128574	877	50	0.0002204369	0.000000004452
8	10422	1044216	717	50	0.0001641170	0.000000003967
8	1044217	1163244	128	16	0.0000781705	0.000000001119
8	1163245	2042941	751	50	0.0001420100	0.000000003897
8	2042942	2573278	605	50	0.0001423190	0.000000003854
8	2573279	3392925	1129	50	0.0001006007	0.000000003492
8	3392926	3783016	884	50	0.0002838463	0.000000004732
8	3783017	4480475	1308	50	0.0001329428	0.000000003770
8	4480476	5146926	976	50	0.0003452801	0.000000005060
8	5146927	6142796	1799	50	0.0001167229	0.000000003573
8	6142797	7153078	957	50	0.0002005062	0.000000004276
8	7153079	9154693	1159	50	0.0005025427	0.000000006089
8	9154694	9640786	465	34	0.0000641851	0.000000002180
8	9640787	10463196	954	50	0.0002848325	0.000000004679
8	10463197	11278997	744	50	0.0002045124	0.000000004093
8	11278998	13491774	1515	50	0.0005270035	0.000000006333
8	13491775	13944991	706	48	0.0001965643	0.000000003515
8	13944992	15991659	2273	50	0.0001636466	0.000000003803
8	15991660	17387875	1188	50	0.0001804579	0.000000004087
8	17387876	17836398	547	44	0.0001650255	0.000000003218
8	17836399	19492839	1804	50	0.0001997255	0.000000004146
8	19492840	20060855	616	50	0.0001913717	0.000000003622
8	20060856	21661736	1578	50	0.0001650158	0.000000003899
8	21661737	22897056	730	50	0.0004172097	0.000000005804
8	22897057	24674717	1304	50	0.0008787159	0.000000008674
8	24674718	25483453	539	43	0.0003242692	0.000000003682
8	25483454	26682524	1176	50	0.0003145591	0.000000004907
8	26682525	28162391	1551	50	0.0003619760	0.000000005183
8	28162392	29327895	678	50	0.0002159590	0.000000003547
8	29327896	31133728	1089	50	0.0002696660	0.000000004585
8	31133729	31548359	283	27	0.0001179759	0.000000001672
8	31548360	32977217	1056	50	0.0001762445	0.000000003671
8	32977218	35317231	1492	50	0.0001877803	0.000000003746
8	35317232	37379388	821	50	0.0002863898	0.000000004102
8	37379389	38938805	560	50	0.0003075658	0.000000004078
8	38938806	40703336	1211	50	0.0001961356	0.000000004144
8	40703337	41721453	756	50	0.0001394613	0.000000003549
8	41721454	42773822	314	27	0.0001525666	0.000000002113
8	42773823	46841314	118	11	0.0000482833	0.000000000795
8	46841315	50082469	886	50	0.0003254049	0.000000004584
8	50082470	53302929	2312	50	0.0001583896	0.000000003816
8	53302930	54418043	848	50	0.0001978057	0.000000003295
8	54418044	55945580	1051	50	0.0003810080	0.000000005016
8	55945581	56956382	743	50	0.0005151810	0.000000005323
8	56956383	59068650	1654	50	0.0015290871	0.000000012909
8	59068651	59728099	639	44	0.0001570606	0.000000002694
8	59728100	62329098	1817	50	0.0004426583	0.000000005715
8	62329099	63349305	772	45	0.0001588511	0.000000002656
8	63349306	65232871	1304	50	0.0002620909	0.000000004345
8	65232872	66489089	753	50	0.0003946679	0.000000004655
8	66489090	69863056	1807	50	0.0003556213	0.000000005184
8	69863057	70867978	916	50	0.0003719664	0.000000005233
8	70867979	72289453	1009	50	0.0002785520	0.000000004283
8	72289454	73817198	1526	50	0.0001539056	0.000000003771
8	73817199	75445063	1189	50	0.0001932168	0.000000004050
8	75445064	76456541	715	50	0.0006752161	0.000000006042
8	76456542	79132860	1896	50	0.0009159932	0.000000008838
8	79132861	81956394	1585	50	0.0002186629	0.000000004186
8	81956395	82693738	524	42	0.0002453178	0.000000003007
8	82693739	84225588	1197	50	0.0003065507	0.000000004131
8	84225589	85955618	979	50	0.0002947732	0.000000003873
8	85955619	87411708	525	33	0.0001680144	0.000000002332
8	87411709	89085480	1128	50	0.0002564152	0.000000004269
8	89085481	90638161	982	50	0.0001435454	0.000000003144
8	90638162	93554385	1558	50	0.0002456004	0.000000004346
8	93554386	95005526	799	50	0.0002097959	0.000000003810
8	95005527	96534805	1187	50	0.0005818192	0.000000006672
8	96534806	99401580	2136	50	0.0002119169	0.000000004208
8	99401581	101620957	833	50	0.0002060103	0.000000003379
8	101620958	104123305	1937	50	0.0001388863	0.000000003713
8	104123306	104988751	726	34	0.0001926954	0.000000002543
8	104988752	107410753	1858	50	0.0002233683	0.000000004186
8	107410754	108648176	1140	50	0.0002608569	0.000000004112
8	108648177	109248172	516	30	0.0002091582	0.000000002341
8	109248173	110484313	977	43	0.0003444705	0.000000003886
8	110484314	111850846	753	50	0.0001388847	0.000000002409
8	111850847	113064319	764	29	0.0000626287	0.000000001561
8	113064320	116096494	2209	50	0.0001645415	0.000000003837
8	116096495	119685456	2619	50	0.0005280831	0.000000006291
8	119685457	121201699	1252	50	0.0006158202	0.000000006809
8	121201700	124861458	2735	50	0.0003805686	0.000000005295
8	124861459	125683718	599	50	0.0001288396	0.000000002759
8	125683719	126410916	481	50	0.0002015293	0.000000002988
8	126410917	128659110	1863	50	0.0005000849	0.000000006122
8	128659111	130381138	1498	50	0.0005295309	0.000000006252
8	130381139	131639624	960	50	0.0012312030	0.000000010885
8	131639625	133351143	1653	50	0.0002161797	0.000000004226
8	133351144	134570000	1410	50	0.0002262571	0.000000004236
8	134570001	136035604	1601	50	0.0011560593	0.000000010349
8	136035605	137524150	1287	50	0.0001965397	0.000000003996
8	137524151	139254829	1805	50	0.0001067124	0.000000003509
8	139254830	140725642	1460	50	0.0002822244	0.000000004739
8	140725643	143044913	1539	50	0.0004851939	0.000000006056
8	143044914	144236880	740	50	0.0000717253	0.000000002997
8	144236881	146303866	613	50	0.0004376707	0.000000005613
9	10023	1079706	1044	50	0.0001535879	0.000000003792
9	1079707	1916876	1234	50	0.0001357036	0.000000003725
9	1916877	3190063	1482	50	0.0002393931	0.000000004467
9	3190064	4495327	1398	50	0.0002349819	0.000000004410
9	4495328	4884925	445	50	0.0003319037	0.000000004240
9	4884926	6557588	1083	50	0.0003102784	0.000000004854
9	6557589	7154922	594	50	0.0002288152	0.000000003822
9	7154923	8456298	1854	50	0.0001922019	0.000000004052
9	8456299	9166402	789	50	0.0001048041	0.000000003498
9	9166403	10879252	2093	50	0.0001857646	0.000000004076
9	10879253	12276488	1450	50	0.0002398834	0.000000004320
9	12276489	14836362	2606	50	0.0003386013	0.000000005136
9	14836363	16659654	1685	50	0.0004832465	0.000000006124
9	16659655	18661050	2077	50	0.0006889148	0.000000007316
9	18661051	20463533	1621	50	0.0002250521	0.000000004326
9	20463534	22206558	1480	50	0.0002928545	0.000000004766
9	22206559	24158517	1399	50	0.0003265491	0.000000005070
9	24158518	25330809	725	50	0.0001547259	0.000000003892
9	25330810	26111756	611	50	0.0001680144	0.000000003980
9	26111757	28224282	1976	50	0.0002437023	0.000000004396
9	28224283	28811583	577	50	0.0001483878	0.000000002797
9	28811584	30387391	1567	50	0.0000999048	0.000000003461
9	30387392	31310382	832	37	0.0000963163	0.000000002339
9	31310383	32019367	663	34	0.0001633399	0.000000002366
9	32019368	33578333	1316	50	0.0003023753	0.000000004848
9	33578334	34642242	590	34	0.0002704987	0.000000003075
9	34642243	36743282	1047	50	0.0006010126	0.000000006820
9	36743283	38641598	1408	50	0.0001429178	0.000000003783
9	38641599	65472189	203	29	0.0001647145	0.000000002221
9	65472190	72512710	1111	50	0.0001524433	0.000000003744
9	72512711	72753754	217	15	0.0000382220	0.000000000713
9	72753755	74253039	1238	50	0.0002474992	0.000000004357
9	74253040	76203945	1246	50	0.0002832128	0.000000004602
9	76203946	76973080	533	29	0.0001338736	0.000000002012
9	76973081	78900182	1709	50	0.0003779964	0.000000005288
9	78900183	79471207	508	50	0.0002662726	0.000000003849
9	79471208	81079054	1167	50	0.0001652010	0.000000003873
9	81079055	82590927	1296	50	0.0001704878	0.000000003874
9	82590928	84211232	1695	50	0.0002678265	0.000000004585
9	84211233	85440800	661	50	0.0002762220	0.000000004255
9	85440801	86938195	1317	50	0.0004690668	0.000000005903
9	86938196	88109332	984	50	0.0001477777	0.000000003630
9	88109333	88590416	206	18	0.0000353700	0.000000000859
9	88590417	90136245	1213	50	0.0009090781	0.000000008724
9	90136246	92528697	1710	50	0.0006289145	0.000000007035
9	92528698	94167202	1260	50	0.0002363067	0.000000004411
9	94167203	96671697	1653	50	0.0010959361	0.000000010118
9	96671698	98922039	1275	50	0.0018903499	0.000000015283
9	98922040	101592858	1610	50	0.0009338753	0.000000008970
9	101592859	104624436	2174	50	0.0003615152	0.000000005112
9	104624437	105967975	1550	50	0.0001454398	0.000000003749
9	105967976	107581748	1684	50	0.0001677283	0.000000003814
9	107581749	109298753	1275	50	0.0006798752	0.000000007430
9	109298754	110695061	1097	50	0.0006865239	0.000000007480
9	110695062	112778023	2333	50	0.0003048347	0.000000004775
9	112778024	114831081	1823	50	0.0005377417	0.000000006302
9	114831082	115693144	698	41	0.0003197144	0.000000003742
9	115693145	117019800	1209	50	0.0005663585	0.000000006696
9	117019801	117921959	907	50	0.0004851143	0.000000005993
9	117921960	121321536	3101	50	0.0011637063	0.000000010411
9	121321537	122260296	812	50	0.0002505307	0.000000003867
9	122260297	124871321	1626	50	0.0005669290	0.000000006556
9	124871322	126971886	1249	50	0.0002500105	0.000000004549
9	126971887	129059664	973	50	0.0002855726	0.000000004619
9	129059665	130055509	626	50	0.0002169623	0.000000003426
9	130055510	132165469	965	50	0.0004318812	0.000000005843
9	132165470	133223216	620	50	0.0001711707	0.000000003711
9	133223217	134127887	569	50	0.0007711311	0.000000007931
9	134127888	135298841	757	50	0.0001291829	0.000000003553
9	135298842	137041121	1213	50	0.0004021964	0.000000005791
9	137041122	137589363	388	50	0.0003997698	0.000000004916
9	137589364	138938977	1169	50	0.0000620272	0.000000003493
9	138938978	139500341	232	29	0.0009721066	0.000000008266
9	139500342	141144795	435	49	0.0003879184	0.000000005401
10	60523	751338	240	19	0.0001662107	0.000000002193
10	751339	1523543	641	50	0.0002647673	0.000000004183
10	1523544	2254499	948	50	0.0002998133	0.000000004711
10	2254500	3352698	1309	50	0.0001999914	0.000000004172
10	3352699	4572273	1276	50	0.0001786569	0.000000004006
10	4572274	5983761	1433	50	0.0004676633	0.000000005928
10	5983762	7171483	1266	50	0.0003266598	0.000000005058
10	7171484	8774664	1633	50	0.0002605906	0.000000004557
10	8774665	10249395	1248	50	0.0001551597	0.000000003749
10	10249396	12586796	2013	50	0.0004213967	0.000000005633
10	12586797	13321599	779	50	0.0004705808	0.000000006084
10	13321600	15026067	1677	50	0.0002035617	0.000000004138
10	15026068	16551766	1136	50	0.0001212160	0.000000003617
10	16551767	18537266	1559	50	0.0003296491	0.000000005020
10	18537267	19716877	1301	50	0.0003074846	0.000000004817
10	19716878	22772282	2085	50	0.0003628001	0.000000005209
10	22772283	23175131	279	20	0.0001640355	0.000000001992
10	23175132	25578595	1593	50	0.0005671099	0.000000006625
10	25578596	26888683	1319	50	0.0001767599	0.000000004015
10	26888684	29323235	1997	50	0.0006986601	0.000000007491
10	29323236	29783691	544	50	0.0002036200	0.000000003206
10	29783692	30458837	737	50	0.0003172997	0.000000004738
10	30458838	31907518	1080	50	0.0004669929	0.000000006044
10	31907519	33707967	1369	50	0.0002986051	0.000000004793
10	33707968	35109354	1060	50	0.0001788577	0.000000003966
10	35109355	36572507	940	50	0.0001742949	0.000000003641
10	36572508	37790028	779	50	0.0002143936	0.000000003462
10	37790029	42372578	603	18	0.0000251730	0.000000000919
10	42372579	43894770	725	49	0.0001801944	0.000000003304
10	43894771	44730074	712	46	0.0002920717	0.000000003710
10	44730075	48760449	1492	50	0.0002879844	0.000000004765
10	48760450	50840914	1323	50	0.0002310137	0.000000004286
10	50840915	53616628	1504	50	0.0004836219	0.000000005995
10	53616629	55103571	1527	50	0.0002443256	0.000000004408
10	55103572	57031139	2025	50	0.0001474744	0.000000003788
10	57031140	57662145	520	25	0.0001318696	0.000000001703
10	57662146	58959527	1279	41	0.0001421900	0.000000002603
10	58959528	60289986	1171	50	0.0002124265	0.000000003526
10	60289987	61891408	1188	50	0.0004059476	0.000000005558
10	61891409	62659678	669	43	0.0001118637	0.000000002422
10	62659679	63341694	341	26	0.0000691386	0.000000001466
10	63341695	65794113	1829	50	0.0004669515	0.000000005887
10	65794114	67549614	1295	50	0.0001442114	0.000000003557
10	67549615	69900147	2084	50	0.0001679547	0.000000003896
10	69900148	70195990	204	16	0.0003953683	0.000000003204
10	70195991	72220849	1567	50	0.0005638147	0.000000006618
10	72220850	73508511	1388	50	0.0003022941	0.000000004877
10	73508512	75422549	729	44	0.0001687012	0.000000002835
10	75422550	78706813	1649	50	0.0003761119	0.000000005263
10	78706814	80876748	1942	50	0.0003149528	0.000000004866
10	80876749	82414678	1015	50	0.0014072636	0.000000012213
10	82414679	84383744	1632	50	0.0001559766	0.000000003864
10	84383745	85458702	1175	50	0.0001486304	0.000000003122
10	85458703	87937576	2259	50	0.0002354804	0.000000004342
10	87937577	89127063	498	45	0.0003344213	0.000000003840
10	89127064	91013380	1446	50	0.0004152626	0.000000005559
10	91013381	92006580	865	50	0.0001446633	0.000000003284
10	92006581	93335046	1032	50	0.0004854148	0.000000005808
10	93335047	95396367	1213	50	0.0006346398	0.000000007025
10	95396368	96221242	539	42	0.0002308505	0.000000003077
10	96221243	97822356	1078	50	0.0004540424	0.000000005492
10	97822357	100241301	1553	50	0.0005301341	0.000000006326
10	100241302	100668399	352	19	0.0001186117	0.000000001601
10	100668400	102949238	1338	50	0.0005822866	0.000000006661
10	102949239	104380409	515	35	0.0004353611	0.000000004131
10	104380410	106695047	1411	50	0.0008720758	0.000000008476
10	106695048	108726685	1639	50	0.0002160382	0.000000004204
10	108726686	110317704	1493	50	0.0002035142	0.000000004118
10	110317705	112561492	1648	50	0.0002569500	0.000000004451
10	112561493	115328431	2022	50	0.0003232881	0.000000005014
10	115328432	116421405	937	50	0.0003471195	0.000000005123
10	116421406	119523933	2083	50	0.0002114367	0.000000004238
10	119523934	120591352	786	50	0.0002442132	0.000000004439
10	120591353	122407322	1295	50	0.0005388993	0.000000006449
10	122407323	123231464	759	50	0.0002002517	0.000000003883
10	123231465	123900544	510	50	0.0003121652	0.000000004025
10	123900545	125869345	1512	50	0.0003072172	0.000000004894
10	125869346	128001097	1851	50	0.0007584523	0.000000007825
10	128001098	129154361	975	50	0.0000911433	0.000000003433
10	129154362	130844283	1753	50	0.0001201788	0.000000003719
10	130844284	131741326	846	50	0.0002313260	0.000000004273
10	131741327	132580244	912	50	0.0001643414	0.000000003708
10	132580245	134336328	1779	50	0.0002096546	0.000000004249
10	134336329	134494672	61	6	0.0000304491	0.000000000440
10	134494673	135523864	487	50	0.0002254659	0.000000003624
11	70855	1213589	408	50	0.0003010381	0.000000004089
11	1213590	3665480	1558	50	0.0005189631	0.000000006755
11	3665481	4746708	885	50	0.0003190455	0.000000004956
11	4746709	6322868	2214	50	0.0001976366	0.000000004155
11	6322869	7436700	1050	50	0.0001616152	0.000000003918
11	7436701	8333273	858	50	0.0003212250	0.000000005013
11	8333274	9087316	512	39	0.0001934531	0.000000003022
11	9087317	10952026	1204	50	0.0002999571	0.000000004704
11	10952027	12564228	2029	50	0.0001566197	0.000000003873
11	12564229	13373123	806	50	0.0007839540	0.000000007593
11	13373124	15742551	1670	50	0.0006481714	0.000000006964
11	15742552	17578401	1142	50	0.0005915003	0.000000006627
11	17578402	19569534	1530	50	0.0003188413	0.000000004962
11	19569535	21017137	1412	50	0.0001852705	0.000000004045
11	21017138	22374141	1221	50	0.0002860309	0.000000004749
11	22374142	24088516	1536	50	0.0002730847	0.000000004591
11	24088517	26045752	1791	50	0.0001444091	0.000000003803
11	26045753	27020460	838	50	0.0001903715	0.000000003363
11	27020461	28481592	778	50	0.0004758150	0.000000005021
11	28481593	30141356	1007	50	0.0002547452	0.000000004084
11	30141357	32276900	1327	50	0.0006162775	0.000000006805
11	32276901	33958738	1051	50	0.0003453479	0.000000005149
11	33958739	35502604	1610	50	0.0002528597	0.000000004496
11	35502605	37116814	1402	50	0.0002436012	0.000000004435
11	37116815	39382002	1522	50	0.0001560844	0.000000003598
11	39382003	42310002	2285	50	0.0000756173	0.000000003265
11	42310003	44693798	1967	50	0.0002605174	0.000000004489
11	44693799	47006136	1334	50	0.0003846152	0.000000005259
11	47006137	49866049	1101	35	0.0008119776	0.000000007161
11	49866050	54695472	470	10	0.0002726676	0.000000002487
11	54695473	55082656	41	5	0.0002056057	0.000000001700
11	55082657	58457494	2808	50	0.0007906028	0.000000008062
11	58457495	58780548	198	10	0.0000721197	0.000000000903
11	58780549	62223770	1796	50	0.0002278250	0.000000004423
11	62223771	63804568	480	46	0.0003034422	0.000000003668
11	63804569	65898630	786	50	0.0009021523	0.000000008967
11	65898631	68005824	519	46	0.0009256708	0.000000008370
11	68005825	69516129	885	50	0.0008804664	0.000000008782
11	69516130	70926291	893	50	0.0004947181	0.000000006291
11	70926292	72286016	644	50	0.0001818792	0.000000003183
11	72286017	74412350	1029	50	0.0003298739	0.000000004971
11	74412351	76797208	1325	50	0.0007788183	0.000000007987
11	76797209	78355057	814	46	0.0002202650	0.000000003632
11	78355058	80722372	2132	50	0.0001791409	0.000000004024
11	80722373	81266711	652	50	0.0001388116	0.000000002741
11	81266712	84381271	2640	50	0.0002492077	0.000000004422
11	84381272	86619300	1562	50	0.0003181346	0.000000004868
11	86619301	87430234	761	47	0.0001940780	0.000000003107
11	87430235	89208935	1221	50	0.0001716016	0.000000003986
11	89208936	90966489	1032	49	0.0003585688	0.000000004439
11	90966490	92077143	849	50	0.0001995937	0.000000003295
11	92077144	93276156	831	50	0.0002050227	0.000000003590
11	93276157	94242259	570	36	0.0000525612	0.000000001713
11	94242260	95726040	1179	50	0.0002711311	0.000000004706
11	95726041	97057057	989	50	0.0001909884	0.000000004145
11	97057058	98705064	1424	50	0.0000965326	0.000000003481
11	98705065	100417168	1830	50	0.0001922904	0.000000004072
11	100417169	101331120	983	50	0.0001092636	0.000000003013
11	101331121	103959635	2518	50	0.0002046510	0.000000004138
11	103959636	104873283	676	32	0.0001232844	0.000000001974
11	104873284	106520893	1179	50	0.0003109238	0.000000004457
11	106520894	107844199	1021	50	0.0001862177	0.000000004017
11	107844200	108437036	230	14	0.0000302747	0.000000000769
11	108437037	109866115	753	50	0.0001480309	0.000000003282
11	109866116	111114396	1025	50	0.0002209157	0.000000004078
11	111114397	112459487	711	47	0.0001716939	0.000000003033
11	112459488	114257727	1544	50	0.0002384582	0.000000004405
11	114257728	114830665	527	34	0.0001542042	0.000000002313
11	114830666	116383347	1202	50	0.0002337620	0.000000004388
11	116383348	117747109	1049	50	0.0002635273	0.000000004649
11	117747110	119215475	866	50	0.0006366266	0.000000007118
11	119215476	120766805	1112	50	0.0004839288	0.000000006107
11	120766806	121175942	410	30	0.0001636930	0.000000002272
11	121175943	122591909	947	50	0.0004504281	0.000000005779
11	122591910	123500116	682	50	0.0003385799	0.000000005123
11	123500117	124495527	1040	50	0.0001660494	0.000000003215
11	124495528	126311319	1431	50	0.0004515552	0.000000005856
11	126311320	127316678	1064	50	0.0001458528	0.000000003768
11	127316679	128188536	646	50	0.0002047416	0.000000003233
11	128188537	130342574	1494	50	0.0004763813	0.000000006036
11	130342575	131074611	733	50	0.0001600267	0.000000003721
11	131074612	133000045	2032	50	0.0001899047	0.000000004118
11	133000046	134205992	928	50	0.0001144823	0.000000003590
11	134205993	134946451	856	50	0.0002877739	0.000000004869
12	61107	1080330	534	50	0.0005434039	0.000000005961
12	1080331	2544785	861	50	0.0004169396	0.000000005701
12	2544786	3677036	895	50	0.0001381498	0.000000003802
12	3677037	4417678	649	50	0.0004722082	0.000000005852
12	4417679	5321471	892	50	0.0002502439	0.000000004442
12	5321472	6419752	1014	50	0.0002286073	0.000000004280
12	6419753	8377535	873	50	0.0002263227	0.000000004592
12	8377536	9031394	262	33	0.0001983644	0.000000002767
12	9031395	10481533	1091	50	0.0002476296	0.000000004467
12	10481534	11754845	787	50	0.0003308089	0.000000004493
12	11754846	12733527	759	50	0.0006584420	0.000000007383
12	12733528	15241483	1960	50	0.0003142113	0.000000004887
12	15241484	16310459	484	46	0.0002245933	0.000000003169
12	16310460	18087872	1326	50	0.0002972177	0.000000004764
12	18087873	20863942	2283	50	0.0008018324	0.000000008136
12	20863943	23820633	2195	50	0.0004381578	0.000000005710
12	23820634	25371082	1465	50	0.0005686844	0.000000006563
12	25371083	27799772	2137	50	0.0002344240	0.000000004300
12	27799773	29651254	1573	50	0.0016251602	0.000000013601
12	29651255	30512405	1213	50	0.0001952852	0.000000004110
12	30512406	32165591	1369	50	0.0002366956	0.000000004360
12	32165592	33076988	853	50	0.0003496349	0.000000004723
12	33076989	37856716	1109	37	0.0002030215	0.000000003313
12	37856717	39227168	525	18	0.0001203381	0.000000001918
12	39227169	40816184	1351	50	0.0002832474	0.000000004473
12	40816185	41658585	835	48	0.0003225741	0.000000003826
12	41658586	43984473	2160	50	0.0002918627	0.000000004659
12	43984474	46024228	1125	50	0.0000918006	0.000000002929
12	46024229	47714792	946	50	0.0008018030	0.000000008076
12	47714793	49001865	1060	50	0.0003750930	0.000000005347
12	49001866	51776493	1041	50	0.0005120660	0.000000006297
12	51776494	53039003	1119	50	0.0001633218	0.000000003938
12	53039004	54778822	1010	50	0.0004494615	0.000000005827
12	54778823	55665836	596	45	0.0001665244	0.000000002852
12	55665837	57548859	695	50	0.0009335961	0.000000008653
12	57548860	59308665	882	50	0.0005935707	0.000000006301
12	59308666	61123728	1113	50	0.0004194226	0.000000005199
12	61123729	64032460	2396	50	0.0003782351	0.000000005328
12	64032461	65559694	744	50	0.0002155597	0.000000003871
12	65559695	67181143	1019	50	0.0023876063	0.000000018662
12	67181144	67909728	718	50	0.0002299203	0.000000003127
12	67909729	69826541	1504	50	0.0004070854	0.000000005550
12	69826542	70957986	1128	50	0.0006174853	0.000000006610
12	70957987	72645074	1208	50	0.0002826079	0.000000004788
12	72645075	73818453	758	45	0.0001787260	0.000000003057
12	73818454	76511313	1796	50	0.0002448220	0.000000004437
12	76511314	78570569	1661	50	0.0003982478	0.000000005485
12	78570570	80448149	939	50	0.0001438367	0.000000003511
12	80448150	81467766	753	49	0.0000753909	0.000000002092
12	81467767	83502665	1327	50	0.0001939215	0.000000004103
12	83502666	84303843	650	39	0.0001713604	0.000000002441
12	84303844	85990425	1079	50	0.0002096207	0.000000003244
12	85990426	89682121	2019	50	0.0002337636	0.000000004342
12	89682122	92066154	1554	50	0.0002830809	0.000000004689
12	92066155	94514566	1814	50	0.0016128135	0.000000013669
12	94514567	96020784	1184	50	0.0002645289	0.000000004590
12	96020785	97108838	866	50	0.0003277213	0.000000004912
12	97108839	99305986	1781	50	0.0003923673	0.000000005375
12	99305987	101447640	1397	50	0.0001958032	0.000000004108
12	101447641	101862689	276	22	0.0001062979	0.000000001570
12	101862690	102964985	628	50	0.0009190303	0.000000008175
12	102964986	104848695	1486	50	0.0007837694	0.000000008057
12	104848696	106436212	1498	50	0.0002585602	0.000000004540
12	106436213	106958747	421	40	0.0002003747	0.000000002847
12	106958748	109025900	1392	50	0.0004282474	0.000000005616
12	109025901	110336718	728	50	0.0002384248	0.000000003968
12	110336719	113263517	702	49	0.0000886995	0.000000002597
12	113263518	113986708	392	36	0.0001123794	0.000000002177
12	113986709	115036601	1064	50	0.0003236917	0.000000004873
12	115036602	115503215	383	45	0.0003060789	0.000000003435
12	115503216	117087470	1287	50	0.0003690350	0.000000005209
12	117087471	118135374	812	50	0.0003727618	0.000000005332
12	118135375	119754109	1270	50	0.0001988987	0.000000004213
12	119754110	122007650	1155	50	0.0005806043	0.000000006635
12	122007651	124977979	1144	50	0.0015930374	0.000000013556
12	124977980	126445504	1143	50	0.0002450993	0.000000004662
12	126445505	127875097	1372	50	0.0000913429	0.000000003567
12	127875098	129237296	1389	50	0.0001646516	0.000000004292
12	129237297	130377920	1257	50	0.0001218708	0.000000003689
12	130377921	131786750	1413	50	0.0002145611	0.000000004383
12	131786751	132807033	647	50	0.0001812397	0.000000003582
12	132807034	133841510	330	33	0.0003235447	0.000000003473
13	19020013	20686719	765	50	0.0002965334	0.000000004454
13	20686720	22242173	1123	50	0.0003269563	0.000000005114
13	22242174	23594701	1295	50	0.0002532582	0.000000004789
13	23594702	24531936	999	50	0.0002121566	0.000000004219
13	24531937	25784361	1199	50	0.0001788187	0.000000004059
13	25784362	27284361	1139	50	0.0001262919	0.000000003702
13	27284362	29257550	1584	50	0.0003894844	0.000000005432
13	29257551	30483266	1060	50	0.0003239203	0.000000005063
13	30483267	32301814	1523	50	0.0001801426	0.000000004179
13	32301815	33776902	1194	50	0.0005728244	0.000000006623
13	33776903	35026463	1001	50	0.0001489986	0.000000003614
13	35026464	36046366	475	41	0.0002828800	0.000000003399
13	36046367	37498184	1273	50	0.0002269017	0.000000004307
13	37498185	38878162	1421	50	0.0002318031	0.000000004346
13	38878163	41069262	1833	50	0.0003329212	0.000000005077
13	41069263	43101026	1293	50	0.0002844820	0.000000004683
13	43101027	44901408	1612	50	0.0001842086	0.000000003980
13	44901409	46495213	975	50	0.0002397168	0.000000004415
13	46495214	47431078	704	50	0.0004365409	0.000000004932
13	47431079	49383961	1414	50	0.0002624947	0.000000004565
13	49383962	51591090	1426	50	0.0024797314	0.000000019254
13	51591091	53339621	694	50	0.0002676188	0.000000004337
13	53339622	54682863	1163	50	0.0002077244	0.000000004114
13	54682864	55817130	871	50	0.0001475833	0.000000002809
13	55817131	57554216	964	35	0.0001065320	0.000000002180
13	57554217	58410625	558	30	0.0001739255	0.000000002136
13	58410626	59302270	686	31	0.0001888162	0.000000002418
13	59302271	60854777	1309	50	0.0001584202	0.000000003839
13	60854778	61591948	696	45	0.0001443803	0.000000002723
13	61591949	63971558	1925	50	0.0001821243	0.000000004038
13	63971559	65200601	1096	49	0.0001699476	0.000000002803
13	65200602	67844452	1700	50	0.0002162830	0.000000004172
13	67844453	70724515	2624	50	0.0001058867	0.000000003451
13	70724516	71526790	720	50	0.0002592135	0.000000004045
13	71526791	73934088	1789	50	0.0003275029	0.000000005035
13	73934089	75670142	1468	50	0.0002434813	0.000000004381
13	75670143	77410554	1650	50	0.0001852720	0.000000003933
13	77410555	78808812	1000	50	0.0002677028	0.000000004100
13	78808813	80585675	1254	50	0.0002018175	0.000000004147
13	80585676	82581813	1588	50	0.0004538975	0.000000005842
13	82581814	84133143	1156	50	0.0001223006	0.000000002846
13	84133144	85610915	1093	50	0.0001415050	0.000000003282
13	85610916	88559881	2176	50	0.0001015941	0.000000003469
13	88559882	90521310	1341	50	0.0002043862	0.000000003809
13	90521311	93129690	2096	50	0.0004056588	0.000000005487
13	93129691	93586454	287	23	0.0000311377	0.000000001080
13	93586455	96087557	2162	50	0.0001711391	0.000000003956
13	96087558	97519209	766	48	0.0002453741	0.000000003655
13	97519210	98938918	842	50	0.0003509882	0.000000005203
13	98938919	100574094	1505	50	0.0003522482	0.000000005131
13	100574095	102300522	1515	50	0.0002485755	0.000000004418
13	102300523	104066709	1866	50	0.0003036077	0.000000004905
13	104066710	104844113	749	50	0.0001082618	0.000000002912
13	104844114	106247553	1446	50	0.0001385588	0.000000003760
13	106247554	106749999	604	50	0.0001448542	0.000000002806
13	106750000	108189876	1249	50	0.0001481407	0.000000003812
13	108189877	109121209	943	50	0.0001454173	0.000000003868
13	109121210	109815111	756	50	0.0001290323	0.000000003032
13	109815112	111232072	1336	50	0.0001937448	0.000000004193
13	111232073	112247591	844	50	0.0003103860	0.000000004947
13	112247592	113572487	939	50	0.0001585812	0.000000003937
13	113572488	115109852	700	50	0.0004556348	0.000000006072
14	19002084	21589401	1049	50	0.0002362991	0.000000004778
14	21589402	23018664	1462	50	0.0003162877	0.000000004983
14	23018665	24905122	1213	50	0.0008669016	0.000000009087
14	24905123	26135685	1279	50	0.0001968505	0.000000004118
14	26135686	28466532	1633	50	0.0000790674	0.000000003343
14	28466533	29972144	904	50	0.0002015310	0.000000003789
14	29972145	32383264	1227	50	0.0002491575	0.000000004541
14	32383265	34846250	2194	50	0.0001944590	0.000000004207
14	34846251	35859592	473	39	0.0004303727	0.000000004385
14	35859593	38667724	1644	50	0.0004972908	0.000000006103
14	38667725	40341989	1167	50	0.0002961539	0.000000004749
14	40341990	41615501	1113	46	0.0002072271	0.000000003166
14	41615502	43137388	991	50	0.0001613534	0.000000003231
14	43137389	44543226	966	50	0.0001241134	0.000000003345
14	44543227	46081895	804	50	0.0002201562	0.000000003515
14	46081896	46749129	547	23	0.0001127075	0.000000001689
14	46749130	48573585	1543	50	0.0001700342	0.000000003840
14	48573586	49005470	299	19	0.0000074895	0.000000000764
14	49005471	50507759	989	50	0.0001714201	0.000000003920
14	50507760	51493571	697	50	0.0002232839	0.000000003778
14	51493572	53474382	1630	50	0.0002468865	0.000000004447
14	53474383	53997830	407	27	0.0002138189	0.000000002388
14	53997831	55233680	791	50	0.0006319208	0.000000006988
14	55233681	56216879	569	34	0.0005112250	0.000000004797
14	56216880	57481261	1301	50	0.0001492611	0.000000003740
14	57481262	59448335	1465	50	0.0002919398	0.000000004682
14	59448336	61680423	1411	50	0.0010152375	0.000000009420
14	61680424	63790014	1644	50	0.0004291164	0.000000005585
14	63790015	65220297	663	44	0.0003839705	0.000000004517
14	65220298	66399554	761	50	0.0004074680	0.000000005021
14	66399555	67992316	712	40	0.0001143704	0.000000002375
14	67992317	71131956	2243	50	0.0007944524	0.000000008052
14	71131957	72889614	1439	50	0.0001998595	0.000000004089
14	72889615	76444766	2076	50	0.0007859744	0.000000008028
14	76444767	77229471	623	50	0.0002317135	0.000000003978
14	77229472	78561944	1104	50	0.0001591119	0.000000003828
14	78561945	80186578	1219	50	0.0002337264	0.000000004268
14	80186579	81579713	1166	50	0.0003192141	0.000000004823
14	81579714	83138096	1047	50	0.0003138853	0.000000004718
14	83138097	84241632	941	50	0.0001758333	0.000000003539
14	84241633	85746318	1158	50	0.0001655296	0.000000003852
14	85746319	86647001	637	47	0.0001651761	0.000000002951
14	86647002	87635340	726	50	0.0001400117	0.000000002973
14	87635341	89497642	1334	50	0.0001199639	0.000000003574
14	89497643	91296859	1306	50	0.0003167403	0.000000004903
14	91296860	93132298	1284	50	0.0008347230	0.000000008361
14	93132299	94325284	757	50	0.0002342224	0.000000003998
14	94325285	95750866	1558	50	0.0002907844	0.000000004794
14	95750867	96262414	688	50	0.0002694490	0.000000004282
14	96262415	98341161	1583	50	0.0002249912	0.000000004392
14	98341162	99138531	856	50	0.0001992109	0.000000003362
14	99138532	101534306	1603	50	0.0001458857	0.000000003851
14	101534307	103012101	751	50	0.0003732820	0.000000005516
14	103012102	105001722	918	50	0.0006679421	0.000000007399
14	105001723	106340357	284	38	0.0002184583	0.000000002896
14	106340358	107289453	279	19	0.0000751670	0.000000002082
15	20001200	21131603	25	3	0.0000766537	0.000000001060
15	21131604	24195126	577	50	0.0002629867	0.000000004460
15	24195127	25108589	646	42	0.0001760402	0.000000003006
15	25108590	27298111	1703	50	0.0001781178	0.000000004175
15	27298112	29338501	1045	50	0.0002483446	0.000000004529
15	29338502	30165567	595	50	0.0001199927	0.000000002917
15	30165568	31591820	523	50	0.0001101336	0.000000002813
15	31591821	32441810	496	45	0.0001961129	0.000000002926
15	32441811	34015424	1331	50	0.0001988141	0.000000004200
15	34015425	35083250	738	50	0.0002351954	0.000000004286
15	35083251	37456501	1887	50	0.0001315356	0.000000003706
15	37456502	38530776	734	50	0.0003081053	0.000000004484
15	38530777	40384131	1619	50	0.0004725871	0.000000005966
15	40384132	41177513	407	35	0.0002066212	0.000000002793
15	41177514	42776398	765	50	0.0006036241	0.000000006500
15	42776399	44198048	419	21	0.0000848129	0.000000001644
15	44198049	46618786	974	50	0.0000994346	0.000000003410
15	46618787	48136047	1333	50	0.0002833238	0.000000004616
15	48136048	50008042	941	50	0.0005867482	0.000000006171
15	50008043	51677559	1122	50	0.0009655509	0.000000009109
15	51677560	53069095	779	49	0.0003748240	0.000000004588
15	53069096	54508527	1371	50	0.0001432698	0.000000003716
15	54508528	55136268	581	43	0.0001259053	0.000000002806
15	55136269	56901772	1094	50	0.0002709324	0.000000004613
15	56901773	58441365	1232	50	0.0002198535	0.000000004230
15	58441366	59694115	928	50	0.0002584566	0.000000004571
15	59694116	61265835	1187	50	0.0003257398	0.000000004944
15	61265836	63215221	1648	50	0.0005149768	0.000000006182
15	63215222	65104667	908	50	0.0002428441	0.000000004307
15	65104668	67094766	1017	50	0.0005345385	0.000000006344
15	67094767	69017998	1286	50	0.0005143667	0.000000006205
15	69017999	70133340	556	50	0.0006358768	0.000000006324
15	70133341	71922648	1228	50	0.0004958535	0.000000006134
15	71922649	73628713	734	41	0.0005061241	0.000000005076
15	73628714	76398623	987	50	0.0014165188	0.000000012157
15	76398624	78516052	1080	50	0.0004759563	0.000000005948
15	78516053	80860977	1876	50	0.0001480560	0.000000003738
15	80860978	84260467	1511	50	0.0006200059	0.000000006911
15	84260468	86652904	1607	50	0.0017256685	0.000000014061
15	86652905	88369942	1491	50	0.0002208010	0.000000004277
15	88369943	90475550	1274	50	0.0015996714	0.000000013689
15	90475551	92164391	1152	50	0.0004478698	0.000000005890
15	92164392	93780901	1383	50	0.0001794784	0.000000004063
15	93780902	94924329	1166	50	0.0004296962	0.000000005905
15	94924330	96141595	1098	50	0.0003048420	0.000000004915
15	96141596	98030909	1366	50	0.0002489977	0.000000004549
15	98030910	99244058	1111	50	0.0006063859	0.000000007141
15	99244059	100636846	1046	50	0.0009999624	0.000000009674
15	100636847	101552693	686	50	0.0012460327	0.000000011364
15	101552694	102520965	734	50	0.0005421555	0.000000006895
16	60054	1207205	469	50	0.0009292827	0.000000009662
16	1207206	2764828	609	50	0.0009326085	0.000000009248
16	2764829	4001195	454	50	0.0005354030	0.000000005886
16	4001196	5118344	581	50	0.0006164231	0.000000007189
16	5118345	5891579	718	50	0.0002570424	0.000000004819
16	5891580	6893550	1226	50	0.0001436521	0.000000003791
16	6893551	7529120	899	50	0.0002477562	0.000000004347
16	7529121	8338518	1034	50	0.0001436737	0.000000003807
16	8338519	9799418	1347	50	0.0004432154	0.000000005778
16	9799419	10426031	753	50	0.0001540673	0.000000003329
16	10426032	11520160	780	50	0.0003306016	0.000000005142
16	11520161	12613097	707	50	0.0002676586	0.000000004623
16	12613098	13154436	636	50	0.0002762669	0.000000004008
16	13154437	14464001	1077	50	0.0005138938	0.000000006197
16	14464002	16154059	435	50	0.0004184576	0.000000004769
16	16154060	17644748	681	50	0.0002481620	0.000000004461
16	17644749	18643606	351	35	0.0000968007	0.000000001952
16	18643607	20150570	788	50	0.0003568644	0.000000005201
16	20150571	22448903	752	50	0.0003290205	0.000000004589
16	22448904	24136874	932	50	0.0002265213	0.000000004444
16	24136875	25986861	1339	50	0.0003444647	0.000000005122
16	25986862	27445754	1196	50	0.0001392245	0.000000003782
16	27445755	29036612	506	49	0.0002070234	0.000000003020
16	29036613	31382942	437	42	0.0003375830	0.000000004132
16	31382943	46399472	242	24	0.0001631094	0.000000002056
16	46399473	49007925	599	42	0.0001545535	0.000000002590
16	49007926	52035822	1973	50	0.0004025977	0.000000005502
16	52035823	53382571	883	50	0.0002553593	0.000000003993
16	53382572	55903773	2160	50	0.0002988339	0.000000004851
16	55903774	57664329	1146	50	0.0001388000	0.000000003791
16	57664330	59045404	872	50	0.0002596195	0.000000004629
16	59045405	60745693	1114	50	0.0001692820	0.000000003892
16	60745694	62229848	814	50	0.0002786573	0.000000003817
16	62229849	63691588	1013	50	0.0002067393	0.000000004211
16	63691589	65938565	1727	50	0.0003039335	0.000000004750
16	65938566	68841362	1160	50	0.0003502355	0.000000005090
16	68841363	71054027	616	49	0.0006496778	0.000000006607
16	71054028	72935149	750	47	0.0003771002	0.000000004922
16	72935150	74971502	1262	50	0.0002645249	0.000000004646
16	74971503	75977953	445	37	0.0003833449	0.000000004124
16	75977954	77523677	1416	50	0.0000947109	0.000000003419
16	77523678	78456291	1145	50	0.0002756872	0.000000004727
16	78456292	79134814	961	50	0.0002446966	0.000000004647
16	79134815	80297373	1331	50	0.0002711292	0.000000004655
16	80297374	81772535	1405	50	0.0004479806	0.000000005935
16	81772536	82747727	1014	50	0.0002796581	0.000000004806
16	82747728	83477207	1060	50	0.0002245258	0.000000004263
16	83477208	84445882	1286	50	0.0003254785	0.000000005133
16	84445883	85148684	826	50	0.0005239857	0.000000006682
16	85148685	86156598	858	50	0.0002044844	0.000000004661
16	86156599	86815410	888	50	0.0004603212	0.000000006072
16	86815411	87647348	646	50	0.0003942730	0.000000005668
16	87647349	89041164	635	50	0.0006940495	0.000000008279
16	89041165	90292811	531	45	0.0006784955	0.000000006984
17	56	1172398	496	50	0.0005896772	0.000000007421
17	1172399	1928730	414	50	0.0004106049	0.000000004986
17	1928731	3702311	1108	50	0.0001951258	0.000000004296
17	3702312	4696260	586	50	0.0001923170	0.000000004205
17	4696261	5741333	762	50	0.0002532505	0.000000004162
17	5741334	7317397	1067	50	0.0002574799	0.000000004785
17	7317398	8306424	438	50	0.0013241170	0.000000011079
17	8306425	9965920	1205	50	0.0003200152	0.000000005110
17	9965921	11102814	901	50	0.0001497864	0.000000003965
17	11102815	12534768	1008	50	0.0002283478	0.000000004443
17	12534769	13180371	582	50	0.0001452072	0.000000003261
17	13180372	13894636	715	50	0.0001302729	0.000000003764
17	13894637	15019096	1284	50	0.0002156230	0.000000004341
17	15019097	16412341	584	50	0.0001491497	0.000000003209
17	16412342	18856319	1002	50	0.0004166665	0.000000005675
17	18856320	21290356	726	50	0.0003897474	0.000000005154
17	21290357	27334243	1045	50	0.0004715224	0.000000006139
17	27334244	29786490	756	45	0.0014074733	0.000000011312
17	29786491	31538424	985	50	0.0006312564	0.000000007118
17	31538425	32912797	1587	50	0.0002096814	0.000000004187
17	32912798	34469035	955	50	0.0001066947	0.000000003769
17	34469036	36809343	818	50	0.0002987478	0.000000005005
17	36809344	38877403	701	50	0.0010874968	0.000000009927
17	38877404	39899809	605	43	0.0001555051	0.000000002580
17	39899810	41772086	535	43	0.0004643697	0.000000004746
17	41772087	43056904	545	45	0.0007010267	0.000000006422
17	43056905	45876021	1231	50	0.0012408089	0.000000010929
17	45876022	47517399	886	50	0.0013729723	0.000000011504
17	47517400	49898956	1315	50	0.0003838584	0.000000005510
17	49898957	50719054	604	35	0.0001332392	0.000000002314
17	50719055	51826117	837	50	0.0001840666	0.000000002891
17	51826118	53599431	1221	50	0.0000882058	0.000000003356
17	53599432	55357540	1180	50	0.0012324079	0.000000011222
17	55357541	57487511	1122	50	0.0003510593	0.000000005176
17	57487512	59312754	414	29	0.0001499597	0.000000002068
17	59312755	61545588	806	50	0.0017800618	0.000000014843
17	61545589	63148127	516	43	0.0015136106	0.000000011882
17	63148128	64800429	1346	50	0.0004798446	0.000000005970
17	64800430	67858769	1735	50	0.0005426131	0.000000006516
17	67858770	69387816	1364	50	0.0007742334	0.000000007851
17	69387817	72672202	2536	50	0.0004187338	0.000000005759
17	72672203	74375559	668	50	0.0004964882	0.000000006066
17	74375560	76263412	1247	50	0.0002222480	0.000000004665
17	76263413	77298635	747	50	0.0005213330	0.000000006787
17	77298636	78837587	1005	50	0.0002466182	0.000000004789
17	78837588	80034407	438	50	0.0006061242	0.000000006399
17	80034408	81194907	541	46	0.0004937789	0.000000005380
18	10644	912485	707	50	0.0003962556	0.000000005811
18	912486	1942910	828	50	0.0001156992	0.000000003101
18	1942911	3891657	1522	50	0.0003174380	0.000000005166
18	3891658	5834179	1577	50	0.0002020203	0.000000004366
18	5834180	7090484	1080	50	0.0002198492	0.000000004534
18	7090485	8498930	1088	50	0.0001426776	0.000000003875
18	8498931	11075912	2335	50	0.0000697625	0.000000003414
18	11075913	11905439	544	50	0.0002131699	0.000000003769
18	11905440	14440798	1387	50	0.0003607415	0.000000005391
18	14440799	19485843	351	25	0.0002695505	0.000000002977
18	19485844	20649471	660	46	0.0002100101	0.000000003277
18	20649472	22996650	1496	50	0.0011259979	0.000000010155
18	22996651	24026190	647	46	0.0002860777	0.000000003885
18	24026191	25927681	1529	50	0.0002297560	0.000000004327
18	25927682	26875586	654	36	0.0000849760	0.000000001945
18	26875587	27866477	715	40	0.0001338116	0.000000002477
18	27866478	30264065	1841	50	0.0001531870	0.000000003786
18	30264066	31780066	868	50	0.0002151265	0.000000003251
18	31780067	33861963	1352	50	0.0002904853	0.000000004752
18	33861964	35075249	908	50	0.0002728832	0.000000004579
18	35075250	36365489	1087	50	0.0001830757	0.000000003668
18	36365490	37684366	820	46	0.0002279549	0.000000003268
18	37684367	39892647	1817	50	0.0000881365	0.000000003360
18	39892648	42922105	2165	50	0.0003301667	0.000000004973
18	42922106	44299245	1205	50	0.0001742155	0.000000003920
18	44299246	45939731	1099	50	0.0003358492	0.000000005039
18	45939732	47730583	1346	50	0.0014161317	0.000000012225
18	47730584	51062184	2525	50	0.0002464294	0.000000004432
18	51062185	51554174	474	21	0.0000628475	0.000000001263
18	51554175	55213837	2183	50	0.0002856910	0.000000004613
18	55213838	56530219	1088	50	0.0001303106	0.000000003705
18	56530220	57630482	1060	50	0.0004428174	0.000000005799
18	57630483	59020750	999	50	0.0004118001	0.000000005345
18	59020751	60277714	1192	50	0.0000713444	0.000000003286
18	60277715	61820251	1213	50	0.0001725861	0.000000003988
18	61820252	63463401	1291	50	0.0001346787	0.000000003693
18	63463402	64252800	748	35	0.0000993919	0.000000002086
18	64252801	66125816	1743	50	0.0001543957	0.000000003883
18	66125817	67175819	750	50	0.0001594021	0.000000003367
18	67175820	68621178	962	50	0.0001024843	0.000000003603
18	68621179	69621617	941	50	0.0001419790	0.000000003703
18	69621618	71038473	1281	50	0.0000894017	0.000000003424
18	71038474	71971461	1014	50	0.0001461394	0.000000003941
18	71971462	73526986	1351	50	0.0001544320	0.000000003872
18	73526987	74813814	1130	50	0.0001871470	0.000000004144
18	74813815	75976316	1198	50	0.0002815959	0.000000004747
18	75976317	77149990	963	50	0.0002891628	0.000000004843
18	77149991	78017157	517	50	0.0005211772	0.000000005624
19	80840	610728	150	28	0.0000775875	0.000000001857
19	610729	2098395	512	50	0.0003865437	0.000000007265
19	2098396	3019659	402	50	0.0007845382	0.000000007995
19	3019660	4348966	533	50	0.0009919035	0.000000010984
19	4348967	5811851	651	50	0.0003822406	0.000000005957
19	5811852	6684884	344	50	0.0002423551	0.000000003581
19	6684885	8347512	914	50	0.0004999361	0.000000006987
19	8347513	9238392	421	50	0.0007446409	0.000000006719
19	9238393	11284027	796	50	0.0008062237	0.000000008307
19	11284028	13471126	741	50	0.0003412760	0.000000005271
19	13471127	14486346	363	50	0.0002053392	0.000000003285
19	14486347	15648609	567	50	0.0002355667	0.000000003989
19	15648610	16374415	675	50	0.0002549773	0.000000003653
19	16374416	18409861	881	50	0.0009527123	0.000000009884
19	18409862	19877470	511	50	0.0006636819	0.000000006476
19	19877471	20905756	361	37	0.0002315363	0.000000003042
19	20905757	22732895	926	50	0.0003220611	0.000000004482
19	22732896	23467745	338	18	0.0000991343	0.000000001531
19	23467746	28557892	784	41	0.0001140877	0.000000002559
19	28557893	29790946	1204	50	0.0002050992	0.000000004109
19	29790947	30727953	696	50	0.0002510964	0.000000004043
19	30727954	32746519	1224	50	0.0004066877	0.000000005485
19	32746520	34262951	942	50	0.0001902939	0.000000004181
19	34262952	36469294	1131	50	0.0003145160	0.000000005193
19	36469295	37527032	465	27	0.0001554690	0.000000002178
19	37527033	40170618	1096	50	0.0005258240	0.000000006464
19	40170619	40984600	321	31	0.0001123622	0.000000001870
19	40984601	42131572	490	50	0.0006566499	0.000000006783
19	42131573	43862454	504	41	0.0004044656	0.000000004846
19	43862455	44744107	526	50	0.0004433647	0.000000004635
19	44744108	46102696	637	50	0.0002868746	0.000000004771
19	46102697	47150081	480	50	0.0002729689	0.000000004089
19	47150082	49282226	968	50	0.0003367456	0.000000005438
19	49282227	51532566	1025	50	0.0003523194	0.000000005934
19	51532567	52985289	1177	50	0.0002443562	0.000000004755
19	52985290	54602361	1045	50	0.0001921038	0.000000005360
19	54602362	55728079	627	50	0.0002180708	0.000000005375
19	55728080	57521334	1121	50	0.0002025206	0.000000004589
19	57521335	59118838	848	50	0.0002928546	0.000000004764
20	60479	697599	432	50	0.0003387767	0.000000004631
20	697600	2469500	1856	50	0.0001660178	0.000000004140
20	2469501	3828412	915	50	0.0004546278	0.000000005977
20	3828413	5477849	1458	50	0.0003904918	0.000000005651
20	5477850	7084072	1530	50	0.0016560999	0.000000014083
20	7084073	8117010	1050	50	0.0003740178	0.000000004899
20	8117011	9730920	1564	50	0.0001987811	0.000000004080
20	9730921	11249535	1504	50	0.0003904791	0.000000005453
20	11249536	12447498	1114	50	0.0002846974	0.000000004778
20	12447499	13689863	1157	50	0.0002203975	0.000000004318
20	13689864	15958358	2054	50	0.0002316834	0.000000004346
20	15958359	17487231	1850	50	0.0001070714	0.000000003505
20	17487232	18972202	1210	50	0.0003841109	0.000000005475
20	18972203	20959709	1785	50	0.0004367775	0.000000005759
20	20959710	22491455	893	50	0.0005137648	0.000000005549
20	22491456	23293789	845	50	0.0000698504	0.000000002732
20	23293790	24717723	1173	50	0.0001864602	0.000000004182
20	24717724	25344230	604	29	0.0001981620	0.000000002603
20	25344231	31614822	1183	50	0.0003794077	0.000000005424
20	31614823	32813440	468	36	0.0012645790	0.000000009821
20	32813441	34960445	776	39	0.0032165678	0.000000022881
20	34960446	36909529	914	50	0.0006717142	0.000000007214
20	36909530	38436760	1091	50	0.0003278906	0.000000004876
20	38436761	39610855	953	50	0.0006480387	0.000000007080
20	39610856	40585688	570	42	0.0002679932	0.000000003502
20	40585689	41615459	1054	50	0.0001347553	0.000000003692
20	41615460	42680175	712	50	0.0003091206	0.000000004792
20	42680176	44839055	1433	50	0.0003772548	0.000000005405
20	44839056	47199979	1946	50	0.0002288091	0.000000004380
20	47199980	49239657	1443	50	0.0013594582	0.000000011770
20	49239658	52472548	2585	50	0.0002332212	0.000000004380
20	52472549	54055265	1338	50	0.0001780383	0.000000004084
20	54055266	56447958	2222	50	0.0003986904	0.000000005587
20	56447959	58406571	1566	50	0.0004770807	0.000000006210
20	58406572	59561723	1091	50	0.0001726288	0.000000004095
20	59561724	61301854	1414	50	0.0003256305	0.000000005267
20	61301855	62190179	537	50	0.0003636881	0.000000005266
20	62190180	62965162	390	46	0.0003678055	0.000000004180
21	9411243	15950981	608	50	0.0002308862	0.000000004180
21	15950982	18053164	1360	50	0.0002753702	0.000000004777
21	18053165	19480374	928	50	0.0002025146	0.000000004280
21	19480375	20962338	1312	50	0.0001381969	0.000000003779
21	20962339	22072763	888	50	0.0002036090	0.000000004259
21	22072764	23362874	1179	50	0.0001914775	0.000000004124
21	23362875	24696230	886	50	0.0000752242	0.000000002987
21	24696231	26469121	1488	50	0.0002308443	0.000000004320
21	26469122	27271018	472	32	0.0002015506	0.000000002778
21	27271019	29125225	1733	50	0.0003188577	0.000000004941
21	29125226	31197024	1541	50	0.0002771296	0.000000004673
21	31197025	32668641	1083	50	0.0001892276	0.000000003434
21	32668642	34376998	1097	50	0.0003638218	0.000000005200
21	34376999	35225464	486	50	0.0001736768	0.000000002964
21	35225465	36524372	1028	50	0.0005347900	0.000000006354
21	36524373	37870778	953	50	0.0002601404	0.000000004430
21	37870779	38711703	610	50	0.0002814148	0.000000003746
21	38711704	40482901	1586	50	0.0005622021	0.000000006566
21	40482902	41389526	933	50	0.0002581407	0.000000004516
21	41389527	43321527	1731	50	0.0001759830	0.000000004041
21	43321528	44506267	1214	50	0.0002795845	0.000000004747
21	44506268	46177104	1045	50	0.0002513848	0.000000004723
21	46177105	47492225	912	50	0.0003484839	0.000000005249
21	47492226	48119751	415	33	0.0002309387	0.000000003071
22	16050408	17674294	390	48	0.0002382908	0.000000003470
22	17674295	18296087	428	50	0.0002574121	0.000000003749
22	18296088	19912357	973	50	0.0002554006	0.000000004817
22	19912358	22357324	1007	50	0.0004125898	0.000000005837
22	22357325	23712646	776	50	0.0001589817	0.000000004204
22	23712647	24984203	667	50	0.0002098299	0.000000003817
22	24984204	26791627	1384	50	0.0001809907	0.000000004240
22	26791628	27834751	1343	50	0.0002041440	0.000000004276
22	27834752	29651798	1022	50	0.0002330592	0.000000004438
22	29651799	31439917	981	50	0.0004407953	0.000000005757
22	31439918	32664985	592	39	0.0001607869	0.000000002898
22	32664986	34494913	1772	50	0.0005104618	0.000000006284
22	34494914	35530984	1187	50	0.0000533820	0.000000003054
22	35530985	37570268	1603	50	0.0002742068	0.000000004810
22	37570269	39307893	910	50	0.0005052270	0.000000006237
22	39307894	40545796	602	50	0.0004487137	0.000000005564
22	40545797	42690817	855	41	0.0003011049	0.000000004164
22	42690818	43714199	753	50	0.0003833855	0.000000005406
22	43714200	44995307	1320	50	0.0002095146	0.000000004389
22	44995308	46470494	1167	50	0.0003817446	0.000000005624
22	46470495	47596317	899	50	0.0004263759	0.000000005798
22	47596318	48903702	1580	50	0.0000899976	0.000000003539
22	48903703	49824533	1344	50	0.0000695594	0.000000003439
22	49824534	51243297	740	50	0.0001590363	0.000000004160
