chr	start	end	num_snp	k	local_h2g	var
1	10583	1892606	150	14	0.0000195435	0.000000076900
1	1892607	3582735	804	14	-0.0000913652	0.000000365761
1	3582736	4380810	552	14	0.0003168948	0.000000293528
1	4380811	5913892	1877	14	-0.0000298218	0.000000370101
1	5913893	7247334	738	14	0.0000318720	0.000000349743
1	7247335	9365198	1266	14	0.0002417817	0.000000389253
1	9365199	10806983	539	14	0.0000283249	0.000000244159
1	10806984	11777840	395	14	0.0000000018	0.000000209951
1	11777841	12779465	446	14	0.0000811379	0.000000245466
1	12779466	14891510	1205	14	0.0002470030	0.000000389621
1	14891511	16897729	1125	14	-0.0000151396	0.000000371136
1	16897730	18662898	1161	14	0.0000275170	0.000000374144
1	18662899	20469148	1211	14	-0.0000952180	0.000000365489
1	20469149	21736587	807	14	0.0001738339	0.000000362368
1	21736588	23086882	943	14	0.0000685128	0.000000377035
1	23086883	23920589	349	14	-0.0000543451	0.000000145427
1	23920590	25516844	897	14	0.0001661478	0.000000383920
1	25516845	27401866	659	14	-0.0000493045	0.000000244322
1	27401867	30161880	956	14	0.0000044699	0.000000372519
1	30161881	32438684	1897	14	-0.0000390546	0.000000369450
1	32438685	34799757	1166	14	0.0001123764	0.000000380128
1	34799758	37549182	976	14	-0.0000390031	0.000000369453
1	37549183	38731846	607	14	-0.0000263796	0.000000276021
1	38731847	40200566	750	14	0.0001676526	0.000000371607
1	40200567	41975326	1021	14	0.0000705653	0.000000377180
1	41975327	43758456	1087	14	0.0003183602	0.000000394653
1	43758457	44969182	620	14	0.0001094643	0.000000239513
1	44969183	46899500	807	14	0.0000882629	0.000000234871
1	46899501	48002575	520	14	0.0001340843	0.000000185835
1	48002576	48978187	560	14	0.0000347341	0.000000255036
1	48978188	49894176	460	14	0.0001440065	0.000000179075
1	49894177	51713725	488	14	0.0002234562	0.000000151799
1	51713726	54226261	976	14	0.0000817097	0.000000377965
1	54226262	56413116	1442	14	0.0002378846	0.000000388978
1	56413117	57021727	522	14	-0.0000383336	0.000000167840
1	57021728	58865398	1549	14	-0.0000728189	0.000000367069
1	58865399	59890408	773	14	0.0002885145	0.000000289078
1	59890409	61922364	1210	14	0.0000055312	0.000000372594
1	61922365	63455088	961	14	0.0001866472	0.000000385365
1	63455089	65041703	1326	14	0.0001153443	0.000000380337
1	65041704	66939403	1340	14	-0.0000114632	0.000000371395
1	66939404	68477894	1349	14	0.0000768706	0.000000377624
1	68477895	69687615	763	14	0.0000242351	0.000000277925
1	69687616	71372469	1109	14	0.0000672324	0.000000376945
1	71372470	71684404	176	13	-0.0000122287	0.000000043486
1	71684405	74326906	1586	14	0.0001162272	0.000000355684
1	74326907	76728134	1666	14	0.0001407676	0.000000382130
1	76728135	79661197	1969	14	0.0000784290	0.000000377734
1	79661198	81354190	1200	14	0.0001386197	0.000000373096
1	81354191	83991747	2183	14	-0.0000114955	0.000000371393
1	83991748	84844494	570	14	0.0001815084	0.000000192143
1	84844495	86454750	1286	14	0.0001605998	0.000000383528
1	86454751	88128630	1133	14	0.0000441285	0.000000375315
1	88128631	90066302	1008	14	0.0000126273	0.000000373094
1	90066303	91886316	1051	14	0.0003709369	0.000000398360
1	91886317	93536458	1051	14	-0.0000465511	0.000000318281
1	93536459	94506190	528	14	-0.0000946245	0.000000130369
1	94506191	96150892	1111	14	0.0001678769	0.000000383150
1	96150893	97885248	1136	14	0.0000787966	0.000000359182
1	97885249	99800603	1279	14	0.0001435654	0.000000382327
1	99800604	100826404	656	14	0.0000728318	0.000000194361
1	100826405	102041015	882	14	0.0000220174	0.000000301058
1	102041016	102898744	687	14	0.0000552966	0.000000189354
1	102898745	103914210	602	14	-0.0000859204	0.000000118186
1	103914211	106087841	1242	14	0.0001655358	0.000000383876
1	106087842	108409664	1650	14	-0.0001687828	0.000000360302
1	108409665	110303930	1047	14	0.0002452734	0.000000389499
1	110303931	111741736	969	14	-0.0000060282	0.000000371779
1	111741737	113273305	1318	14	0.0001884874	0.000000385495
1	113273306	114873844	889	14	0.0002491419	0.000000389772
1	114873845	115880592	589	14	0.0002210127	0.000000226179
1	115880593	118839066	1630	14	0.0001818675	0.000000385028
1	118839067	144977493	1178	14	0.0000362853	0.000000374762
1	144977494	148361252	784	14	0.0001748539	0.000000310955
1	148361253	151538880	553	14	0.0003357729	0.000000214244
1	151538881	153180828	973	14	-0.0000693350	0.000000266431
1	153180829	154770402	766	14	0.0001683837	0.000000331688
1	154770403	156336132	466	14	0.0002329958	0.000000235579
1	156336133	158027411	1168	14	0.0002578792	0.000000390388
1	158027412	159913047	1311	14	0.0001180275	0.000000380526
1	159913048	162346720	1561	14	0.0001606891	0.000000383535
1	162346721	165191701	2416	14	-0.0000331533	0.000000369866
1	165191702	166460516	1003	14	0.0000652139	0.000000376802
1	166460517	169086323	1990	14	-0.0000271809	0.000000370287
1	169086324	170557775	1365	14	0.0001244745	0.000000358015
1	170557776	173097906	1676	14	0.0001773430	0.000000384709
1	173097907	175089767	729	14	0.0000837979	0.000000185323
1	175089768	177433380	1535	14	0.0002203357	0.000000387741
1	177433381	178944308	907	14	0.0000297272	0.000000310031
1	178944309	178954469	3	1	-0.0000143450	0.000000000798
1	178954470	181144120	1489	14	0.0003737498	0.000000398559
1	181144121	182755355	1076	14	-0.0000191226	0.000000370855
1	182755356	184595512	1286	14	0.0001653177	0.000000383861
1	184595513	186810022	878	14	0.0002381030	0.000000319607
1	186810023	188759944	1492	14	0.0001566580	0.000000383250
1	188759945	189904129	625	14	0.0001940160	0.000000136956
1	189904130	191868929	1504	14	-0.0000729672	0.000000331054
1	191868930	194107441	1332	14	0.0000066408	0.000000372672
1	194107442	196176200	1595	14	0.0001071305	0.000000379758
1	196176201	197311513	496	14	0.0000629614	0.000000122917
1	197311514	199239883	1023	14	0.0001656478	0.000000364422
1	199239884	200137648	629	14	0.0001388263	0.000000216566
1	200137649	201589974	1243	14	-0.0000084100	0.000000371611
1	201589975	203334733	1046	14	-0.0000352876	0.000000369715
1	203334734	204681067	823	14	0.0000342826	0.000000374621
1	204681068	206073264	1052	14	0.0002967628	0.000000393130
1	206073265	208410363	1157	14	0.0002429734	0.000000389337
1	208410364	210787749	1718	14	0.0004692896	0.000000405296
1	210787750	212842329	1275	14	0.0000547648	0.000000376065
1	212842330	214578265	1095	14	0.0001014378	0.000000379357
1	214578266	216243633	1268	14	0.0000907692	0.000000378604
1	216243634	218705512	2300	14	0.0002204298	0.000000387747
1	218705513	219590570	644	14	0.0002095093	0.000000219964
1	219590571	221858230	1503	14	0.0003157823	0.000000394471
1	221858231	222230219	335	14	0.0000670106	0.000000137336
1	222230220	224938519	926	14	0.0002892521	0.000000381944
1	224938520	226810859	911	14	-0.0000522024	0.000000368523
1	226810860	229156247	1406	14	0.0000484188	0.000000375618
1	229156248	230685254	873	14	0.0000597369	0.000000376416
1	230685255	232090251	1043	14	0.0001552292	0.000000383150
1	232090252	233429283	1119	14	0.0001775775	0.000000384726
1	233429284	234599433	1020	14	0.0002864807	0.000000392405
1	234599434	235819435	718	14	0.0003307041	0.000000381332
1	235819436	237555627	1354	14	0.0001017643	0.000000379380
1	237555628	238567806	875	14	0.0000497206	0.000000375710
1	238567807	239925313	1099	14	0.0001544197	0.000000383093
1	239925314	240564090	651	14	0.0000882665	0.000000279950
1	240564091	241582219	933	14	0.0003423901	0.000000396347
1	241582220	242071601	381	14	0.0000386072	0.000000166543
1	242071602	244109498	1143	14	0.0002689738	0.000000391170
1	244109499	245506745	920	14	0.0003247457	0.000000395103
1	245506746	247344517	1373	14	0.0000785940	0.000000377746
1	247344518	249239465	843	14	0.0000873685	0.000000361543
2	10133	1781021	1337	14	0.0003181829	0.000000394640
2	1781022	3973778	1824	14	0.0001783684	0.000000384781
2	3973779	5708336	1409	14	0.0002277384	0.000000388263
2	5708337	6836253	1267	14	0.0000828175	0.000000378044
2	6836254	8422146	1342	14	-0.0000770722	0.000000366769
2	8422147	10298468	1325	14	0.0000164407	0.000000373363
2	10298469	12419149	1853	14	0.0001372258	0.000000381880
2	12419150	14335307	1576	14	0.0000524604	0.000000375903
2	14335308	16329734	1749	14	0.0001778800	0.000000384747
2	16329735	18647422	1843	14	-0.0000606052	0.000000367930
2	18647423	19692403	798	14	-0.0000391171	0.000000294245
2	19692404	21050489	1280	14	0.0001870407	0.000000385393
2	21050490	23341382	1378	14	-0.0000690417	0.000000367335
2	23341383	24686917	853	14	-0.0000322126	0.000000312464
2	24686918	26894984	1040	14	0.0000696202	0.000000377113
2	26894985	28598776	716	14	0.0003329448	0.000000279978
2	28598777	29217558	465	14	0.0000774043	0.000000203055
2	29217559	30463710	1185	14	0.0001358337	0.000000381782
2	30463711	31550449	1146	14	0.0002796617	0.000000391924
2	31550450	33363776	801	14	0.0001374450	0.000000381896
2	33363777	35345027	1760	14	0.0000398800	0.000000375016
2	35345028	36122005	846	14	-0.0000355553	0.000000255765
2	36122006	38132711	1866	14	0.0000422391	0.000000375182
2	38132712	39031336	613	14	0.0002890707	0.000000338467
2	39031337	40281482	619	14	-0.0000198908	0.000000269900
2	40281483	43309589	2783	14	0.0000277124	0.000000374158
2	43309590	44313802	835	14	0.0003559514	0.000000397304
2	44313803	46482633	1947	14	0.0000249709	0.000000373964
2	46482634	47318771	776	14	0.0003211919	0.000000393961
2	47318772	48213000	511	14	0.0002603572	0.000000329634
2	48213001	50022256	1509	14	0.0003643579	0.000000397896
2	50022257	50818927	813	14	0.0003960795	0.000000295804
2	50818928	52491132	1649	14	-0.0001194597	0.000000363780
2	52491133	53508451	1101	14	0.0001497374	0.000000380091
2	53508452	54685225	869	14	0.0000419965	0.000000375165
2	54685226	56203344	1210	14	0.0000182194	0.000000373488
2	56203345	57429099	958	14	0.0001807559	0.000000348913
2	57429100	58297314	651	14	0.0002135290	0.000000231875
2	58297315	60291999	1318	14	0.0001480621	0.000000382644
2	60292000	62429043	1029	14	-0.0000003501	0.000000372179
2	62429044	64625912	1113	14	0.0002334333	0.000000388664
2	64625913	65933443	881	14	0.0002928179	0.000000392852
2	65933444	67226165	1151	14	0.0000923581	0.000000378716
2	67226166	68010175	929	14	0.0000215033	0.000000322213
2	68010176	69139563	1019	14	0.0000557050	0.000000368137
2	69139564	70755197	963	14	-0.0000512588	0.000000368589
2	70755198	73174847	1777	14	0.0000065593	0.000000372666
2	73174848	75630085	1440	14	-0.0000831704	0.000000366339
2	75630086	76913660	1070	14	0.0000763303	0.000000377586
2	76913661	78079263	914	14	0.0000278971	0.000000374171
2	78079264	80050402	2003	14	0.0001248499	0.000000381007
2	80050403	81620840	1127	14	0.0001949866	0.000000385953
2	81620841	85140679	2387	14	0.0001794042	0.000000384854
2	85140680	88038506	1210	14	0.0000373235	0.000000374836
2	88038507	89154525	439	14	-0.0000714512	0.000000154454
2	89154526	95326451	47	5	0.0000346177	0.000000024187
2	95326452	98995200	849	14	0.0001860795	0.000000344963
2	98995201	101822328	1897	14	0.0000669912	0.000000376928
2	101822329	102688764	600	14	0.0002311070	0.000000203900
2	102688765	103588214	951	14	0.0002685152	0.000000243550
2	103588215	105125033	781	14	0.0001597711	0.000000258169
2	105125034	106210057	844	14	0.0001809491	0.000000329156
2	106210058	107408266	938	14	-0.0000792076	0.000000348928
2	107408267	108429176	923	14	0.0001362684	0.000000239019
2	108429177	110572431	1128	14	-0.0000167046	0.000000371026
2	110572432	113921855	1396	14	0.0002971238	0.000000393155
2	113921856	116772469	1663	14	-0.0000061634	0.000000371769
2	116772470	118367465	1016	14	0.0001013286	0.000000264551
2	118367466	121303782	2021	14	0.0000265888	0.000000374079
2	121303783	123302905	1219	14	-0.0000763409	0.000000366820
2	123302906	124732249	1174	14	0.0000337064	0.000000281062
2	124732250	125840920	876	14	0.0000116267	0.000000290290
2	125840921	127373763	1064	14	0.0000403072	0.000000250601
2	127373764	128034346	599	14	0.0000176163	0.000000233873
2	128034347	129474440	840	14	-0.0000475040	0.000000312240
2	129474441	130067169	459	14	0.0003575782	0.000000165446
2	130067170	130658084	454	14	0.0001566132	0.000000154333
2	130658085	133042783	513	14	-0.0001056068	0.000000215801
2	133042784	135158577	1733	14	0.0002107654	0.000000387066
2	135158578	137042793	844	14	0.0003827468	0.000000294051
2	137042794	138698116	1215	14	0.0002687390	0.000000391154
2	138698117	140100270	1014	14	0.0000302047	0.000000270140
2	140100271	141805350	1386	14	0.0000197862	0.000000373599
2	141805351	142518601	711	14	-0.0000128753	0.000000229369
2	142518602	144519483	1481	14	-0.0001230041	0.000000363530
2	144519484	146445569	860	14	0.0000764066	0.000000328643
2	146445570	147277161	376	14	0.0002816614	0.000000134627
2	147277162	150210291	1475	14	-0.0000681196	0.000000367400
2	150210292	151731461	1037	14	0.0000258901	0.000000372249
2	151731462	152486781	575	14	0.0001810477	0.000000192862
2	152486782	154005055	1014	14	0.0001303561	0.000000361058
2	154005056	155391134	1133	14	0.0001234574	0.000000380909
2	155391135	157560634	1212	14	-0.0000926945	0.000000365667
2	157560635	158533217	347	14	0.0001244474	0.000000154984
2	158533218	159577081	708	14	0.0000281323	0.000000254573
2	159577082	161769732	1362	14	0.0000986902	0.000000379163
2	161769733	163503550	705	14	0.0002209826	0.000000231617
2	163503551	164466637	520	14	0.0002912162	0.000000186378
2	164466638	165178839	411	14	0.0001697030	0.000000158861
2	165178840	167160269	1348	14	0.0000356836	0.000000374720
2	167160270	167355969	170	13	-0.0000111070	0.000000049956
2	167355970	169968235	1616	14	0.0017216052	0.000000493603
2	169968236	171226244	967	14	0.0001958779	0.000000385125
2	171226245	173138904	1009	14	0.0006536296	0.000000418294
2	173138905	175588928	1621	14	0.0004214690	0.000000401924
2	175588929	177363635	981	14	0.0000365814	0.000000374783
2	177363636	178553182	1033	14	0.0000975132	0.000000327559
2	178553183	181312738	2187	14	-0.0000555164	0.000000368289
2	181312739	182266030	690	14	0.0002354056	0.000000218696
2	182266031	184357607	1291	14	0.0000954934	0.000000378937
2	184357608	185280172	611	14	-0.0000304543	0.000000166164
2	185280173	189882064	2469	14	0.0000274756	0.000000374141
2	189882065	191973356	1054	14	0.0003260426	0.000000353086
2	191973357	195861163	1691	14	0.0000411154	0.000000375103
2	195861164	196447455	337	14	-0.0001101042	0.000000098367
2	196447456	198078109	880	14	0.0003151792	0.000000273885
2	198078110	199311124	599	14	0.0000163165	0.000000164989
2	199311125	201576283	1234	14	0.0002298005	0.000000388408
2	201576284	202818636	513	14	0.0000385424	0.000000221195
2	202818637	205799240	1345	14	0.0000919144	0.000000378685
2	205799241	206735703	664	14	0.0001796323	0.000000375987
2	206735704	208645398	1166	14	0.0001303449	0.000000381395
2	208645399	209941528	720	14	0.0001426976	0.000000273950
2	209941529	212379517	1669	14	-0.0000285394	0.000000370191
2	212379518	214014281	1438	14	-0.0000737413	0.000000367004
2	214014282	215573794	1039	14	0.0003033609	0.000000361885
2	215573795	217715660	1491	14	0.0000544831	0.000000376046
2	217715661	218395479	512	14	-0.0000019032	0.000000224627
2	218395480	220454550	908	14	0.0001812936	0.000000384988
2	220454551	222521175	1809	14	0.0001433550	0.000000382312
2	222521176	224859418	1667	14	0.0000469360	0.000000375513
2	224859419	225840003	732	14	0.0001522286	0.000000240137
2	225840004	228119841	1577	14	0.0001624666	0.000000383660
2	228119842	229370786	921	14	-0.0000048721	0.000000315238
2	229370787	231843388	1833	14	0.0000854310	0.000000378228
2	231843389	233550002	775	14	0.0000642146	0.000000373173
2	233550003	235150986	1439	14	0.0002449189	0.000000389474
2	235150987	236043549	759	14	0.0001269360	0.000000381155
2	236043550	237449031	884	14	0.0002416811	0.000000389246
2	237449032	238760980	1059	14	-0.0000093807	0.000000371542
2	238760981	239952642	811	14	0.0000270918	0.000000354661
2	239952643	241560083	1189	14	0.0000217397	0.000000373737
2	241560084	242149920	366	14	0.0001542826	0.000000166526
2	242149921	243188919	248	14	0.0004153804	0.000000126628
3	60157	1441778	1216	14	0.0003492882	0.000000396834
3	1441779	2992119	1668	14	-0.0000393252	0.000000369431
3	2992120	4431646	1499	14	-0.0000825095	0.000000366385
3	4431647	6083182	1443	14	0.0000262444	0.000000374054
3	6083183	7083386	906	14	0.0000377913	0.000000374869
3	7083387	8648560	1722	14	-0.0000669067	0.000000367486
3	8648561	9543182	804	14	0.0000722397	0.000000377298
3	9543183	11019664	946	14	0.0002647450	0.000000390872
3	11019665	13070798	1298	14	0.0002952487	0.000000393023
3	13070799	14816899	1416	14	0.0000718367	0.000000377269
3	14816900	16282441	988	14	0.0003742098	0.000000398591
3	16282442	17891117	1027	14	0.0003207025	0.000000394818
3	17891118	19125143	752	14	-0.0000129585	0.000000254922
3	19125144	20091347	331	14	0.0001675730	0.000000153654
3	20091348	21643706	1310	14	0.0000239120	0.000000373890
3	21643707	22204243	880	14	0.0001046858	0.000000378695
3	22204244	23804864	1138	14	0.0001701775	0.000000384204
3	23804865	25461557	1407	14	0.0002855614	0.000000392340
3	25461558	26877768	971	14	0.0000320357	0.000000374463
3	26877769	27840909	650	14	-0.0001399442	0.000000220474
3	27840910	29142259	920	14	-0.0000395498	0.000000369415
3	29142260	30717954	1343	14	0.0002766332	0.000000391710
3	30717955	32351714	1252	14	-0.0000268791	0.000000370308
3	32351715	33255591	460	14	0.0000200271	0.000000245975
3	33255592	35283457	1222	14	0.0000232718	0.000000372954
3	35283458	36486841	874	14	0.0001111645	0.000000321695
3	36486842	38356115	1035	14	0.0002895113	0.000000392619
3	38356116	40221297	1279	14	0.0000647554	0.000000376770
3	40221298	41064527	304	14	0.0002990961	0.000000130267
3	41064528	42540001	974	14	0.0000628121	0.000000356300
3	42540002	45165152	1268	14	0.0000944329	0.000000378863
3	45165153	46657499	1007	14	0.0002789807	0.000000391876
3	46657500	47727211	305	14	-0.0000865682	0.000000096560
3	47727212	49316971	359	14	0.0002272580	0.000000102018
3	49316972	51832014	660	14	0.0002148511	0.000000156947
3	51832015	54081389	1003	14	0.0002689389	0.000000391168
3	54081390	55348859	1121	14	0.0000479646	0.000000375586
3	55348860	56433906	716	14	0.0002144968	0.000000307039
3	56433907	58157518	955	14	0.0003234384	0.000000395011
3	58157519	60272905	1783	14	-0.0000057953	0.000000371795
3	60272906	62355665	1778	14	-0.0000489036	0.000000368755
3	62355666	63669285	1277	14	0.0000098946	0.000000372901
3	63669286	65273537	1327	14	0.0001234697	0.000000380910
3	65273538	66270446	589	14	0.0002705195	0.000000364803
3	66270447	68286913	1350	14	0.0001324324	0.000000381542
3	68286914	69276761	695	14	0.0004518050	0.000000354192
3	69276762	70449027	835	14	0.0000162050	0.000000353894
3	70449028	72529328	1408	14	0.0001244603	0.000000380980
3	72529329	74321816	1449	14	0.0002022463	0.000000386465
3	74321817	75704948	601	14	0.0002116750	0.000000238787
3	75704949	77508834	1114	14	0.0000921774	0.000000378704
3	77508835	79024540	901	14	0.0002973481	0.000000351067
3	79024541	81427309	1285	14	0.0000822226	0.000000320510
3	81427310	82643885	710	14	0.0004505334	0.000000209419
3	82643886	84367478	845	14	0.0001972591	0.000000244868
3	84367479	85582230	630	14	0.0002546773	0.000000195000
3	85582231	87409731	1258	14	0.0003080029	0.000000311102
3	87409732	88298372	505	14	0.0000960057	0.000000114073
3	88298373	94255315	1210	14	0.0002985664	0.000000346847
3	94255316	95311970	755	14	-0.0000133908	0.000000151189
3	95311971	98215949	1538	14	0.0001295646	0.000000381340
3	98215950	99373761	795	14	-0.0000212276	0.000000217794
3	99373762	100592216	602	14	0.0002058347	0.000000201378
3	100592217	103084959	1441	14	-0.0001356200	0.000000362640
3	103084960	104581612	1161	14	0.0001170056	0.000000296857
3	104581613	106982810	1615	14	0.0000648516	0.000000376777
3	106982811	109522394	1711	14	0.0000873403	0.000000378362
3	109522395	110513769	699	14	0.0000720539	0.000000163725
3	110513770	112815698	1493	14	0.0001121606	0.000000380113
3	112815699	113947862	673	14	-0.0000643666	0.000000236869
3	113947863	115447079	785	14	0.0002622319	0.000000366842
3	115447080	116800152	1047	14	0.0000634923	0.000000376681
3	116800153	118530250	1331	14	0.0000108243	0.000000372967
3	118530251	120523054	1166	14	-0.0000481082	0.000000368811
3	120523055	121974096	776	14	0.0001812422	0.000000195885
3	121974097	123517767	965	14	0.0002911413	0.000000390061
3	123517768	124936641	1169	14	0.0001390070	0.000000382006
3	124936642	126214942	908	14	0.0001339647	0.000000313133
3	126214943	128194860	1247	14	0.0001054792	0.000000379642
3	128194861	130244734	778	14	0.0000840503	0.000000292879
3	130244735	131836515	1128	14	0.0001761985	0.000000343404
3	131836516	133252172	1062	14	0.0002485298	0.000000348494
3	133252173	135456905	1622	14	0.0000390700	0.000000374959
3	135456906	137371082	859	14	0.0000661061	0.000000258848
3	137371083	139954596	1608	14	0.0000197200	0.000000373594
3	139954597	141339096	838	14	0.0001439919	0.000000375247
3	141339097	143164627	1093	14	0.0002609297	0.000000390603
3	143164628	144410815	812	14	0.0000433405	0.000000286700
3	144410816	145664618	1042	14	0.0002408302	0.000000293124
3	145664619	146726628	864	14	0.0000224594	0.000000255789
3	146726629	149043236	1396	14	0.0002381882	0.000000389000
3	149043237	150252003	812	14	0.0000934319	0.000000368143
3	150252004	151348729	653	14	0.0000451953	0.000000296819
3	151348730	153256570	1261	14	0.0000585214	0.000000376330
3	153256571	154714217	970	14	0.0001097489	0.000000250661
3	154714218	156008699	686	14	0.0000397270	0.000000260233
3	156008700	157312027	917	14	0.0004069959	0.000000316386
3	157312028	159477889	1419	14	0.0001813069	0.000000384989
3	159477890	161524503	1245	14	-0.0000284768	0.000000328139
3	161524504	163253204	1582	14	-0.0000028459	0.000000297632
3	163253205	165055468	1175	14	0.0000948841	0.000000246429
3	165055469	167117428	1175	14	-0.0000175280	0.000000298279
3	167117429	168580959	758	14	0.0001012313	0.000000251664
3	168580960	170964908	1390	14	0.0004906273	0.000000406800
3	170964909	172295730	903	14	0.0000004646	0.000000372236
3	172295731	173477284	754	14	0.0002521373	0.000000375795
3	173477285	175116538	1313	14	0.0003315062	0.000000395580
3	175116539	176320286	819	14	0.0001062815	0.000000263280
3	176320287	178107164	1106	14	0.0001131634	0.000000380183
3	178107165	179374585	785	14	-0.0000675800	0.000000278086
3	179374586	181511165	924	14	0.0001737546	0.000000353630
3	181511166	183769682	1206	14	0.0000582425	0.000000376311
3	183769683	185068254	736	14	0.0003132160	0.000000381865
3	185068255	186890343	1022	14	0.0000861293	0.000000378277
3	186890344	188856213	1488	14	0.0001121784	0.000000380114
3	188856214	190226606	1384	14	0.0002058586	0.000000386720
3	190226607	192343813	1568	14	0.0001611420	0.000000383567
3	192343814	194059670	729	14	0.0000561996	0.000000376167
3	194059671	194786673	388	14	-0.0000144506	0.000000219831
3	194786674	195971407	330	14	-0.0000272014	0.000000179076
3	195971408	197075986	388	14	0.0002874999	0.000000218500
3	197075987	197946621	337	14	0.0001593269	0.000000158864
4	10240	694714	197	14	0.0001381943	0.000000092475
4	694715	1478710	415	14	0.0000104002	0.000000162366
4	1478711	2842978	467	14	0.0000452526	0.000000232648
4	2842979	3846039	500	14	0.0002139778	0.000000292064
4	3846040	4684115	459	14	-0.0000135172	0.000000246028
4	4684116	5502387	692	14	0.0001930896	0.000000385819
4	5502388	6773042	1108	14	0.0001177052	0.000000380504
4	6773043	7539691	671	14	0.0001766103	0.000000384657
4	7539692	8152234	555	14	0.0001298511	0.000000351409
4	8152235	9326478	457	14	0.0001028258	0.000000246985
4	9326479	10699151	1157	14	0.0001272957	0.000000370529
4	10699152	12323033	1382	14	0.0000887482	0.000000378462
4	12323034	14272000	1633	14	0.0000554501	0.000000376114
4	14272001	15147445	728	14	0.0000148021	0.000000304759
4	15147446	15927008	493	14	0.0003148036	0.000000228096
4	15927009	17383321	1238	14	0.0000786583	0.000000377750
4	17383322	18841873	933	14	0.0003230505	0.000000362402
4	18841874	20544556	1120	14	0.0000544841	0.000000319411
4	20544557	22319346	1420	14	0.0002532451	0.000000390061
4	22319347	24135528	1264	14	0.0000441337	0.000000375316
4	24135529	25609321	1074	14	0.0003285386	0.000000395371
4	25609322	27343721	1025	14	-0.0000364228	0.000000369635
4	27343722	27965867	473	14	0.0000031729	0.000000171479
4	27965868	29762207	1394	14	-0.0001010560	0.000000365078
4	29762208	30454534	378	14	-0.0000118230	0.000000121931
4	30454535	31782980	919	14	0.0001168894	0.000000360987
4	31782981	33172765	814	14	0.0001640731	0.000000274635
4	33172766	35151414	944	14	0.0001594533	0.000000213387
4	35151415	36020435	781	14	0.0001121298	0.000000209312
4	36020436	37255046	1055	14	0.0002393548	0.000000312969
4	37255047	38907021	1384	14	0.0002834943	0.000000392194
4	38907022	40202608	684	14	0.0001492543	0.000000285052
4	40202609	42213057	1277	14	-0.0000013167	0.000000372111
4	42213058	43965044	1166	14	0.0003386737	0.000000395194
4	43965045	45189156	899	14	0.0001412068	0.000000241735
4	45189157	47411895	1118	14	0.0003726518	0.000000353780
4	47411896	48123599	469	14	0.0002613812	0.000000154439
4	48123600	53877432	901	14	0.0000952435	0.000000302846
4	53877433	55429555	1000	14	-0.0000689742	0.000000367340
4	55429556	56547643	748	14	0.0004645974	0.000000327115
4	56547644	58935007	1598	14	0.0001696271	0.000000384165
4	58935008	60741086	1212	14	0.0002001327	0.000000384534
4	60741087	62371762	1062	14	0.0000579300	0.000000329917
4	62371763	64341000	1083	14	0.0000133045	0.000000365149
4	64341001	66600491	1268	14	0.0000344634	0.000000371075
4	66600492	68059496	896	14	0.0001979551	0.000000290116
4	68059497	68854764	518	14	0.0001085990	0.000000164073
4	68854765	71049151	1192	14	0.0002304626	0.000000319914
4	71049152	72140557	505	14	0.0000568167	0.000000138053
4	72140558	74592389	1028	14	0.0001408256	0.000000334032
4	74592390	77130706	1491	14	0.0000837249	0.000000378108
4	77130707	79093978	1338	14	0.0000662173	0.000000376873
4	79093979	80990296	1188	14	0.0002396352	0.000000365251
4	80990297	82125314	502	14	0.0001482577	0.000000171978
4	82125315	83372592	737	14	0.0001169985	0.000000275411
4	83372593	84799655	900	14	0.0000193012	0.000000344496
4	84799656	86930608	1247	14	0.0000362013	0.000000374756
4	86930609	87534647	282	14	0.0001737713	0.000000090928
4	87534648	89238027	1083	14	0.0000148152	0.000000373248
4	89238028	90231563	612	14	0.0006827133	0.000000289997
4	90231564	91560676	783	14	0.0001736877	0.000000268814
4	91560677	94233298	1210	14	-0.0000027910	0.000000372007
4	94233299	96182187	1286	14	-0.0000728612	0.000000367066
4	96182188	97540702	1148	14	0.0001420697	0.000000382222
4	97540703	99424066	1018	14	0.0002208035	0.000000258441
4	99424067	100678359	791	14	0.0003489769	0.000000306498
4	100678360	103221355	1639	14	0.0000396002	0.000000374996
4	103221356	105305293	1080	14	0.0000427258	0.000000322850
4	105305294	107501304	1172	14	0.0001166883	0.000000380432
4	107501305	108815347	756	14	0.0001163301	0.000000240784
4	108815348	111256566	1480	14	0.0002071770	0.000000386813
4	111256567	113870101	1436	14	0.0002237261	0.000000387980
4	113870102	115666245	1145	14	0.0000200928	0.000000373621
4	115666246	117276928	890	14	0.0001544805	0.000000210737
4	117276929	118479917	1028	14	0.0000126575	0.000000270545
4	118479918	119933511	1090	14	0.0000152502	0.000000282245
4	119933512	120392683	305	14	0.0000221884	0.000000080412
4	120392684	122657986	1574	14	0.0003785009	0.000000398894
4	122657987	124286480	871	14	0.0000712266	0.000000237627
4	124286481	125210861	510	14	-0.0000771661	0.000000189203
4	125210862	126480885	847	14	0.0002623481	0.000000307896
4	126480886	127275476	566	14	0.0001133888	0.000000188890
4	127275477	127830292	420	14	0.0001435427	0.000000148385
4	127830293	128996664	447	14	-0.0001116162	0.000000119224
4	128996665	130591884	918	14	0.0000589982	0.000000346421
4	130591885	131283820	453	14	0.0001559437	0.000000160806
4	131283821	132954032	931	14	-0.0000223959	0.000000302145
4	132954033	134628433	1135	14	0.0002756605	0.000000303839
4	134628434	136566406	1158	14	0.0003178368	0.000000337930
4	136566407	138541970	1265	14	0.0000940243	0.000000378834
4	138541971	139556510	722	14	0.0000370231	0.000000281295
4	139556511	141084630	825	14	0.0000043948	0.000000372514
4	141084631	143443264	1486	14	-0.0000341131	0.000000369798
4	143443265	146178186	1176	14	0.0002730222	0.000000360620
4	146178187	148521872	1197	14	0.0001805150	0.000000384933
4	148521873	150683579	1135	14	-0.0001123270	0.000000364283
4	150683580	152782183	920	14	0.0001050619	0.000000274574
4	152782184	154477640	847	14	0.0002966866	0.000000393125
4	154477641	155056125	396	14	0.0002781535	0.000000181036
4	155056126	157485096	1648	14	0.0001307792	0.000000381426
4	157485097	158743717	672	14	0.0001232765	0.000000248417
4	158743718	161058863	1103	14	0.0001751544	0.000000363337
4	161058864	161826434	601	14	0.0001890119	0.000000235633
4	161826435	163243678	1049	14	0.0003661751	0.000000374163
4	163243679	164478233	749	14	0.0001321905	0.000000269959
4	164478234	165823447	956	14	-0.0001479185	0.000000361773
4	165823448	167018857	721	14	0.0002624784	0.000000352068
4	167018858	167852916	499	14	0.0002273919	0.000000161432
4	167852917	169676824	1212	14	-0.0000789079	0.000000366639
4	169676825	170776509	536	14	0.0001150405	0.000000215675
4	170776510	172558634	1036	14	0.0000777346	0.000000341662
4	172558635	174264131	922	14	0.0000137712	0.000000308063
4	174264132	176570715	1346	14	-0.0000739005	0.000000366993
4	176570716	178991909	1733	14	0.0000519265	0.000000375865
4	178991910	180122042	773	14	0.0002219988	0.000000327787
4	180122043	182066806	1671	14	0.0000188907	0.000000373536
4	182066807	183371274	1307	14	-0.0001184098	0.000000363854
4	183371275	184929454	1015	14	-0.0001002416	0.000000365135
4	184929455	186909089	1463	14	0.0002057822	0.000000386714
4	186909090	188472980	1101	14	0.0002174579	0.000000387538
4	188472981	189693510	800	14	0.0001177483	0.000000380507
4	189693511	191043593	647	14	0.0000479225	0.000000317248
5	11940	982251	433	14	0.0001451891	0.000000193368
5	982252	2132441	846	14	0.0001736962	0.000000384452
5	2132442	3361940	1618	14	0.0000178230	0.000000373460
5	3361941	4632109	1109	14	0.0001485540	0.000000382679
5	4632110	5973232	1459	14	0.0001771202	0.000000384693
5	5973233	7143217	1148	14	-0.0000645054	0.000000367655
5	7143218	8446335	1230	14	0.0001702556	0.000000384209
5	8446336	9718831	1297	14	0.0000342617	0.000000374620
5	9718832	11173270	1384	14	-0.0000068132	0.000000371723
5	11173271	13464831	1173	14	0.0000337761	0.000000374585
5	13464832	14757803	1111	14	0.0000709649	0.000000377208
5	14757804	16963612	1395	14	0.0004270293	0.000000402316
5	16963613	18051591	558	14	0.0001078341	0.000000264198
5	18051592	19917715	1317	14	0.0001674355	0.000000384010
5	19917716	22152072	1069	14	0.0002005230	0.000000332239
5	22152073	23494323	930	14	0.0002197746	0.000000308245
5	23494324	26184850	1815	14	0.0001163498	0.000000380408
5	26184851	26857603	421	14	-0.0000305846	0.000000130542
5	26857604	27984512	585	14	-0.0000390710	0.000000196446
5	27984513	29714819	1200	14	0.0001483151	0.000000345764
5	29714820	31390248	1397	14	0.0000119468	0.000000373046
5	31390249	33500179	1373	14	0.0002224981	0.000000387893
5	33500180	35048969	1014	14	-0.0000188211	0.000000370876
5	35048970	36433953	1008	14	0.0002128346	0.000000352906
5	36433954	38802409	1520	14	0.0000688577	0.000000377059
5	38802410	40287728	1139	14	0.0002878185	0.000000356449
5	40287729	41888709	1256	14	-0.0000027539	0.000000297638
5	41888710	43983498	916	14	0.0001775996	0.000000253019
5	43983499	50163397	973	14	0.0000258375	0.000000239206
5	50163398	52134621	1353	14	0.0003378529	0.000000395136
5	52134622	53703043	1310	14	0.0005092773	0.000000408115
5	53703044	55417348	1143	14	0.0000869909	0.000000378338
5	55417349	56621101	984	14	0.0001537680	0.000000383047
5	56621102	57340072	589	14	0.0000970622	0.000000190761
5	57340073	58524621	1160	14	-0.0000387047	0.000000369474
5	58524622	60935906	1440	14	0.0002044674	0.000000386622
5	60935907	61672994	531	14	0.0000432587	0.000000169824
5	61672995	63218986	1051	14	-0.0000007387	0.000000295266
5	63218987	63968303	357	14	0.0000269233	0.000000113431
5	63968304	65911285	1237	14	0.0002063456	0.000000386754
5	65911286	67850859	1496	14	0.0006669184	0.000000419231
5	67850860	71240455	873	14	0.0000352300	0.000000332622
5	71240456	73759325	1819	14	0.0004463275	0.000000403676
5	73759326	75798865	1299	14	0.0000422032	0.000000375180
5	75798866	77623331	1319	14	0.0000726904	0.000000377329
5	77623332	79393143	1167	14	0.0002716523	0.000000391359
5	79393144	80481470	860	14	-0.0000649798	0.000000364952
5	80481471	82025647	895	14	0.0001351356	0.000000380842
5	82025648	83972688	1042	14	0.0001926742	0.000000384899
5	83972689	85767289	1399	14	-0.0001133693	0.000000363319
5	85767290	87389990	641	14	-0.0000212573	0.000000222488
5	87389991	88891529	588	14	-0.0000918776	0.000000184374
5	88891530	90422653	863	14	0.0000432258	0.000000304229
5	90422654	91840541	650	14	0.0000419447	0.000000215208
5	91840542	93809983	789	14	0.0001643259	0.000000297684
5	93809984	95963518	1316	14	0.0000905885	0.000000378592
5	95963519	97315600	935	14	0.0002485559	0.000000279745
5	97315601	99260991	1144	14	0.0002683588	0.000000376939
5	99260992	101578768	1317	14	0.0002638784	0.000000390811
5	101578769	103320004	1070	14	0.0002057890	0.000000373412
5	103320005	104851482	1041	14	0.0001838496	0.000000325105
5	104851483	105893054	402	14	-0.0000371734	0.000000171643
5	105893055	107264195	1166	14	-0.0000155941	0.000000371104
5	107264196	108633933	901	14	0.0000396115	0.000000318366
5	108633934	110821143	1488	14	-0.0000302715	0.000000370069
5	110821144	111981561	868	14	0.0004859969	0.000000396695
5	111981562	113396284	1177	14	0.0003347461	0.000000395808
5	113396285	114830369	1103	14	-0.0000169706	0.000000371007
5	114830370	115831046	894	14	0.0000815795	0.000000348011
5	115831047	117346212	1337	14	0.0002108896	0.000000387075
5	117346213	118608819	810	14	0.0000064036	0.000000359361
5	118608820	119669041	713	14	-0.0000479084	0.000000279466
5	119669042	120452165	570	14	0.0000303309	0.000000202828
5	120452166	122556904	1418	14	-0.0000103254	0.000000371476
5	122556905	123798099	999	14	0.0002451421	0.000000389490
5	123798100	125785648	1851	14	0.0003323619	0.000000395640
5	125785649	127344603	824	14	0.0000237682	0.000000329233
5	127344604	129519024	1548	14	0.0002399613	0.000000389125
5	129519025	132139648	1134	14	0.0001737395	0.000000314242
5	132139649	134777400	1537	14	0.0001407228	0.000000382127
5	134777401	136376049	1215	14	0.0003004160	0.000000393388
5	136376050	139265071	1228	14	0.0002328499	0.000000388623
5	139265072	140645970	590	14	0.0003678571	0.000000210423
5	140645971	142981247	1540	14	0.0001397475	0.000000382058
5	142981248	144943353	1435	14	0.0001890413	0.000000385534
5	144943354	147181997	1509	14	0.0002913351	0.000000392747
5	147181998	148662623	1172	14	0.0000353288	0.000000374695
5	148662624	150561297	1456	14	-0.0001243022	0.000000363438
5	150561298	152867773	1816	14	-0.0001308529	0.000000362086
5	152867774	153773087	950	14	0.0001440725	0.000000267548
5	153773088	155373504	1188	14	0.0004187632	0.000000401733
5	155373505	156628699	782	14	0.0001474663	0.000000281641
5	156628700	158825697	1766	14	0.0000733419	0.000000377375
5	158825698	159973943	723	14	0.0002483809	0.000000366742
5	159973944	161482132	1100	14	0.0001131125	0.000000351973
5	161482133	162743907	877	14	0.0001672285	0.000000316314
5	162743908	163771581	850	14	0.0002381455	0.000000340878
5	163771582	165642394	1209	14	-0.0000744766	0.000000366952
5	165642395	166847739	881	14	0.0000576173	0.000000376267
5	166847740	168525317	1306	14	-0.0000238221	0.000000370524
5	168525318	169505663	878	14	0.0000371986	0.000000374827
5	169505664	171074291	1223	14	0.0002401066	0.000000389135
5	171074292	172678326	1136	14	0.0000652059	0.000000376802
5	172678327	173642870	944	14	0.0000679711	0.000000376997
5	173642871	175450594	1517	14	-0.0000447388	0.000000369049
5	175450595	177251506	529	14	-0.0000083014	0.000000242392
5	177251507	178413463	793	14	0.0000057173	0.000000372607
5	178413464	179401243	622	14	0.0000589029	0.000000346414
5	179401244	180559932	592	14	-0.0001217295	0.000000288442
5	180559933	180885155	83	12	0.0000199203	0.000000046348
6	73924	1452361	1303	14	-0.0000207086	0.000000370743
6	1452362	2458935	818	14	0.0001068178	0.000000379736
6	2458936	3573592	1034	14	0.0000719179	0.000000377275
6	3573593	4617816	1097	14	0.0000243935	0.000000373924
6	4617817	5791471	1120	14	-0.0000565930	0.000000368213
6	5791472	6785206	1075	14	0.0000382869	0.000000374903
6	6785207	7808935	935	14	0.0004428367	0.000000403430
6	7808936	9020025	1212	14	-0.0000674897	0.000000367445
6	9020026	10540316	1322	14	0.0001299404	0.000000381366
6	10540317	11790815	1028	14	0.0000039270	0.000000372481
6	11790816	13209387	1221	14	-0.0000243477	0.000000370487
6	13209388	14802923	1310	14	0.0002486458	0.000000389737
6	14802924	17386404	1907	14	-0.0000511372	0.000000368598
6	17386405	19207486	1442	14	0.0001422127	0.000000382232
6	19207487	21684064	2132	14	0.0003022775	0.000000393519
6	21684065	22748306	1084	14	0.0001220464	0.000000380810
6	22748307	23936618	1160	14	0.0000787249	0.000000377755
6	23936619	24852274	746	14	0.0002422805	0.000000387506
6	24852275	25684586	927	14	0.0000760685	0.000000345014
6	25684587	26791232	878	14	0.0000275473	0.000000226688
6	26791233	28017818	547	14	-0.0000360069	0.000000145979
6	28017819	28917607	578	14	-0.0000055222	0.000000113960
6	28917608	29737970	883	14	0.0000678955	0.000000201626
6	29737971	30798167	1777	14	-0.0000366853	0.000000320688
6	30798168	31571217	1598	14	0.0000724859	0.000000346500
6	31571218	32682663	1159	14	0.0000238422	0.000000330959
6	32682664	33236496	1180	14	0.0002122147	0.000000333916
6	33236497	35455755	1317	14	0.0005758545	0.000000412810
6	35455756	37572595	1423	14	-0.0000117816	0.000000371373
6	37572596	39295676	1528	14	-0.0000760927	0.000000366838
6	39295677	40345114	816	14	0.0000058364	0.000000299921
6	40345115	42038720	1331	14	0.0000880711	0.000000378414
6	42038721	43756168	730	14	-0.0000138710	0.000000346522
6	43756169	45406562	1176	14	-0.0000206733	0.000000370746
6	45406563	47311897	1509	14	0.0000120889	0.000000373056
6	47311898	48391124	899	14	0.0001346839	0.000000232615
6	48391125	50386144	1449	14	0.0001382316	0.000000301683
6	50386145	52210475	1375	14	0.0001330919	0.000000381589
6	52210476	53279101	821	14	0.0000575874	0.000000320482
6	53279102	55468269	2038	14	0.0003340518	0.000000395759
6	55468270	56105312	646	14	0.0000220606	0.000000125698
6	56105313	57599464	785	14	-0.0000751945	0.000000259484
6	57599465	61880511	379	14	0.0003568096	0.000000103626
6	61880512	63552887	1065	14	0.0000581543	0.000000196373
6	63552888	65765741	1233	14	0.0001070808	0.000000322258
6	65765742	67329214	1618	14	0.0000412806	0.000000375115
6	67329215	68849482	1358	14	0.0001366649	0.000000357124
6	68849483	69523447	585	14	0.0001202120	0.000000160500
6	69523448	71609509	1715	14	-0.0000605986	0.000000367931
6	71609510	73450096	1511	14	0.0000777597	0.000000377687
6	73450097	75462002	1246	14	-0.0000907953	0.000000365801
6	75462003	77414880	1037	14	0.0002039170	0.000000307968
6	77414881	78957727	1360	14	0.0001909235	0.000000279779
6	78957728	80691169	1330	14	0.0001702163	0.000000384206
6	80691170	81929221	1066	14	0.0000913442	0.000000188856
6	81929222	83127148	849	14	-0.0000521093	0.000000266002
6	83127149	85209988	1196	14	0.0001498911	0.000000380992
6	85209989	87069499	1398	14	0.0002021701	0.000000344369
6	87069500	88822139	1208	14	0.0003462214	0.000000387729
6	88822140	89973051	890	14	0.0001638041	0.000000360785
6	89973052	91843195	1489	14	0.0005125687	0.000000408347
6	91843196	93428643	1278	14	0.0000078180	0.000000372755
6	93428644	94118141	703	14	0.0001436081	0.000000225426
6	94118142	94441174	208	11	0.0005222131	0.000000082393
6	94441175	97093510	1937	14	0.0001712198	0.000000384277
6	97093511	97842283	556	14	0.0001066740	0.000000148693
6	97842284	100630145	1833	14	-0.0000386897	0.000000369475
6	100630146	102636771	1313	14	0.0003214683	0.000000394872
6	102636772	103983394	928	14	0.0002144990	0.000000244495
6	103983395	106056732	1391	14	0.0000989789	0.000000379183
6	106056733	107450305	1204	14	-0.0000177477	0.000000370952
6	107450306	108464379	617	14	0.0001423889	0.000000256951
6	108464380	110304246	1071	14	0.0000608813	0.000000352661
6	110304247	112345013	1200	14	0.0001659146	0.000000383903
6	112345014	114220832	1398	14	0.0000365590	0.000000374782
6	114220833	116131395	1151	14	0.0000242185	0.000000314731
6	116131396	117672971	1046	14	0.0001879942	0.000000319463
6	117672972	118963114	849	14	0.0001549798	0.000000245867
6	118963115	119963277	754	14	-0.0000921122	0.000000202737
6	119963278	120512127	503	14	0.0002374405	0.000000130853
6	120512128	121905675	1071	14	0.0002184315	0.000000250310
6	121905676	123856180	1451	14	0.0001150950	0.000000380320
6	123856181	125424382	1268	14	0.0000220783	0.000000373761
6	125424383	127540460	1026	14	0.0001432813	0.000000361092
6	127540461	129861030	1518	14	0.0000372641	0.000000374831
6	129861031	130935453	1041	14	0.0003222890	0.000000394930
6	130935454	132765668	1374	14	0.0001282813	0.000000381249
6	132765669	134244242	1256	14	0.0004257684	0.000000402227
6	134244243	136224176	1235	14	0.0002802067	0.000000391962
6	136224177	137614217	651	14	-0.0000161763	0.000000275089
6	137614218	138822628	936	14	0.0001517566	0.000000382905
6	138822629	139845435	699	14	0.0002842310	0.000000346698
6	139845436	142288478	1372	14	0.0000262070	0.000000374052
6	142288479	145319809	2150	14	0.0002961483	0.000000393087
6	145319810	146665423	903	14	-0.0000516363	0.000000163945
6	146665424	148920351	1851	14	0.0000251341	0.000000373976
6	148920352	150253403	1064	14	0.0001947185	0.000000385934
6	150253404	151912702	1652	14	-0.0000812299	0.000000366476
6	151912703	153094495	1044	14	0.0001109220	0.000000380025
6	153094496	154974119	1785	14	0.0001977462	0.000000386148
6	154974120	156763325	1379	14	-0.0000550234	0.000000368324
6	156763326	158218718	635	14	0.0002634559	0.000000331552
6	158218719	160580496	2071	14	0.0000298868	0.000000374311
6	160580497	162169563	1398	14	0.0001248833	0.000000381010
6	162169564	162931202	713	14	0.0000225033	0.000000332588
6	162931203	164383520	1408	14	0.0000588766	0.000000376355
6	164383521	165586863	1295	14	0.0000170052	0.000000373403
6	165586864	167024732	1558	14	0.0001361177	0.000000381802
6	167024733	168042834	878	14	0.0002357574	0.000000380829
6	168042835	169382049	1241	14	0.0001736027	0.000000384445
6	169382050	170330172	834	14	-0.0000769989	0.000000261804
6	170330173	171051269	489	14	-0.0000098538	0.000000196194
7	16161	972751	162	14	0.0003444501	0.000000111502
7	972752	1353066	145	14	0.0001781742	0.000000092569
7	1353067	2062397	249	14	0.0000186001	0.000000143279
7	2062398	2772226	360	14	0.0000294471	0.000000213559
7	2772227	4573427	1742	14	0.0000564748	0.000000376186
7	4573428	5416231	323	14	0.0002552183	0.000000225475
7	5416232	5854525	157	14	0.0002771494	0.000000102789
7	5854526	6573856	238	14	0.0002455034	0.000000148335
7	6573857	7808751	870	14	0.0001480877	0.000000382646
7	7808752	9123422	1555	14	0.0000461592	0.000000375459
7	9123423	9987498	856	14	0.0000763792	0.000000377590
7	9987499	11299197	1172	14	-0.0000639319	0.000000367695
7	11299198	12635460	1632	14	0.0000856519	0.000000378243
7	12635461	13884201	1353	14	0.0004697749	0.000000405330
7	13884202	15143656	1259	14	0.0008352202	0.000000431099
7	15143657	16902068	1598	14	0.0003108495	0.000000394123
7	16902069	19481546	2035	14	0.0001041002	0.000000379544
7	19481547	20124907	579	14	0.0001103713	0.000000237207
7	20124908	22507628	2345	14	0.0000699497	0.000000377136
7	22507629	23471441	577	14	0.0002443332	0.000000292546
7	23471442	25077258	1327	14	0.0001566753	0.000000383252
7	25077259	25909554	927	14	0.0003894661	0.000000399667
7	25909555	28360308	1946	14	0.0001360621	0.000000381798
7	28360309	31137288	2120	14	0.0001053812	0.000000379635
7	31137289	33555767	2081	14	0.0001840269	0.000000385180
7	33555768	36213537	2055	14	0.0000443790	0.000000375333
7	36213538	37555183	1159	14	0.0001425598	0.000000382256
7	37555184	38966702	1307	14	0.0000013148	0.000000372296
7	38966703	39862669	624	14	0.0000124502	0.000000218589
7	39862670	42001810	1308	14	-0.0000375862	0.000000369553
7	42001811	43159073	873	14	0.0001252350	0.000000340681
7	43159074	44763827	958	14	0.0002178106	0.000000365465
7	44763828	45952921	698	14	-0.0000476716	0.000000294483
7	45952922	46986719	1029	14	-0.0000402640	0.000000309348
7	46986720	49212277	1832	14	0.0002225358	0.000000387896
7	49212278	51675321	1932	14	0.0001632500	0.000000383715
7	51675322	53176311	1589	14	-0.0000113207	0.000000371405
7	53176312	54222975	908	14	0.0002949625	0.000000282999
7	54222976	55691583	1142	14	0.0002200162	0.000000387718
7	55691584	57382637	610	14	0.0000315915	0.000000198326
7	57382638	63307358	427	14	0.0003432391	0.000000178233
7	63307359	63641124	152	10	0.0000534661	0.000000046126
7	63641125	65689808	747	14	0.0002177344	0.000000218999
7	65689809	68234073	1567	14	0.0002092595	0.000000386960
7	68234074	69085363	515	14	0.0003133460	0.000000224143
7	69085364	71874884	1591	14	-0.0001010416	0.000000365079
7	71874885	73334601	237	14	0.0000382891	0.000000102490
7	73334602	76458563	582	14	0.0002108916	0.000000315169
7	76458564	78093858	1177	14	0.0001422398	0.000000382234
7	78093859	79888068	1452	14	0.0002226516	0.000000387904
7	79888069	82022685	1544	14	0.0002852452	0.000000392318
7	82022686	83801202	1447	14	-0.0000753979	0.000000366887
7	83801203	85572181	1061	14	-0.0001039916	0.000000258279
7	85572182	87825003	1213	14	0.0000118319	0.000000337889
7	87825004	90661783	2576	14	0.0000860140	0.000000378269
7	90661784	92493751	734	14	0.0002310016	0.000000289144
7	92493752	93966600	782	14	0.0002337897	0.000000343149
7	93966601	96073507	1327	14	0.0002958435	0.000000393065
7	96073508	97099569	619	14	0.0002012774	0.000000248316
7	97099570	98715473	815	14	0.0000815906	0.000000330723
7	98715474	100196650	384	14	0.0002581796	0.000000146374
7	100196651	101199252	406	14	0.0002439492	0.000000220831
7	101199253	103197509	710	14	0.0000147489	0.000000312367
7	103197510	104159524	958	14	0.0002729634	0.000000382566
7	104159525	105682904	850	14	-0.0000968110	0.000000365377
7	105682905	107780177	1417	14	0.0000507540	0.000000375783
7	107780178	109647593	1255	14	0.0000725863	0.000000376431
7	109647594	112618683	1633	14	0.0002093845	0.000000386968
7	112618684	113712386	549	14	0.0000406757	0.000000175584
7	113712387	116780177	1536	14	0.0002214261	0.000000387818
7	116780178	118351580	902	14	0.0001094499	0.000000222259
7	118351581	121045272	1114	14	0.0005866971	0.000000326507
7	121045273	121933629	451	14	0.0001760890	0.000000163665
7	121933630	124156804	1616	14	0.0001638863	0.000000383760
7	124156805	124167551	9	2	0.0002713123	0.000000022306
7	124167552	126519169	1826	14	0.0004164112	0.000000401567
7	126519170	126869220	377	14	0.0001302863	0.000000102735
7	126869221	128778385	1087	14	0.0002543479	0.000000384800
7	128778386	130422413	744	14	-0.0000328663	0.000000320100
7	130422414	132805847	1713	14	-0.0000392918	0.000000369433
7	132805848	134307595	1034	14	0.0002967443	0.000000324572
7	134307596	135591082	977	14	0.0001358100	0.000000379109
7	135591083	136876561	953	14	0.0004524358	0.000000354236
7	136876562	138744678	1120	14	0.0000388783	0.000000374945
7	138744679	139933176	507	14	0.0002038123	0.000000235102
7	139933177	140235209	173	14	0.0000207760	0.000000085669
7	140235210	141226556	525	14	0.0001162724	0.000000197395
7	141226557	142656309	919	14	-0.0000295256	0.000000273330
7	142656310	144968288	1149	14	-0.0000087018	0.000000371590
7	144968289	146427959	1054	14	0.0001050059	0.000000311941
7	146427960	147815317	1432	14	0.0002800254	0.000000391950
7	147815318	149840657	1081	14	0.0000668296	0.000000376916
7	149840658	150711504	555	14	0.0001849439	0.000000220562
7	150711505	152249805	733	14	0.0000386707	0.000000374931
7	152249806	153674018	976	14	0.0000754321	0.000000377523
7	153674019	154964729	977	14	0.0000616127	0.000000376548
7	154964730	156065249	894	14	0.0001933962	0.000000385841
7	156065250	157634596	942	14	0.0000468285	0.000000374615
7	157634597	159128574	843	14	0.0000871407	0.000000378348
8	10422	1044216	704	14	0.0001113738	0.000000380057
8	1044217	1163244	128	14	0.0001895801	0.000000079444
8	1163245	2042941	740	14	0.0000377674	0.000000374867
8	2042942	2573278	601	14	0.0000367377	0.000000354463
8	2573279	3392925	1115	14	0.0002394830	0.000000389091
8	3392926	3783016	871	14	0.0000632429	0.000000376663
8	3783017	4480475	1291	14	-0.0000302227	0.000000370073
8	4480476	5146926	970	14	0.0001160603	0.000000380388
8	5146927	6142796	1751	14	0.0000724972	0.000000377316
8	6142797	7153078	937	14	-0.0000415570	0.000000369273
8	7153079	9154693	1144	14	0.0001199967	0.000000380665
8	9154694	9640786	464	14	0.0000550952	0.000000227830
8	9640787	10463196	930	14	0.0000283688	0.000000374204
8	10463197	11278997	740	14	0.0002584304	0.000000390427
8	11278998	13491774	1498	14	0.0000783437	0.000000377728
8	13491775	13944991	694	14	0.0002570389	0.000000297563
8	13944992	15991659	2248	14	0.0001420770	0.000000382222
8	15991660	17387875	1165	14	0.0000868881	0.000000378331
8	17387876	17836398	535	14	-0.0000215119	0.000000261620
8	17836399	19492839	1770	14	0.0003432981	0.000000396411
8	19492840	20060855	607	14	-0.0000060829	0.000000301606
8	20060856	21661736	1554	14	0.0002717259	0.000000391364
8	21661737	22897056	720	14	0.0001561734	0.000000383216
8	22897057	24674717	1284	14	0.0001253747	0.000000381044
8	24674718	25483453	536	14	0.0000041468	0.000000188807
8	25483454	26682524	1156	14	0.0001978133	0.000000386152
8	26682525	28162391	1519	14	0.0001110219	0.000000380032
8	28162392	29327895	671	14	0.0002041377	0.000000281523
8	29327896	31133728	1077	14	0.0000551366	0.000000376092
8	31133729	31548359	274	14	0.0000697217	0.000000106045
8	31548360	32977217	1045	14	-0.0000144856	0.000000332575
8	32977218	35317231	1451	14	0.0000521481	0.000000325224
8	35317232	37379388	810	14	-0.0000310540	0.000000278995
8	37379389	38938805	553	14	0.0002214659	0.000000255294
8	38938806	40703336	1181	14	0.0001056458	0.000000379653
8	40703337	41721453	742	14	0.0004011237	0.000000365292
8	41721454	42773822	308	14	-0.0000572376	0.000000119477
8	42773823	46841314	106	10	0.0002113277	0.000000053881
8	46841315	50082469	836	14	0.0003010536	0.000000305622
8	50082470	53302929	2258	14	0.0001066473	0.000000379724
8	53302930	54418043	816	14	-0.0000330326	0.000000238266
8	54418044	55945580	1032	14	0.0003041329	0.000000351544
8	55945581	56956382	734	14	0.0000675245	0.000000252508
8	56956383	59068650	1622	14	0.0001541306	0.000000383072
8	59068651	59728099	621	14	-0.0000444506	0.000000197602
8	59728100	62329098	1780	14	0.0000594653	0.000000376397
8	62329099	63349305	758	14	-0.0000819400	0.000000195748
8	63349306	65232871	1289	14	-0.0000831530	0.000000352169
8	65232872	66489089	742	14	0.0001827518	0.000000271881
8	66489090	69863056	1771	14	0.0000804058	0.000000377873
8	69863057	70867978	900	14	0.0002052877	0.000000376026
8	70867979	72289453	990	14	0.0001873719	0.000000327904
8	72289454	73817198	1505	14	0.0001613378	0.000000383580
8	73817199	75445063	1171	14	0.0002973168	0.000000393169
8	75445064	76456541	701	14	0.0006441030	0.000000242652
8	76456542	79132860	1847	14	-0.0000224551	0.000000370620
8	79132861	81956394	1569	14	0.0002118895	0.000000387145
8	81956395	82693738	517	14	-0.0001009640	0.000000158286
8	82693739	84225588	1182	14	0.0000958377	0.000000278019
8	84225589	85955618	969	14	0.0002190684	0.000000264734
8	85955619	87411708	518	14	0.0002779728	0.000000170765
8	87411709	89085480	1110	14	-0.0000276656	0.000000343804
8	89085481	90638161	961	14	0.0001923055	0.000000297988
8	90638162	93554385	1534	14	0.0001019002	0.000000379389
8	93554386	95005526	785	14	0.0003657746	0.000000334499
8	95005527	96534805	1159	14	0.0004335886	0.000000402778
8	96534806	99401580	2087	14	0.0001815152	0.000000385003
8	99401581	101620957	821	14	-0.0000462112	0.000000250169
8	101620958	104123305	1916	14	0.0003924140	0.000000399875
8	104123306	104988751	706	14	0.0001830746	0.000000165610
8	104988752	107410753	1836	14	0.0001839772	0.000000385177
8	107410754	108648176	1107	14	0.0001659647	0.000000321301
8	108648177	109248172	510	14	0.0002354955	0.000000132815
8	109248173	110484313	959	14	0.0003160193	0.000000223561
8	110484314	111850846	740	14	0.0001025239	0.000000188884
8	111850847	113064319	749	14	0.0000098418	0.000000138359
8	113064320	116096494	2155	14	-0.0000670257	0.000000367477
8	116096495	119685456	2567	14	0.0005307484	0.000000409629
8	119685457	121201699	1233	14	0.0001127133	0.000000376592
8	121201700	124861458	2706	14	-0.0000779762	0.000000366705
8	124861459	125683718	591	14	-0.0001043410	0.000000228503
8	125683719	126410916	471	14	0.0002879886	0.000000219301
8	126410917	128659110	1842	14	0.0000547475	0.000000376064
8	128659111	130381138	1475	14	0.0002939054	0.000000392928
8	130381139	131639624	945	14	0.0002319355	0.000000384109
8	131639625	133351143	1622	14	-0.0000110454	0.000000371425
8	133351144	134570000	1393	14	-0.0000104176	0.000000371469
8	134570001	136035604	1580	14	0.0000197472	0.000000373596
8	136035605	137524150	1277	14	0.0001681872	0.000000384063
8	137524151	139254829	1768	14	0.0002106895	0.000000387060
8	139254830	140725642	1437	14	-0.0000149279	0.000000371151
8	140725643	143044913	1524	14	0.0001463228	0.000000382522
8	143044914	144236880	719	14	0.0000361854	0.000000310485
8	144236881	146303866	596	14	0.0000903854	0.000000311758
9	10023	1079706	1035	14	0.0000156172	0.000000373305
9	1079707	1916876	1212	14	0.0000094741	0.000000372872
9	1916877	3190063	1455	14	0.0000924539	0.000000378723
9	3190064	4495327	1377	14	0.0002475221	0.000000389658
9	4495328	4884925	436	14	0.0000924062	0.000000244663
9	4884926	6557588	1060	14	0.0000339491	0.000000374598
9	6557589	7154922	589	14	0.0003237207	0.000000324781
9	7154923	8456298	1833	14	-0.0000870366	0.000000366066
9	8456299	9166402	778	14	0.0000739171	0.000000377416
9	9166403	10879252	2057	14	-0.0000089456	0.000000371573
9	10879253	12276488	1432	14	0.0001796752	0.000000384873
9	12276489	14836362	2567	14	0.0002722909	0.000000391404
9	14836363	16659654	1646	14	0.0001382831	0.000000381955
9	16659655	18661050	2048	14	0.0002380428	0.000000388989
9	18661051	20463533	1605	14	-0.0000418388	0.000000369253
9	20463534	22206558	1448	14	0.0000898110	0.000000378537
9	22206559	24158517	1364	14	-0.0000356710	0.000000368798
9	24158518	25330809	711	14	0.0000196143	0.000000362057
9	25330810	26111756	597	14	0.0003416423	0.000000379459
9	26111757	28224282	1951	14	0.0000688984	0.000000377062
9	28224283	28811583	573	14	0.0001282754	0.000000225132
9	28811584	30387391	1521	14	0.0000907622	0.000000378604
9	30387392	31310382	823	14	0.0002710571	0.000000228904
9	31310383	32019367	644	14	0.0000099558	0.000000149182
9	32019368	33578333	1286	14	0.0000311045	0.000000374397
9	33578334	34642242	574	14	0.0001905560	0.000000159590
9	34642243	36743282	1033	14	-0.0000053067	0.000000371829
9	36743283	38641598	1389	14	0.0002542244	0.000000390130
9	38641599	65472189	194	14	0.0002301886	0.000000113765
9	65472190	72512710	1104	14	-0.0000748460	0.000000366036
9	72512711	72753754	215	14	0.0001443410	0.000000063940
9	72753755	74253039	1222	14	0.0003011338	0.000000392547
9	74253040	76203945	1231	14	0.0000244321	0.000000373926
9	76203946	76973080	521	14	0.0002061701	0.000000147736
9	76973081	78900182	1694	14	0.0001109297	0.000000380026
9	78900183	79471207	498	14	-0.0000312782	0.000000251216
9	79471208	81079054	1143	14	0.0000943071	0.000000378854
9	81079055	82590927	1281	14	-0.0000551107	0.000000368318
9	82590928	84211232	1655	14	-0.0000766491	0.000000366799
9	84211233	85440800	655	14	-0.0001108040	0.000000286698
9	85440801	86938195	1297	14	0.0001832674	0.000000385127
9	86938196	88109332	972	14	0.0003985029	0.000000384346
9	88109333	88590416	204	14	0.0000118499	0.000000072392
9	88590417	90136245	1197	14	0.0001748551	0.000000384534
9	90136246	92528697	1688	14	0.0000379409	0.000000374879
9	92528698	94167202	1235	14	0.0003092905	0.000000394013
9	94167203	96671697	1611	14	0.0000818448	0.000000377975
9	96671698	98922039	1250	14	0.0002564614	0.000000390288
9	98922040	101592858	1585	14	0.0002408842	0.000000389190
9	101592859	104624436	2152	14	-0.0000961051	0.000000365427
9	104624437	105967975	1516	14	0.0003793765	0.000000398955
9	105967976	107581748	1667	14	0.0003425638	0.000000396360
9	107581749	109298753	1254	14	0.0000541885	0.000000376025
9	109298754	110695061	1085	14	-0.0000246021	0.000000370469
9	110695062	112778023	2308	14	0.0001666120	0.000000383952
9	112778024	114831081	1806	14	0.0002508369	0.000000389891
9	114831082	115693144	692	14	0.0001289640	0.000000218194
9	115693145	117019800	1201	14	0.0000240377	0.000000373899
9	117019801	117921959	900	14	0.0000517407	0.000000374961
9	117921960	121321536	3064	14	0.0001135732	0.000000380212
9	121321537	122260296	805	14	0.0000416041	0.000000284922
9	122260297	124871321	1605	14	0.0002633341	0.000000390773
9	124871322	126971886	1230	14	0.0001150929	0.000000380319
9	126971887	129059664	966	14	-0.0000233383	0.000000370558
9	129059665	130055509	622	14	0.0000130278	0.000000260792
9	130055510	132165469	949	14	-0.0000883396	0.000000365974
9	132165470	133223216	614	14	0.0001672249	0.000000322238
9	133223217	134127887	555	14	0.0001927818	0.000000313055
9	134127888	135298841	748	14	0.0001705481	0.000000356018
9	135298842	137041121	1186	14	-0.0000013485	0.000000372109
9	137041122	137589363	384	14	-0.0000739246	0.000000217235
9	137589364	138938977	1149	14	0.0000994492	0.000000379216
9	138938978	139500341	221	14	0.0001068732	0.000000128077
9	139500342	141144795	406	14	0.0002556982	0.000000234045
10	60523	751338	236	14	0.0002309185	0.000000138818
10	751339	1523543	636	14	0.0002444255	0.000000327665
10	1523544	2254499	946	14	0.0000436664	0.000000375283
10	2254500	3352698	1302	14	-0.0000251407	0.000000370431
10	3352699	4572273	1259	14	0.0000794304	0.000000377805
10	4572274	5983761	1413	14	-0.0000462019	0.000000368946
10	5983762	7171483	1253	14	0.0001140028	0.000000380243
10	7171484	8774664	1622	14	-0.0000081756	0.000000371627
10	8774665	10249395	1240	14	0.0001756033	0.000000384586
10	10249396	12586796	1999	14	0.0000449869	0.000000375376
10	12586797	13321599	769	14	0.0001407690	0.000000382130
10	13321600	15026067	1665	14	-0.0000214875	0.000000370688
10	15026068	16551766	1123	14	0.0000624082	0.000000376604
10	16551767	18537266	1539	14	-0.0000783217	0.000000366681
10	18537267	19716877	1285	14	0.0001075231	0.000000379786
10	19716878	22772282	2058	14	0.0000284211	0.000000374208
10	22772283	23175131	278	14	0.0001500100	0.000000119905
10	23175132	25578595	1568	14	0.0000851498	0.000000378208
10	25578596	26888683	1292	14	0.0000748993	0.000000370376
10	26888684	29323235	1955	14	0.0001569651	0.000000383272
10	29323236	29783691	532	14	0.0000416649	0.000000221413
10	29783692	30458837	720	14	0.0000665336	0.000000338277
10	30458838	31907518	1044	14	0.0001194529	0.000000379736
10	31907519	33707967	1335	14	0.0004692945	0.000000405296
10	33707968	35109354	1048	14	0.0001291029	0.000000381307
10	35109355	36572507	922	14	-0.0000647019	0.000000315295
10	36572508	37790028	757	14	0.0002703223	0.000000276398
10	37790029	42372578	584	14	0.0000796519	0.000000090427
10	42372579	43894770	688	14	0.0000563799	0.000000250123
10	43894771	44730074	697	14	0.0001199900	0.000000230020
10	44730075	48760449	1469	14	0.0000075952	0.000000372739
10	48760450	50840914	1311	14	0.0002652473	0.000000390908
10	50840915	53616628	1487	14	0.0004528709	0.000000404138
10	53616629	55103571	1506	14	0.0002327901	0.000000388619
10	55103572	57031139	1987	14	0.0000200043	0.000000373614
10	57031140	57662145	516	14	0.0001015817	0.000000106886
10	57662146	58959527	1252	14	-0.0000565016	0.000000202140
10	58959528	60289986	1131	14	-0.0001024603	0.000000248648
10	60289987	61891408	1158	14	0.0000135971	0.000000373162
10	61891409	62659678	666	14	-0.0000184350	0.000000212538
10	62659679	63341694	330	14	0.0001950930	0.000000125818
10	63341695	65794113	1797	14	0.0001110439	0.000000380034
10	65794114	67549614	1261	14	0.0000867064	0.000000345763
10	67549615	69900147	2033	14	0.0004837899	0.000000406318
10	69900148	70195990	202	14	0.0001123955	0.000000072128
10	70195991	72220849	1551	14	0.0000266562	0.000000374083
10	72220850	73508511	1375	14	0.0001065915	0.000000379720
10	73508512	75422549	723	14	0.0001277860	0.000000221211
10	75422550	78706813	1624	14	0.0000519433	0.000000375866
10	78706814	80876748	1923	14	0.0000029202	0.000000372410
10	80876749	82414678	1005	14	0.0003164249	0.000000394516
10	82414679	84383744	1591	14	0.0000863454	0.000000378292
10	84383745	85458702	1154	14	0.0000513641	0.000000282302
10	85458703	87937576	2218	14	0.0004057063	0.000000400812
10	87937577	89127063	490	14	0.0001967756	0.000000209867
10	89127064	91013380	1420	14	0.0001048284	0.000000379596
10	91013381	92006580	849	14	-0.0001347950	0.000000288362
10	92006581	93335046	1009	14	0.0001801083	0.000000344543
10	93335047	95396367	1193	14	0.0002826910	0.000000392138
10	95396368	96221242	535	14	0.0002343758	0.000000207922
10	96221243	97822356	1054	14	0.0003257517	0.000000340192
10	97822357	100241301	1547	14	0.0003029701	0.000000393568
10	100241302	100668399	343	14	0.0000588509	0.000000095059
10	100668400	102949238	1313	14	-0.0000526680	0.000000368490
10	102949239	104380409	510	14	0.0001349204	0.000000164445
10	104380410	106695047	1396	14	0.0001741383	0.000000384483
10	106695048	108726685	1619	14	0.0000595057	0.000000376400
10	108726686	110317704	1475	14	0.0000538038	0.000000375998
10	110317705	112561492	1632	14	0.0001316837	0.000000381489
10	112561493	115328431	1996	14	0.0008216047	0.000000430139
10	115328432	116421405	930	14	0.0000810381	0.000000377918
10	116421406	119523933	2051	14	0.0001917755	0.000000385727
10	119523934	120591352	773	14	0.0000541155	0.000000360961
10	120591353	122407322	1275	14	0.0001448512	0.000000382418
10	122407323	123231464	749	14	0.0003151323	0.000000352318
10	123231465	123900544	506	14	0.0002278245	0.000000250175
10	123900545	125869345	1500	14	0.0000119689	0.000000373048
10	125869346	128001097	1839	14	0.0001415032	0.000000382182
10	128001098	129154361	965	14	0.0001771918	0.000000384698
10	129154362	130844283	1730	14	0.0001351579	0.000000381734
10	130844284	131741326	839	14	-0.0000477782	0.000000345008
10	131741327	132580244	905	14	0.0000295723	0.000000347835
10	132580245	134336328	1759	14	0.0001498220	0.000000382768
10	134336329	134494672	59	6	-0.0000184112	0.000000021754
10	134494673	135523864	478	14	0.0001119148	0.000000238894
11	70855	1213589	396	14	0.0000309403	0.000000207482
11	1213590	3665480	1520	14	0.0001665578	0.000000383948
11	3665481	4746708	868	14	0.0002010738	0.000000386382
11	4746709	6322868	2161	14	-0.0000188734	0.000000370873
11	6322869	7436700	1029	14	0.0001352149	0.000000381738
11	7436701	8333273	848	14	0.0000242399	0.000000373913
11	8333274	9087316	502	14	0.0003467723	0.000000234973
11	9087317	10952026	1197	14	-0.0000591914	0.000000368030
11	10952027	12564228	2006	14	0.0001087751	0.000000379874
11	12564229	13373123	795	14	0.0000917825	0.000000323739
11	13373124	15742551	1658	14	0.0001954664	0.000000385987
11	15742552	17578401	1132	14	-0.0000403461	0.000000369359
11	17578402	19569534	1502	14	0.0000640326	0.000000376719
11	19569535	21017137	1397	14	0.0001172579	0.000000380472
11	21017138	22374141	1202	14	0.0000497323	0.000000375711
11	22374142	24088516	1513	14	0.0000611735	0.000000376517
11	24088517	26045752	1765	14	0.0003392291	0.000000396124
11	26045753	27020460	827	14	0.0000477069	0.000000268103
11	27020461	28481592	774	14	0.0001786013	0.000000258686
11	28481593	30141356	982	14	-0.0000967624	0.000000295234
11	30141357	32276900	1313	14	-0.0000777891	0.000000366718
11	32276901	33958738	1037	14	-0.0001096250	0.000000364473
11	33958739	35502604	1581	14	0.0002770580	0.000000391740
11	35502605	37116814	1378	14	0.0001035119	0.000000379503
11	37116815	39382002	1493	14	0.0001100056	0.000000336161
11	39382003	42310002	2248	14	0.0002996069	0.000000393330
11	42310003	44693798	1937	14	-0.0000314935	0.000000369983
11	44693799	47006136	1329	14	0.0003009531	0.000000393425
11	47006137	49866049	1081	14	0.0004325877	0.000000257394
11	49866050	54695472	437	10	-0.0000297143	0.000000063588
11	54695473	55082656	34	5	0.0000353429	0.000000013851
11	55082657	58457494	2743	14	0.0002765065	0.000000391702
11	58457495	58780548	181	9	0.0000427939	0.000000043485
11	58780549	62223770	1740	14	0.0001148461	0.000000380302
11	62223771	63804568	470	14	0.0001623731	0.000000190057
11	63804569	65898630	776	14	0.0002793055	0.000000378592
11	65898631	68005824	497	14	0.0004292077	0.000000241513
11	68005825	69516129	870	14	0.0000283916	0.000000374206
11	69516130	70926291	875	14	0.0000639910	0.000000376716
11	70926292	72286016	629	14	0.0001432548	0.000000233215
11	72286017	74412350	1013	14	0.0003627169	0.000000397781
11	74412351	76797208	1312	14	0.0000804719	0.000000377878
11	76797209	78355057	795	14	0.0000222522	0.000000268766
11	78355058	80722372	2096	14	0.0005054935	0.000000407849
11	80722373	81266711	643	14	-0.0000406920	0.000000225844
11	81266712	84381271	2594	14	0.0001822547	0.000000385055
11	84381272	86619300	1531	14	0.0000098052	0.000000372895
11	86619301	87430234	737	14	0.0004023392	0.000000245863
11	87430235	89208935	1183	14	0.0001329743	0.000000381580
11	89208936	90966489	999	14	0.0004357736	0.000000283951
11	90966490	92077143	840	14	0.0002007475	0.000000269093
11	92077144	93276156	811	14	0.0011709052	0.000000365025
11	93276157	94242259	552	14	0.0000166784	0.000000162803
11	94242260	95726040	1152	14	0.0002030176	0.000000386519
11	95726041	97057057	965	14	-0.0000606726	0.000000367925
11	97057058	98705064	1369	14	0.0002515986	0.000000389054
11	98705065	100417168	1790	14	0.0000787052	0.000000377754
11	100417169	101331120	961	14	-0.0000578714	0.000000287910
11	101331121	103959635	2466	14	-0.0000504197	0.000000368648
11	103959636	104873283	666	14	0.0003805204	0.000000166324
11	104873284	106520893	1150	14	0.0000979830	0.000000309761
11	106520894	107844199	1002	14	0.0000503215	0.000000374861
11	107844200	108437036	222	13	0.0003604640	0.000000088011
11	108437037	109866115	730	14	0.0000111599	0.000000281131
11	109866116	111114396	1012	14	0.0001915773	0.000000355756
11	111114397	112459487	706	14	0.0000468785	0.000000247856
11	112459488	114257727	1515	14	0.0003322300	0.000000395631
11	114257728	114830665	506	14	0.0001677609	0.000000157278
11	114830666	116383347	1183	14	0.0003239846	0.000000395049
11	116383348	117747109	1034	14	0.0001058994	0.000000379671
11	117747110	119215475	850	14	0.0000717399	0.000000377262
11	119215476	120766805	1098	14	0.0001282565	0.000000381248
11	120766806	121175942	400	14	0.0000699500	0.000000146855
11	121175943	122591909	932	14	0.0001965950	0.000000386067
11	122591910	123500116	677	14	0.0000024006	0.000000372373
11	123500117	124495527	1014	14	0.0002000096	0.000000277969
11	124495528	126311319	1400	14	0.0005498314	0.000000410975
11	126311320	127316678	1052	14	0.0002528950	0.000000390037
11	127316679	128188536	641	14	-0.0001207306	0.000000232124
11	128188537	130342574	1470	14	-0.0000011957	0.000000372119
11	130342575	131074611	726	14	0.0000813371	0.000000346254
11	131074612	133000045	1996	14	0.0000959909	0.000000378972
11	133000046	134205992	922	14	0.0001427230	0.000000382268
11	134205993	134946451	841	14	0.0002059535	0.000000386726
12	61107	1080330	527	14	0.0001408733	0.000000289410
12	1080331	2544785	848	14	0.0002917204	0.000000392774
12	2544786	3677036	884	14	0.0000613433	0.000000376529
12	3677037	4417678	645	14	0.0000214462	0.000000334240
12	4417679	5321471	879	14	0.0000786940	0.000000377753
12	5321472	6419752	1008	14	0.0000568187	0.000000376210
12	6419753	8377535	847	14	-0.0000443392	0.000000369077
12	8377536	9031394	250	14	0.0001240953	0.000000128573
12	9031395	10481533	1064	14	0.0000804668	0.000000377878
12	10481534	11754845	763	14	0.0000504345	0.000000272377
12	11754846	12733527	742	14	0.0001624471	0.000000383659
12	12733528	15241483	1926	14	-0.0000329377	0.000000369881
12	15241484	16310459	477	14	-0.0000215974	0.000000197667
12	16310460	18087872	1291	14	-0.0000880934	0.000000365992
12	18087873	20863942	2235	14	0.0000629898	0.000000376645
12	20863943	23820633	2156	14	0.0000340057	0.000000374602
12	23820634	25371082	1443	14	0.0001076923	0.000000379798
12	25371083	27799772	2118	14	0.0000953297	0.000000378926
12	27799773	29651254	1536	14	-0.0000310008	0.000000369127
12	29651255	30512405	1178	14	0.0001073025	0.000000372660
12	30512406	32165591	1343	14	0.0001143003	0.000000380264
12	32165592	33076988	838	14	0.0001278821	0.000000322870
12	33076989	37856716	1042	14	0.0001379284	0.000000224251
12	37856717	39227168	464	14	0.0000816515	0.000000103448
12	39227169	40816184	1311	14	0.0001881442	0.000000350300
12	40816185	41658585	824	14	0.0004775571	0.000000246448
12	41658586	43984473	2131	14	0.0001768997	0.000000384678
12	43984474	46024228	1101	14	0.0000464613	0.000000302775
12	46024229	47714792	922	14	0.0003088401	0.000000373632
12	47714793	49001865	1027	14	0.0001217731	0.000000380790
12	49001866	51776493	1025	14	0.0001713603	0.000000384287
12	51776494	53039003	1095	14	0.0001555399	0.000000383172
12	53039004	54778822	1003	14	-0.0000394330	0.000000368533
12	54778823	55665836	588	14	0.0001391127	0.000000219678
12	55665837	57548859	670	14	0.0003009085	0.000000282602
12	57548860	59308665	861	14	0.0000415591	0.000000293225
12	59308666	61123728	1087	14	0.0000182045	0.000000316860
12	61123729	64032460	2343	14	0.0002831798	0.000000392172
12	64032461	65559694	730	14	-0.0000645484	0.000000297498
12	65559695	67181143	1003	14	0.0000488357	0.000000363233
12	67181144	67909728	710	14	0.0000910040	0.000000205535
12	67909729	69826541	1486	14	-0.0000094942	0.000000371534
12	69826542	70957986	1115	14	0.0000241674	0.000000337891
12	70957987	72645074	1181	14	0.0001831718	0.000000385120
12	72645075	73818453	743	14	0.0001187858	0.000000235431
12	73818454	76511313	1765	14	0.0001097205	0.000000379941
12	76511314	78570569	1630	14	-0.0000296097	0.000000370116
12	78570570	80448149	923	14	0.0002759513	0.000000340109
12	80448150	81467766	746	14	-0.0000131219	0.000000197494
12	81467767	83502665	1303	14	-0.0000888657	0.000000365937
12	83502666	84303843	622	14	0.0000554692	0.000000148010
12	84303844	85990425	1048	14	0.0000957623	0.000000231461
12	85990426	89682121	1977	14	0.0001990078	0.000000386237
12	89682122	92066154	1523	14	0.0000920574	0.000000378695
12	92066155	94514566	1788	14	-0.0000374097	0.000000369566
12	94514567	96020784	1165	14	-0.0000931223	0.000000365637
12	96020785	97108838	859	14	0.0001407550	0.000000370594
12	97108839	99305986	1769	14	0.0001164821	0.000000380417
12	99305987	101447640	1381	14	0.0001601479	0.000000383496
12	101447641	101862689	271	14	0.0001421113	0.000000105599
12	101862690	102964985	620	14	0.0009382418	0.000000321599
12	102964986	104848695	1462	14	0.0000154544	0.000000373293
12	104848696	106436212	1469	14	0.0002282088	0.000000388296
12	106436213	106958747	413	14	0.0001703564	0.000000189115
12	106958748	109025900	1377	14	-0.0000339539	0.000000369809
12	109025901	110336718	718	14	0.0000169658	0.000000299024
12	110336719	113263517	696	14	0.0001545119	0.000000272337
12	113263518	113986708	384	14	0.0003295078	0.000000177276
12	113986709	115036601	1059	14	-0.0000009020	0.000000372140
12	115036602	115503215	381	14	0.0001439348	0.000000173151
12	115503216	117087470	1280	14	0.0000812975	0.000000377936
12	117087471	118135374	803	14	0.0000772477	0.000000377651
12	118135375	119754109	1245	14	-0.0000058288	0.000000371793
12	119754110	122007650	1139	14	0.0000288125	0.000000374235
12	122007651	124977979	1120	14	0.0002710942	0.000000391320
12	124977980	126445504	1138	14	0.0000241419	0.000000373906
12	126445505	127875097	1345	14	0.0002422075	0.000000389283
12	127875098	129237296	1372	14	-0.0000442058	0.000000369086
12	129237297	130377920	1237	14	0.0001349863	0.000000381722
12	130377921	131786750	1394	14	0.0001532330	0.000000383009
12	131786751	132807033	636	14	0.0001479955	0.000000289084
12	132807034	133841510	322	14	0.0003011440	0.000000157924
13	19020013	20686719	722	14	0.0003353667	0.000000288277
13	20686720	22242173	1098	14	0.0003539553	0.000000397163
13	22242174	23594701	1251	14	0.0000168016	0.000000373388
13	23594702	24531936	985	14	0.0000283212	0.000000374201
13	24531937	25784361	1178	14	0.0000648882	0.000000376779
13	25784362	27284361	1115	14	-0.0000030627	0.000000371097
13	27284362	29257550	1572	14	-0.0000956568	0.000000365458
13	29257551	30483266	1023	14	0.0000832814	0.000000378076
13	30483267	32301814	1478	14	0.0001198127	0.000000380652
13	32301815	33776902	1174	14	0.0001017321	0.000000379377
13	33776903	35026463	986	14	0.0002850574	0.000000356255
13	35026464	36046366	474	14	0.0000865266	0.000000193046
13	36046367	37498184	1259	14	0.0000777647	0.000000377687
13	37498185	38878162	1384	14	0.0001785443	0.000000383012
13	38878163	41069262	1802	14	0.0003863165	0.000000399445
13	41069263	43101026	1269	14	0.0000484281	0.000000375619
13	43101027	44901408	1601	14	-0.0000168918	0.000000371013
13	44901409	46495213	967	14	-0.0000207618	0.000000370740
13	46495214	47431078	695	14	0.0000292752	0.000000258691
13	47431079	49383961	1376	14	0.0001296624	0.000000381347
13	49383962	51591090	1407	14	-0.0000171475	0.000000370995
13	51591091	53339621	690	14	0.0001525729	0.000000346063
13	53339622	54682863	1154	14	0.0000622749	0.000000376595
13	54682864	55817130	851	14	0.0002016512	0.000000238086
13	55817131	57554216	933	14	0.0001980344	0.000000188056
13	57554217	58410625	549	14	0.0001303686	0.000000127605
13	58410626	59302270	675	14	0.0003482618	0.000000167682
13	59302271	60854777	1290	14	0.0001411690	0.000000382158
13	60854778	61591948	673	14	0.0000117273	0.000000208452
13	61591949	63971558	1874	14	0.0000508165	0.000000375787
13	63971559	65200601	1067	14	0.0001027732	0.000000201012
13	65200602	67844452	1676	14	0.0000132106	0.000000373135
13	67844453	70724515	2581	14	0.0004044209	0.000000400721
13	70724516	71526790	713	14	0.0001076451	0.000000308756
13	71526791	73934088	1749	14	0.0000968494	0.000000379033
13	73934089	75670142	1455	14	0.0002362430	0.000000388862
13	75670143	77410554	1635	14	-0.0000255551	0.000000370402
13	77410555	78808812	981	14	0.0001563092	0.000000306298
13	78808813	80585675	1222	14	0.0004862771	0.000000406494
13	80585676	82581813	1538	14	0.0001206688	0.000000380713
13	82581814	84133143	1108	14	0.0001428170	0.000000257784
13	84133144	85610915	1070	14	0.0001668488	0.000000317132
13	85610916	88559881	2130	14	0.0002187368	0.000000387628
13	88559882	90521310	1318	14	-0.0000163615	0.000000322974
13	90521311	93129690	2059	14	0.0001769791	0.000000384683
13	93129691	93586454	286	14	0.0000698844	0.000000109495
13	93586455	96087557	2128	14	0.0001223859	0.000000380834
13	96087558	97519209	753	14	0.0005090996	0.000000289898
13	97519210	98938918	825	14	0.0001002249	0.000000379271
13	98938919	100574094	1484	14	-0.0000592174	0.000000368028
13	100574095	102300522	1492	14	-0.0000813318	0.000000366469
13	102300523	104066709	1819	14	0.0002900978	0.000000392660
13	104066710	104844113	738	14	0.0000416966	0.000000280798
13	104844114	106247553	1429	14	-0.0000382826	0.000000369504
13	106247554	106749999	598	14	-0.0000045909	0.000000229948
13	106750000	108189876	1238	14	0.0003311793	0.000000395557
13	108189877	109121209	927	14	0.0001582916	0.000000383366
13	109121210	109815111	741	14	0.0001687429	0.000000284775
13	109815112	111232072	1320	14	0.0000079477	0.000000372764
13	111232073	112247591	823	14	0.0002589718	0.000000389574
13	112247592	113572487	929	14	0.0001404524	0.000000382108
13	113572488	115109852	675	14	0.0000275787	0.000000332084
14	19002084	21589401	1042	14	-0.0000006101	0.000000372161
14	21589402	23018664	1438	14	0.0000158402	0.000000373321
14	23018665	24905122	1177	14	0.0000785963	0.000000377746
14	24905123	26135685	1245	14	-0.0000312557	0.000000370000
14	26135686	28466532	1616	14	0.0001467463	0.000000382551
14	28466533	29972144	884	14	0.0001069520	0.000000318001
14	29972145	32383264	1198	14	0.0000222037	0.000000373769
14	32383265	34846250	2172	14	0.0000869162	0.000000378333
14	34846251	35859592	465	14	0.0000227058	0.000000189346
14	35859593	38667724	1621	14	-0.0000478222	0.000000368831
14	38667725	40341989	1143	14	0.0001304257	0.000000381401
14	40341990	41615501	1081	14	-0.0000840390	0.000000216527
14	41615502	43137388	954	14	0.0000228796	0.000000268810
14	43137389	44543226	938	14	-0.0000251214	0.000000318078
14	44543227	46081895	782	14	0.0002028038	0.000000262790
14	46081896	46749129	514	14	0.0002038729	0.000000110571
14	46749130	48573585	1527	14	0.0000359933	0.000000374742
14	48573586	49005470	289	14	0.0001527116	0.000000088799
14	49005471	50507759	971	14	-0.0000852444	0.000000366193
14	50507760	51493571	690	14	0.0003586111	0.000000323865
14	51493572	53474382	1599	14	0.0000270467	0.000000374111
14	53474383	53997830	398	14	0.0001101813	0.000000122703
14	53997831	55233680	784	14	0.0000779245	0.000000377699
14	55233681	56216879	564	14	0.0001771121	0.000000194091
14	56216880	57481261	1294	14	-0.0000191914	0.000000370850
14	57481262	59448335	1446	14	0.0001434473	0.000000382319
14	59448336	61680423	1390	14	0.0000692189	0.000000377085
14	61680424	63790014	1621	14	0.0002585571	0.000000390436
14	63790015	65220297	651	14	0.0001122276	0.000000258051
14	65220298	66399554	757	14	0.0003798555	0.000000336337
14	66399555	67992316	697	14	0.0000164067	0.000000195740
14	67992317	71131956	2215	14	0.0001494935	0.000000382745
14	71131957	72889614	1420	14	0.0001521766	0.000000382934
14	72889615	76444766	2053	14	-0.0000267009	0.000000370321
14	76444767	77229471	618	14	-0.0000174653	0.000000296605
14	77229472	78561944	1093	14	0.0000910545	0.000000378624
14	78561945	80186578	1211	14	0.0001733195	0.000000383534
14	80186579	81579713	1150	14	0.0000621208	0.000000376584
14	81579714	83138096	1037	14	0.0001818838	0.000000365566
14	83138097	84241632	933	14	-0.0000065301	0.000000313419
14	84241633	85746318	1140	14	0.0001910315	0.000000385674
14	85746319	86647001	634	14	0.0000906096	0.000000244537
14	86647002	87635340	715	14	-0.0000385925	0.000000257173
14	87635341	89497642	1311	14	0.0000639562	0.000000376714
14	89497643	91296859	1297	14	-0.0000624644	0.000000367799
14	91296860	93132298	1272	14	-0.0000653016	0.000000367599
14	93132299	94325284	752	14	0.0002690651	0.000000337914
14	94325285	95750866	1536	14	0.0000135557	0.000000373160
14	95750867	96262414	674	14	0.0000894550	0.000000305796
14	96262415	98341161	1566	14	0.0000364583	0.000000374775
14	98341162	99138531	853	14	0.0005002367	0.000000307212
14	99138532	101534306	1582	14	0.0000227792	0.000000373810
14	101534307	103012101	737	14	0.0001380964	0.000000381942
14	103012102	105001722	904	14	0.0000551697	0.000000376094
14	105001723	106340357	281	14	0.0000108911	0.000000149247
14	106340358	107289453	279	14	-0.0000230293	0.000000141100
15	20001200	21131603	32	5	0.0000511859	0.000000022259
15	21131604	24195126	562	14	0.0001604241	0.000000305749
15	24195127	25108589	635	14	0.0001808254	0.000000240561
15	25108590	27298111	1658	14	0.0002164237	0.000000387465
15	27298112	29338501	1019	14	0.0001314573	0.000000381473
15	29338502	30165567	585	14	0.0000742737	0.000000257807
15	30165568	31591820	516	14	0.0001477485	0.000000272676
15	31591821	32441810	487	14	0.0000514220	0.000000201239
15	32441811	34015424	1298	14	-0.0001217903	0.000000363616
15	34015425	35083250	724	14	0.0000767067	0.000000334679
15	35083251	37456501	1865	14	0.0000054265	0.000000372586
15	37456502	38530776	724	14	0.0000448399	0.000000311093
15	38530777	40384131	1589	14	0.0002125279	0.000000387190
15	40384132	41177513	399	14	0.0001324804	0.000000171615
15	41177514	42776398	762	14	0.0001655645	0.000000341793
15	42776399	44198048	410	14	0.0001621736	0.000000134741
15	44198049	46618786	954	14	0.0002664613	0.000000365391
15	46618787	48136047	1310	14	0.0002277741	0.000000388265
15	48136048	50008042	931	14	0.0001494657	0.000000310853
15	50008043	51677559	1110	14	0.0001767535	0.000000384667
15	51677560	53069095	771	14	0.0000536161	0.000000275057
15	53069096	54508527	1339	14	0.0002033091	0.000000385649
15	54508528	55136268	573	14	0.0000020370	0.000000247920
15	55136269	56901772	1070	14	-0.0000103064	0.000000371477
15	56901773	58441365	1219	14	0.0001713800	0.000000384289
15	58441366	59694115	909	14	0.0001447828	0.000000382413
15	59694116	61265835	1183	14	0.0004521019	0.000000404084
15	61265836	63215221	1639	14	0.0000197292	0.000000373595
15	63215222	65104667	898	14	0.0002717363	0.000000381594
15	65104668	67094766	1012	14	0.0002078170	0.000000386858
15	67094767	69017998	1275	14	0.0002924065	0.000000392823
15	69017999	70133340	546	14	0.0000097041	0.000000246052
15	70133341	71922648	1213	14	0.0000362281	0.000000374758
15	71922649	73628713	725	14	0.0002622243	0.000000236842
15	73628714	76398623	976	14	0.0001809171	0.000000384961
15	76398624	78516052	1058	14	0.0001670248	0.000000383090
15	78516053	80860977	1856	14	0.0001207869	0.000000380721
15	80860978	84260467	1494	14	0.0005233073	0.000000409105
15	84260468	86652904	1593	14	0.0000527456	0.000000375923
15	86652905	88369942	1462	14	0.0002322900	0.000000388584
15	88369943	90475550	1253	14	0.0002361157	0.000000388853
15	90475551	92164391	1137	14	-0.0000469300	0.000000368894
15	92164392	93780901	1365	14	-0.0000218385	0.000000370664
15	93780902	94924329	1146	14	0.0002741675	0.000000391537
15	94924330	96141595	1084	14	0.0000270757	0.000000374113
15	96141596	98030909	1349	14	0.0000591776	0.000000376377
15	98030910	99244058	1088	14	0.0000480237	0.000000375590
15	99244059	100636846	1021	14	0.0000126265	0.000000372203
15	100636847	101552693	674	14	0.0001523723	0.000000382948
15	101552694	102520965	710	14	0.0001265676	0.000000381129
16	60054	1207205	451	14	0.0001355976	0.000000289866
16	1207206	2764828	590	14	0.0000083449	0.000000311917
16	2764829	4001195	443	14	0.0000320513	0.000000271088
16	4001196	5118344	574	14	0.0001038768	0.000000374193
16	5118345	5891579	699	14	0.0004997867	0.000000407446
16	5891580	6893550	1218	14	0.0001328246	0.000000381570
16	6893551	7529120	898	14	0.0000613125	0.000000376527
16	7529121	8338518	1024	14	0.0002430497	0.000000389342
16	8338519	9799418	1334	14	0.0002795792	0.000000391918
16	9799419	10426031	745	14	0.0001033750	0.000000305934
16	10426032	11520160	770	14	0.0001107096	0.000000380010
16	11520161	12613097	697	14	0.0002714190	0.000000391343
16	12613098	13154436	629	14	0.0003927110	0.000000308740
16	13154437	14464001	1065	14	-0.0000376196	0.000000369551
16	14464002	16154059	426	14	-0.0000488053	0.000000225276
16	16154060	17644748	676	14	0.0000951002	0.000000364730
16	17644749	18643606	347	14	0.0001517935	0.000000162701
16	18643607	20150570	776	14	0.0002944214	0.000000372616
16	20150571	22448903	743	14	-0.0000737157	0.000000294331
16	22448904	24136874	918	14	-0.0000315020	0.000000369982
16	24136875	25986861	1321	14	-0.0000991646	0.000000365211
16	25986862	27445754	1181	14	0.0001004225	0.000000379285
16	27445755	29036612	502	14	0.0001499412	0.000000211187
16	29036613	31382942	430	14	0.0002186426	0.000000229896
16	31382943	46399472	230	14	-0.0000969181	0.000000087638
16	46399473	49007925	597	14	0.0000468640	0.000000200921
16	49007926	52035822	1949	14	0.0000621265	0.000000376585
16	52035823	53382571	873	14	-0.0001196609	0.000000289425
16	53382572	55903773	2139	14	0.0000269536	0.000000374104
16	55903774	57664329	1121	14	0.0001225357	0.000000380844
16	57664330	59045404	855	14	-0.0000498334	0.000000368690
16	59045405	60745693	1099	14	0.0000413701	0.000000375121
16	60745694	62229848	800	14	-0.0000116145	0.000000240564
16	62229849	63691588	986	14	-0.0000074048	0.000000371682
16	63691589	65938565	1706	14	-0.0000135412	0.000000371249
16	65938566	68841362	1152	14	0.0001460045	0.000000382499
16	68841363	71054027	606	14	0.0001069827	0.000000287031
16	71054028	72935149	744	14	0.0000194204	0.000000322066
16	72935150	74971502	1252	14	0.0000520187	0.000000375872
16	74971503	75977953	438	14	0.0002700749	0.000000208137
16	75977954	77523677	1395	14	0.0001402064	0.000000382090
16	77523678	78456291	1134	14	0.0000913816	0.000000378647
16	78456292	79134814	949	14	-0.0001247424	0.000000363407
16	79134815	80297373	1325	14	0.0004641062	0.000000404930
16	80297374	81772535	1386	14	0.0000331298	0.000000374540
16	81772536	82747727	1002	14	0.0000725643	0.000000377321
16	82747728	83477207	1055	14	0.0003123867	0.000000394232
16	83477208	84445882	1274	14	0.0000122358	0.000000373066
16	84445883	85148684	805	14	0.0000095193	0.000000372875
16	85148685	86156598	828	14	0.0000413028	0.000000375116
16	86156599	86815410	878	14	0.0000865162	0.000000378304
16	86815411	87647348	639	14	-0.0000420377	0.000000369239
16	87647349	89041164	619	14	-0.0000041901	0.000000371908
16	89041165	90292811	526	14	-0.0000344494	0.000000302985
17	56	1172398	478	14	0.0001778210	0.000000302794
17	1172399	1928730	400	14	0.0002179272	0.000000229068
17	1928731	3702311	1094	14	0.0000620969	0.000000376582
17	3702312	4696260	574	14	0.0001471481	0.000000314059
17	4696261	5741333	748	14	-0.0000292977	0.000000306728
17	5741334	7317397	1051	14	-0.0000838291	0.000000366292
17	7317398	8306424	433	14	0.0003155643	0.000000272300
17	8306425	9965920	1188	14	0.0000413501	0.000000375119
17	9965921	11102814	881	14	0.0000822731	0.000000378005
17	11102815	12534768	991	14	0.0001014948	0.000000379361
17	12534769	13180371	573	14	0.0000959950	0.000000292056
17	13180372	13894636	711	14	0.0003052837	0.000000383958
17	13894637	15019096	1262	14	0.0000090880	0.000000372844
17	15019097	16412341	573	14	0.0000555529	0.000000269469
17	16412342	18856319	980	14	0.0000817607	0.000000377969
17	18856320	21290356	711	14	0.0001478426	0.000000310739
17	21290357	27334243	1009	14	0.0000448137	0.000000375364
17	27334244	29786490	743	14	0.0003093163	0.000000267845
17	29786491	31538424	958	14	0.0001375592	0.000000381904
17	31538425	32912797	1561	14	-0.0001595783	0.000000360951
17	32912798	34469035	941	14	-0.0000170088	0.000000371004
17	34469036	36809343	810	14	-0.0000221496	0.000000370642
17	36809344	38877403	690	14	0.0000426934	0.000000326271
17	38877404	39899809	602	14	0.0000869527	0.000000191565
17	39899810	41772086	527	14	0.0005276930	0.000000231459
17	41772087	43056904	535	14	0.0000567033	0.000000219348
17	43056905	45876021	1221	14	0.0001557297	0.000000383185
17	45876022	47517399	883	14	0.0001823701	0.000000353367
17	47517400	49898956	1294	14	0.0000915742	0.000000378661
17	49898957	50719054	591	14	-0.0000178641	0.000000174483
17	50719055	51826117	825	14	0.0003688948	0.000000236520
17	51826118	53599431	1205	14	0.0002845871	0.000000392271
17	53599432	55357540	1155	14	-0.0000130753	0.000000371282
17	55357541	57487511	1117	14	-0.0000857637	0.000000366156
17	57487512	59312754	411	14	0.0002995847	0.000000147836
17	59312755	61545588	789	14	0.0000549339	0.000000372518
17	61545589	63148127	508	14	-0.0000053794	0.000000201099
17	63148128	64800429	1326	14	0.0000010369	0.000000372277
17	64800430	67858769	1715	14	-0.0000509320	0.000000368612
17	67858770	69387816	1351	14	0.0000335977	0.000000374573
17	69387817	72672202	2497	14	0.0001336725	0.000000381630
17	72672203	74375559	658	14	0.0002858597	0.000000355445
17	74375560	76263412	1226	14	0.0000186730	0.000000373520
17	76263413	77298635	732	14	0.0003254394	0.000000395152
17	77298636	78837587	974	14	0.0002969380	0.000000393142
17	78837588	80034407	432	14	0.0000623881	0.000000235427
17	80034408	81194907	523	14	0.0000904629	0.000000237392
18	10644	912485	686	14	-0.0000342733	0.000000369787
18	912486	1942910	802	14	-0.0000203210	0.000000283890
18	1942911	3891657	1493	14	-0.0000735385	0.000000367018
18	3891658	5834179	1532	14	0.0000107529	0.000000372962
18	5834180	7090484	1050	14	-0.0000375955	0.000000369553
18	7090485	8498930	1071	14	0.0003267860	0.000000395247
18	8498931	11075912	2282	14	0.0000948668	0.000000378893
18	11075913	11905439	529	14	0.0000740718	0.000000264261
18	11905440	14440798	1349	14	0.0001444986	0.000000382393
18	14440799	19485843	336	14	0.0002643768	0.000000137627
18	19485844	20649471	642	14	0.0002311697	0.000000244873
18	20649472	22996650	1486	14	0.0001894148	0.000000385560
18	22996651	24026190	628	14	-0.0000619773	0.000000243434
18	24026191	25927681	1498	14	0.0002280956	0.000000388288
18	25927682	26875586	634	14	0.0002708304	0.000000184956
18	26875587	27866477	694	14	-0.0000706097	0.000000183586
18	27866478	30264065	1814	14	0.0000919511	0.000000378688
18	30264066	31780066	853	14	-0.0000797706	0.000000219177
18	31780067	33861963	1321	14	0.0002379338	0.000000388090
18	33861964	35075249	899	14	0.0001096870	0.000000376378
18	35075250	36365489	1072	14	0.0001112514	0.000000335388
18	36365490	37684366	813	14	0.0000413883	0.000000228442
18	37684367	39892647	1790	14	-0.0000703422	0.000000367243
18	39892648	42922105	2116	14	0.0002363193	0.000000388868
18	42922106	44299245	1199	14	-0.0000743940	0.000000366958
18	44299246	45939731	1087	14	-0.0000740059	0.000000366985
18	45939732	47730583	1335	14	-0.0000274015	0.000000370271
18	47730584	51062184	2468	14	-0.0001105119	0.000000364411
18	51062185	51554174	468	14	0.0002299040	0.000000117860
18	51554175	55213837	2167	14	0.0001463454	0.000000382523
18	55213838	56530219	1073	14	0.0002666664	0.000000391008
18	56530220	57630482	1045	14	0.0000522513	0.000000375888
18	57630483	59020750	979	14	0.0001789776	0.000000358356
18	59020751	60277714	1177	14	0.0001176400	0.000000380499
18	60277715	61820251	1191	14	0.0000758872	0.000000377555
18	61820252	63463401	1273	14	0.0002344609	0.000000388737
18	63463402	64252800	727	14	-0.0000527470	0.000000169066
18	64252801	66125816	1684	14	0.0001854910	0.000000385284
18	66125817	67175819	735	14	0.0002631590	0.000000304623
18	67175820	68621178	943	14	-0.0000552868	0.000000368305
18	68621179	69621617	926	14	0.0000551305	0.000000363677
18	69621618	71038473	1263	14	0.0001120020	0.000000380101
18	71038474	71971461	994	14	0.0002131989	0.000000387237
18	71971462	73526986	1331	14	0.0001640731	0.000000383773
18	73526987	74813814	1108	14	0.0000171193	0.000000373411
18	74813815	75976316	1184	14	0.0000110689	0.000000372984
18	75976317	77149990	942	14	-0.0000142611	0.000000371198
18	77149991	78017157	508	14	0.0000439115	0.000000243656
19	80840	610728	141	14	-0.0001351684	0.000000072167
19	610729	2098395	468	14	-0.0000144288	0.000000313715
19	2098396	3019659	390	14	0.0001636901	0.000000237001
19	3019660	4348966	512	14	0.0000639996	0.000000326913
19	4348967	5811851	639	14	0.0005034946	0.000000407708
19	5811852	6684884	335	14	0.0001111220	0.000000195520
19	6684885	8347512	861	14	0.0002770469	0.000000391740
19	8347513	9238392	408	14	-0.0000819809	0.000000153719
19	9238393	11284027	762	14	0.0000733980	0.000000337033
19	11284028	13471126	716	14	-0.0000710550	0.000000353021
19	13471127	14486346	354	14	0.0000166572	0.000000185902
19	14486347	15648609	558	14	0.0002466713	0.000000296835
19	15648610	16374415	659	14	-0.0000915577	0.000000228605
19	16374416	18409861	860	14	0.0001783711	0.000000384782
19	18409862	19877470	507	14	0.0003378137	0.000000265838
19	19877471	20905756	336	14	0.0001607957	0.000000152462
19	20905757	22732895	844	14	0.0001116141	0.000000249993
19	22732896	23467745	320	14	0.0003993994	0.000000119381
19	23467746	28557892	743	14	0.0001766751	0.000000215360
19	28557893	29790946	1180	14	0.0000124431	0.000000373081
19	29790947	30727953	685	14	-0.0000136552	0.000000302759
19	30727954	32746519	1214	14	0.0001121365	0.000000380111
19	32746520	34262951	929	14	0.0001523829	0.000000382949
19	34262952	36469294	1102	14	0.0001063301	0.000000379702
19	36469295	37527032	451	14	0.0002026521	0.000000143930
19	37527033	40170618	1066	14	-0.0000344123	0.000000369777
19	40170619	40984600	316	14	0.0004212543	0.000000152765
19	40984601	42131572	479	14	0.0001932857	0.000000262123
19	42131573	43862454	485	14	0.0001390853	0.000000196717
19	43862455	44744107	516	14	0.0001509771	0.000000205141
19	44744108	46102696	622	14	0.0005111057	0.000000367836
19	46102697	47150081	469	14	0.0002817505	0.000000259516
19	47150082	49282226	948	14	-0.0000960575	0.000000365430
19	49282227	51532566	991	14	0.0001143373	0.000000380266
19	51532567	52985289	1151	14	0.0000041784	0.000000372498
19	52985290	54602361	983	14	0.0000476546	0.000000375564
19	54602362	55728079	589	14	0.0002083606	0.000000368310
19	55728080	57521334	1096	14	-0.0000705837	0.000000367226
19	57521335	59118838	834	14	-0.0000649199	0.000000367626
20	60479	697599	418	14	-0.0000542974	0.000000233595
20	697600	2469500	1786	14	0.0003118696	0.000000394195
20	2469501	3828412	885	14	-0.0000142528	0.000000371199
20	3828413	5477849	1412	14	-0.0000656689	0.000000367573
20	5477850	7084072	1503	14	0.0001625481	0.000000383666
20	7084073	8117010	1024	14	0.0001651862	0.000000318706
20	8117011	9730920	1540	14	0.0003999990	0.000000400410
20	9730921	11249535	1475	14	0.0000000888	0.000000372210
20	11249536	12447498	1067	14	0.0001993774	0.000000385372
20	12447499	13689863	1125	14	0.0001199037	0.000000380659
20	13689864	15958358	2012	14	0.0000231236	0.000000373834
20	15958359	17487231	1812	14	0.0001816834	0.000000385015
20	17487232	18972202	1175	14	-0.0000574831	0.000000368150
20	18972203	20959709	1750	14	0.0001522726	0.000000382941
20	20959710	22491455	868	14	0.0002196626	0.000000279347
20	22491456	23293789	823	14	0.0004806773	0.000000314086
20	23293790	24717723	1116	14	0.0001039728	0.000000379535
20	24717724	25344230	577	14	0.0002081617	0.000000157924
20	25344231	31614822	1147	14	0.0004839270	0.000000406328
20	31614823	32813440	462	14	0.0001621253	0.000000189290
20	32813441	34960445	772	14	0.0003495880	0.000000238276
20	34960446	36909529	901	14	0.0002319457	0.000000365585
20	36909530	38436760	1076	14	0.0000229651	0.000000364060
20	38436761	39610855	942	14	0.0000606842	0.000000373813
20	39610856	40585688	558	14	0.0002498935	0.000000227424
20	40585689	41615459	1044	14	0.0000019775	0.000000372343
20	41615460	42680175	704	14	0.0001284453	0.000000360047
20	42680176	44839055	1391	14	0.0001880371	0.000000385463
20	44839056	47199979	1922	14	0.0000422058	0.000000375180
20	47199980	49239657	1426	14	0.0001713024	0.000000384283
20	49239658	52472548	2553	14	0.0002476689	0.000000389668
20	52472549	54055265	1304	14	0.0001312459	0.000000381458
20	54055266	56447958	2186	14	-0.0000790893	0.000000366627
20	56447959	58406571	1532	14	0.0001321105	0.000000381519
20	58406572	59561723	1052	14	0.0000105433	0.000000372947
20	59561724	61301854	1386	14	0.0002265839	0.000000388181
20	61301855	62190179	515	14	0.0001243901	0.000000304893
20	62190180	62965162	381	14	0.0000372172	0.000000185830
21	9411243	15950981	600	14	-0.0000017047	0.000000286027
21	15950982	18053164	1322	14	0.0000115301	0.000000373017
21	18053165	19480374	899	14	0.0000962135	0.000000378988
21	19480375	20962338	1282	14	0.0003104898	0.000000394098
21	20962339	22072763	861	14	0.0000717046	0.000000377260
21	22072764	23362874	1153	14	0.0000020531	0.000000372348
21	23362875	24696230	866	14	0.0003499740	0.000000335085
21	24696231	26469121	1462	14	-0.0000367690	0.000000369611
21	26469122	27271018	459	14	0.0000623750	0.000000174123
21	27271019	29125225	1709	14	0.0000991759	0.000000379197
21	29125226	31197024	1487	14	0.0002898468	0.000000392642
21	31197025	32668641	1067	14	0.0000185614	0.000000276704
21	32668642	34376998	1086	14	0.0000475951	0.000000375560
21	34376999	35225464	479	14	0.0000274951	0.000000226684
21	35225465	36524372	1018	14	0.0001560041	0.000000383204
21	36524373	37870778	950	14	-0.0000544484	0.000000368364
21	37870779	38711703	596	14	0.0001689473	0.000000231098
21	38711704	40482901	1551	14	0.0001502357	0.000000382798
21	40482902	41389526	903	14	0.0000645234	0.000000357298
21	41389527	43321527	1707	14	0.0000423820	0.000000375192
21	43321528	44506267	1189	14	0.0001987962	0.000000386222
21	44506268	46177104	1027	14	0.0001113059	0.000000380052
21	46177105	47492225	894	14	0.0000849546	0.000000378194
21	47492226	48119751	406	14	-0.0000567571	0.000000176262
22	16050408	17674294	377	14	0.0000961191	0.000000195230
22	17674295	18296087	417	14	0.0002049145	0.000000221958
22	18296088	19912357	950	14	0.0001999948	0.000000386306
22	19912358	22357324	982	14	-0.0000684717	0.000000367375
22	22357325	23712646	764	14	-0.0000625413	0.000000344842
22	23712647	24984203	647	14	-0.0000352461	0.000000263101
22	24984204	26791627	1338	14	0.0000316526	0.000000374436
22	26791628	27834751	1328	14	0.0000755346	0.000000377530
22	27834752	29651798	997	14	-0.0000886836	0.000000365950
22	29651799	31439917	958	14	0.0003531930	0.000000397109
22	31439918	32664985	582	14	0.0000399109	0.000000229124
22	32664986	34494913	1736	14	0.0002057692	0.000000386713
22	34494914	35530984	1128	14	0.0000108834	0.000000332633
22	35530985	37570268	1570	14	0.0000894636	0.000000378512
22	37570269	39307893	896	14	0.0002112912	0.000000387103
22	39307894	40545796	592	14	0.0000760922	0.000000317529
22	40545797	42690817	833	14	0.0000433182	0.000000275975
22	42690818	43714199	750	14	0.0001462473	0.000000382516
22	43714200	44995307	1276	14	0.0000506535	0.000000375775
22	44995308	46470494	1138	14	0.0002009706	0.000000386375
22	46470495	47596317	881	14	-0.0001028451	0.000000364952
22	47596318	48903702	1536	14	0.0004048427	0.000000400751
22	48903703	49824533	1315	14	-0.0000139851	0.000000371218
22	49824534	51243297	717	14	0.0001518161	0.000000371374
