chr	start	end	num_snp	k	local_h2g	var
1	10583	1892606	151	14	0.0000225683	0.000000078607
1	1892607	3582735	805	14	-0.0000057222	0.000000375786
1	3582736	4380810	552	14	0.0003830968	0.000000301232
1	4380811	5913892	1877	14	-0.0001152585	0.000000368020
1	5913893	7247334	738	14	0.0001013181	0.000000358399
1	7247335	9365198	1266	14	0.0001843599	0.000000389262
1	9365199	10806983	539	14	0.0000717700	0.000000249834
1	10806984	11777840	397	14	0.0000894164	0.000000220063
1	11777841	12779465	446	14	0.0002015741	0.000000256556
1	12779466	14891510	1205	14	0.0000867540	0.000000382342
1	14891511	16897729	1125	14	0.0000130333	0.000000377116
1	16897730	18662898	1163	14	-0.0000033592	0.000000375954
1	18662899	20469148	1211	14	-0.0000590865	0.000000372003
1	20469149	21736587	807	14	0.0001881748	0.000000367203
1	21736588	23086882	943	14	0.0001139782	0.000000384272
1	23086883	23920589	349	14	0.0000383064	0.000000153507
1	23920590	25516844	897	14	0.0000249461	0.000000377960
1	25516845	27401866	659	14	-0.0000050333	0.000000250086
1	27401867	30161880	956	14	0.0001699382	0.000000388240
1	30161881	32438684	1897	14	0.0002357810	0.000000392908
1	32438685	34799757	1166	14	0.0000506750	0.000000379784
1	34799758	37549182	976	14	0.0000887033	0.000000382481
1	37549183	38731846	607	14	-0.0000395416	0.000000278067
1	38731847	40200566	750	14	0.0003133589	0.000000385851
1	40200567	41975326	1021	14	0.0003288069	0.000000399503
1	41975327	43758456	1087	14	0.0001928884	0.000000389867
1	43758457	44969182	620	14	0.0001797210	0.000000246993
1	44969183	46899500	807	14	0.0000868985	0.000000237268
1	46899501	48002575	520	14	0.0001915211	0.000000191818
1	48002576	48978187	560	14	0.0000460180	0.000000258560
1	48978188	49894176	460	14	-0.0000442978	0.000000167745
1	49894177	51713725	488	14	0.0003875250	0.000000164838
1	51713726	54226261	977	14	-0.0000180440	0.000000374912
1	54226262	56413116	1442	14	0.0002617546	0.000000394749
1	56413117	57021727	522	14	0.0001110144	0.000000180139
1	57021728	58865398	1549	14	-0.0000097527	0.000000375500
1	58865399	59890408	773	14	0.0003250368	0.000000294652
1	59890409	61922364	1210	14	-0.0000747217	0.000000370894
1	61922365	63455088	962	14	0.0001813621	0.000000389050
1	63455089	65041703	1327	14	-0.0001043969	0.000000368790
1	65041704	66939403	1340	14	0.0000528776	0.000000379941
1	66939404	68477894	1349	14	0.0000031003	0.000000376412
1	68477895	69687615	763	14	-0.0000025203	0.000000279014
1	69687616	71372469	1109	14	0.0000205543	0.000000377649
1	71372470	71684404	176	13	0.0000212564	0.000000046292
1	71684405	74326906	1586	14	-0.0000175902	0.000000349979
1	74326907	76728134	1666	14	0.0001038308	0.000000383553
1	76728135	79661197	1969	14	0.0000339610	0.000000378599
1	79661198	81354190	1200	14	0.0003892389	0.000000394804
1	81354191	83991747	2183	14	0.0001344837	0.000000385726
1	83991748	84844494	570	14	0.0001277800	0.000000190375
1	84844495	86454750	1286	14	0.0002998714	0.000000397452
1	86454751	88128630	1133	14	-0.0000497461	0.000000372665
1	88128631	90066302	1008	14	0.0000916316	0.000000382688
1	90066303	91886316	1051	14	0.0002910246	0.000000396825
1	91886317	93536458	1051	14	0.0000218725	0.000000326552
1	93536459	94506190	528	14	-0.0000482318	0.000000135059
1	94506191	96150892	1111	14	0.0000605957	0.000000379588
1	96150893	97885248	1136	14	0.0002668689	0.000000376324
1	97885249	99800603	1279	14	0.0002543144	0.000000394222
1	99800604	100826404	656	14	0.0002696229	0.000000210246
1	100826405	102041015	882	14	-0.0000412937	0.000000299809
1	102041016	102898744	687	14	0.0002274337	0.000000203458
1	102898745	103914210	602	14	-0.0000489522	0.000000122080
1	103914211	106087841	1243	14	0.0000612198	0.000000380532
1	106087842	108409664	1650	14	-0.0001029065	0.000000368896
1	108409665	110303930	1047	14	0.0003631962	0.000000401941
1	110303931	111741736	969	14	0.0001295613	0.000000385377
1	111741737	113273305	1318	14	0.0001124715	0.000000384166
1	113273306	114873844	889	14	0.0003411964	0.000000400382
1	114873845	115880592	589	14	0.0003293933	0.000000236151
1	115880593	118839066	1630	14	-0.0001563363	0.000000365108
1	118839067	144977493	1178	14	0.0000880248	0.000000382432
1	144977494	148361252	784	14	0.0001081740	0.000000309518
1	148361253	151538880	553	14	0.0001607875	0.000000204138
1	151538881	153180828	974	14	0.0002154651	0.000000289408
1	153180829	154770402	766	14	0.0001009121	0.000000330413
1	154770403	156336132	466	14	0.0001049829	0.000000229023
1	156336133	158027411	1168	14	0.0001113010	0.000000384083
1	158027412	159913047	1311	14	-0.0000226719	0.000000374584
1	159913048	162346720	1561	14	0.0000399167	0.000000379022
1	162346721	165191701	2416	14	-0.0000135719	0.000000375230
1	165191702	166460516	1003	14	0.0002410004	0.000000393278
1	166460517	169086323	1991	14	-0.0001090764	0.000000368459
1	169086324	170557775	1365	14	0.0001275561	0.000000362025
1	170557776	173097906	1676	14	0.0001276309	0.000000385240
1	173097907	175089767	729	14	0.0001622752	0.000000192796
1	175089768	177433380	1536	14	0.0002020315	0.000000390515
1	177433381	178944308	907	14	0.0001030668	0.000000318530
1	178944309	178954469	3	1	-0.0000143024	0.000000000815
1	178954470	181144120	1490	14	0.0001544911	0.000000387145
1	181144121	182755355	1076	14	0.0000783183	0.000000381744
1	182755356	184595512	1286	14	0.0002448608	0.000000393552
1	184595513	186810022	878	14	0.0002399003	0.000000323076
1	186810023	188759944	1492	14	0.0003064580	0.000000397919
1	188759945	189904129	623	14	0.0000203608	0.000000126216
1	189904130	191868929	1504	14	0.0000976138	0.000000346704
1	191868930	194107441	1332	14	0.0000684434	0.000000381044
1	194107442	196176200	1595	14	-0.0000616441	0.000000371821
1	196176201	197311513	496	14	-0.0000213762	0.000000118324
1	197311514	199239883	1023	14	0.0002456728	0.000000373935
1	199239884	200137648	629	14	0.0000258563	0.000000210905
1	200137649	201589974	1243	14	0.0001273111	0.000000385218
1	201589975	203334733	1046	14	-0.0000054779	0.000000375803
1	203334734	204681067	823	14	-0.0000933529	0.000000369573
1	204681068	206073264	1052	14	0.0000166129	0.000000377370
1	206073265	208410363	1157	14	0.0002485057	0.000000393810
1	208410364	210787749	1717	14	0.0003707442	0.000000402476
1	210787750	212842329	1275	14	0.0000446295	0.000000379356
1	212842330	214578265	1095	14	0.0001364701	0.000000385867
1	214578266	216243633	1268	14	0.0000414608	0.000000379131
1	216243634	218705512	2300	14	0.0000842528	0.000000382165
1	218705513	219590570	644	14	0.0002332687	0.000000223924
1	219590571	221858230	1503	14	0.0003543824	0.000000401316
1	221858231	222230219	335	14	0.0000015771	0.000000134214
1	222230220	224938519	925	14	0.0002753994	0.000000384054
1	224938520	226810859	911	14	-0.0000077625	0.000000375641
1	226810860	229156247	1406	14	-0.0001134585	0.000000368148
1	229156248	230685254	873	14	-0.0000683509	0.000000371346
1	230685255	232090251	1043	14	0.0003026777	0.000000397651
1	232090252	233429283	1121	14	0.0002521507	0.000000394068
1	233429284	234599433	1020	14	0.0002906266	0.000000396796
1	234599434	235819435	717	14	0.0001244330	0.000000370682
1	235819436	237555627	1354	14	-0.0000157449	0.000000375075
1	237555628	238567806	874	14	-0.0000259637	0.000000374351
1	238567807	239925313	1099	14	-0.0000519084	0.000000372512
1	239925314	240564090	652	14	-0.0000143714	0.000000275685
1	240564091	241582219	932	14	0.0005425131	0.000000414654
1	241582220	242071601	381	14	-0.0000257106	0.000000163815
1	242071602	244109498	1143	14	0.0002257609	0.000000392198
1	244109499	245506745	920	14	0.0000310058	0.000000378390
1	245506746	247344517	1373	14	0.0000283020	0.000000378198
1	247344518	249239465	844	14	0.0001642665	0.000000370834
2	10133	1781021	1337	14	0.0001904502	0.000000389694
2	1781022	3973778	1824	14	-0.0000456165	0.000000372958
2	3973779	5708336	1410	14	0.0001911982	0.000000389747
2	5708337	6836253	1267	14	-0.0000057362	0.000000375785
2	6836254	8422146	1342	14	0.0000359033	0.000000378737
2	8422147	10298468	1325	14	-0.0000496998	0.000000372668
2	10298469	12419149	1853	14	0.0001798412	0.000000388942
2	12419150	14335307	1576	14	0.0001052963	0.000000383657
2	14335308	16329734	1749	14	0.0000758508	0.000000381569
2	16329735	18647422	1844	14	-0.0000680859	0.000000371365
2	18647423	19692403	798	14	0.0000137903	0.000000301156
2	19692404	21050489	1281	14	-0.0000063633	0.000000375741
2	21050490	23341382	1378	14	-0.0000260094	0.000000374348
2	23341383	24686917	853	14	0.0001402340	0.000000328020
2	24686918	26894984	1040	14	0.0001666722	0.000000388008
2	26894985	28598776	716	14	0.0002972054	0.000000280344
2	28598777	29217558	465	14	0.0002762939	0.000000219185
2	29217559	30463710	1185	14	0.0000456392	0.000000379427
2	30463711	31550449	1146	14	-0.0000699939	0.000000371229
2	31550450	33363776	801	14	0.0001628813	0.000000387740
2	33363777	35345027	1760	14	-0.0000385098	0.000000373462
2	35345028	36122005	846	14	0.0001536653	0.000000271865
2	36122006	38132711	1866	14	0.0002669209	0.000000395116
2	38132712	39031336	613	14	0.0001652978	0.000000333239
2	39031337	40281482	619	14	0.0000795331	0.000000279820
2	40281483	43309589	2783	14	0.0001814437	0.000000389056
2	43309590	44313802	835	14	0.0001152556	0.000000384363
2	44313803	46482633	1947	14	0.0000325980	0.000000378503
2	46482634	47318771	776	14	0.0003014785	0.000000396665
2	47318772	48213000	511	14	0.0000440371	0.000000317784
2	48213001	50022256	1509	14	0.0000932503	0.000000382803
2	50022257	50818927	813	14	0.0002562454	0.000000288973
2	50818928	52491132	1649	14	0.0000037342	0.000000376457
2	52491133	53508451	1101	14	0.0002421333	0.000000390658
2	53508452	54685225	869	14	-0.0000153581	0.000000375103
2	54685226	56203344	1210	14	0.0000791907	0.000000381806
2	56203345	57429099	958	14	0.0000743055	0.000000345054
2	57429100	58297314	651	14	0.0000770074	0.000000224689
2	58297315	60291999	1318	14	0.0002997146	0.000000397441
2	60292000	62429043	1029	14	0.0000265527	0.000000378074
2	62429044	64625912	1113	14	0.0001476619	0.000000386661
2	64625913	65933443	881	14	0.0001841125	0.000000389245
2	65933444	67226165	1151	14	0.0002716870	0.000000395454
2	67226166	68010175	929	14	0.0000608703	0.000000328445
2	68010176	69139563	1019	14	0.0000516465	0.000000371774
2	69139564	70755197	963	14	0.0000834365	0.000000382107
2	70755198	73174847	1777	14	-0.0000076283	0.000000375651
2	73174848	75630085	1440	14	0.0000643491	0.000000380754
2	75630086	76913660	1070	14	-0.0000169018	0.000000374993
2	76913661	78079263	914	14	0.0000948240	0.000000382914
2	78079264	80050402	2003	14	0.0001696460	0.000000388219
2	80050403	81620840	1127	14	0.0000689918	0.000000381083
2	81620841	85140679	2387	14	0.0000718542	0.000000381286
2	85140680	88038506	1210	14	0.0002336755	0.000000392759
2	88038507	89154525	439	14	0.0001502186	0.000000171684
2	89154526	95326451	47	5	0.0001303036	0.000000031084
2	95326452	98995200	849	14	0.0001322729	0.000000344786
2	98995201	101822328	1897	14	0.0000696637	0.000000381131
2	101822329	102688764	600	14	0.0004112223	0.000000218656
2	102688765	103588214	951	14	0.0000813919	0.000000232905
2	103588215	105125033	781	14	0.0000571674	0.000000253657
2	105125034	106210057	844	14	0.0003173889	0.000000342267
2	106210058	107408266	938	14	0.0000829416	0.000000364184
2	107408267	108429176	923	14	0.0000469697	0.000000235255
2	108429177	110572431	1128	14	0.0001954201	0.000000390046
2	110572432	113921855	1396	14	0.0000744350	0.000000381469
2	113921856	116772469	1663	14	0.0000220406	0.000000377754
2	116772470	118367465	1016	14	0.0003140279	0.000000282349
2	118367466	121303782	2022	14	-0.0000577991	0.000000372094
2	121303783	123302905	1219	14	0.0001529658	0.000000387037
2	123302906	124732249	1174	14	0.0002516476	0.000000299448
2	124732250	125840920	876	14	0.0003242685	0.000000315476
2	125840921	127373763	1064	14	0.0002733571	0.000000269698
2	127373764	128034346	599	14	0.0002342420	0.000000251631
2	128034347	129474440	840	14	0.0000108995	0.000000319737
2	129474441	130067169	459	14	0.0001927071	0.000000155554
2	130067170	130658084	454	14	0.0001525420	0.000000155655
2	130658085	133042783	513	14	-0.0000685910	0.000000220767
2	133042784	135158577	1735	14	0.0000517070	0.000000379858
2	135158578	137042793	844	14	0.0001193609	0.000000278493
2	137042794	138698116	1215	14	0.0002578342	0.000000394471
2	138698117	140100270	1014	14	0.0000418296	0.000000273852
2	140100271	141805350	1386	14	0.0000788981	0.000000381785
2	141805351	142518601	711	14	0.0001218479	0.000000241323
2	142518602	144519483	1481	14	0.0000512452	0.000000379825
2	144519484	146445569	860	14	0.0001247167	0.000000335557
2	146445570	147277161	376	14	0.0003274126	0.000000139174
2	147277162	150210291	1476	14	-0.0000161471	0.000000375047
2	150210292	151731461	1037	14	-0.0000285139	0.000000372371
2	151731462	152486781	575	14	0.0000642191	0.000000186673
2	152486782	154005055	1014	14	0.0002539677	0.000000373635
2	154005056	155391134	1133	14	0.0001955363	0.000000390055
2	155391135	157560634	1212	14	0.0000054890	0.000000376581
2	157560635	158533217	347	14	0.0000226809	0.000000149482
2	158533218	159577081	708	14	0.0001425039	0.000000265359
2	159577082	161769732	1362	14	0.0001785402	0.000000388850
2	161769733	163503550	705	14	-0.0000481525	0.000000215100
2	163503551	164466637	520	14	0.0001910442	0.000000181254
2	164466638	165178839	411	14	0.0002265314	0.000000164492
2	165178840	167160269	1348	14	0.0001523725	0.000000386995
2	167160270	167355969	170	13	0.0000584634	0.000000055345
2	167355970	169968235	1616	14	-0.0000560037	0.000000372221
2	169968236	171226244	967	14	-0.0000751278	0.000000369966
2	171226245	173138904	1009	14	0.0005230578	0.000000413275
2	173138905	175588928	1622	14	0.0001573672	0.000000387349
2	175588929	177363635	981	14	-0.0000685467	0.000000371332
2	177363636	178553182	1033	14	0.0001274276	0.000000333152
2	178553183	181312738	2187	14	0.0001018868	0.000000383415
2	181312739	182266030	690	14	0.0003135664	0.000000226455
2	182266031	184357607	1291	14	0.0001313827	0.000000385506
2	184357608	185280172	611	14	0.0001622147	0.000000181479
2	185280173	189882064	2469	14	0.0000962277	0.000000383014
2	189882065	191973356	1054	14	0.0003652838	0.000000359528
2	191973357	195861163	1689	14	0.0001809038	0.000000389017
2	195861164	196447455	337	14	0.0000803439	0.000000112778
2	196447456	198078109	880	14	0.0001798180	0.000000267173
2	198078110	199311124	599	14	0.0001631360	0.000000177056
2	199311125	201576283	1234	14	0.0002393164	0.000000393159
2	201576284	202818636	513	14	0.0000188694	0.000000222177
2	202818637	205799240	1345	14	0.0000055369	0.000000376584
2	205799241	206735703	664	14	0.0000952726	0.000000373971
2	206735704	208645398	1166	14	0.0000837377	0.000000382129
2	208645399	209941528	720	14	0.0001839881	0.000000279752
2	209941529	212379517	1669	14	-0.0000688321	0.000000371312
2	212379518	214014281	1438	14	0.0000221109	0.000000377759
2	214014282	215573794	1040	14	0.0003418613	0.000000368378
2	215573795	217715660	1492	14	-0.0000379417	0.000000373502
2	217715661	218395479	512	14	-0.0000743722	0.000000221945
2	218395480	220454550	909	14	0.0000800990	0.000000381871
2	220454551	222521175	1809	14	0.0000692595	0.000000381102
2	222521176	224859418	1667	14	0.0000813650	0.000000381960
2	224859419	225840003	732	14	0.0002741860	0.000000251246
2	225840004	228119841	1577	14	0.0002737650	0.000000395601
2	228119842	229370786	921	14	0.0001180474	0.000000327312
2	229370787	231843388	1833	14	0.0000678556	0.000000381003
2	231843389	233550002	775	14	0.0001967955	0.000000386545
2	233550003	235150986	1439	14	0.0003389307	0.000000400221
2	235150987	236043549	757	14	0.0001187287	0.000000384609
2	236043550	237449031	884	14	0.0002043340	0.000000390678
2	237449032	238760980	1058	14	0.0000512511	0.000000379825
2	238760981	239952642	811	14	0.0001888262	0.000000369909
2	239952643	241560083	1189	14	-0.0000316080	0.000000373951
2	241560084	242149920	366	14	0.0002709496	0.000000176440
2	242149921	243188919	248	14	0.0001071042	0.000000106314
3	60157	1441778	1216	14	0.0004128518	0.000000405462
3	1441779	2992119	1668	14	-0.0000063476	0.000000375742
3	2992120	4431646	1499	14	-0.0000458400	0.000000372942
3	4431647	6083182	1442	14	-0.0000156655	0.000000375081
3	6083183	7083386	906	14	0.0000310555	0.000000378393
3	7083387	8648560	1722	14	0.0001121159	0.000000384140
3	8648561	9543182	804	14	0.0002148471	0.000000391424
3	9543183	11019664	945	14	0.0000923197	0.000000382737
3	11019665	13070798	1298	14	0.0003541987	0.000000401303
3	13070799	14816899	1416	14	0.0001075640	0.000000383818
3	14816900	16282441	988	14	0.0005789989	0.000000417241
3	16282442	17891117	1027	14	0.0005188436	0.000000412976
3	17891118	19125143	752	14	0.0001584286	0.000000269746
3	19125144	20091347	332	14	0.0002205113	0.000000158957
3	20091348	21643706	1310	14	-0.0000408863	0.000000373293
3	21643707	22204243	880	14	0.0001288215	0.000000384424
3	22204244	23804864	1138	14	0.0001680463	0.000000388106
3	23804865	25461557	1407	14	0.0000933794	0.000000382812
3	25461558	26877768	971	14	-0.0000754463	0.000000370843
3	26877769	27840909	650	14	-0.0000975411	0.000000225882
3	27840910	29142259	920	14	0.0000969556	0.000000383066
3	29142260	30717954	1343	14	0.0003604121	0.000000401744
3	30717955	32351714	1252	14	-0.0000092284	0.000000375537
3	32351715	33255591	459	14	0.0000390354	0.000000249143
3	33255592	35283457	1222	14	-0.0001144717	0.000000367176
3	35283458	36486841	874	14	0.0002099899	0.000000332091
3	36486842	38356115	1035	14	0.0000851735	0.000000382230
3	38356116	40221297	1279	14	-0.0000058102	0.000000375780
3	40221298	41064527	304	14	0.0003559711	0.000000135537
3	41064528	42540001	974	14	0.0001348551	0.000000365199
3	42540002	45165152	1268	14	0.0000832287	0.000000382092
3	45165153	46657499	1007	14	0.0003643428	0.000000402023
3	46657500	47727211	305	14	-0.0001117742	0.000000095875
3	47727212	49316971	359	14	0.0003364480	0.000000110656
3	49316972	51832014	660	14	0.0004240341	0.000000173208
3	51832015	54081389	1003	14	0.0002387610	0.000000393119
3	54081390	55348859	1121	14	-0.0000736188	0.000000370972
3	55348860	56433906	716	14	0.0002765987	0.000000314641
3	56433907	58157518	955	14	0.0000044382	0.000000376506
3	58157519	60272905	1783	14	0.0002281755	0.000000392369
3	60272906	62355665	1778	14	-0.0000776374	0.000000370688
3	62355666	63669285	1277	14	0.0000198773	0.000000377601
3	63669286	65273537	1327	14	0.0002152508	0.000000391452
3	65273538	66270446	589	14	0.0000509031	0.000000353064
3	66270447	68286913	1350	14	0.0000572386	0.000000380250
3	68286914	69276761	695	14	0.0005191342	0.000000362585
3	69276762	70449027	835	14	0.0001288291	0.000000365659
3	70449028	72529328	1408	14	0.0000678684	0.000000381003
3	72529329	74321816	1449	14	0.0000853782	0.000000382245
3	74321817	75704948	601	14	0.0001004794	0.000000233454
3	75704949	77508834	1115	14	0.0000089346	0.000000376825
3	77508835	79024540	902	14	0.0001876429	0.000000346960
3	79024541	81427309	1285	14	-0.0000635082	0.000000313617
3	81427310	82643885	710	14	0.0007079271	0.000000229570
3	82643886	84367478	845	14	0.0004348180	0.000000264149
3	84367479	85582230	630	14	0.0002951981	0.000000199850
3	85582231	87409731	1258	14	0.0001939413	0.000000306274
3	87409732	88298372	505	14	0.0001773058	0.000000120950
3	88298373	94255315	1212	14	0.0002860815	0.000000349573
3	94255316	95311970	755	14	-0.0000142274	0.000000152766
3	95311971	98215949	1538	14	0.0001338624	0.000000385682
3	98215950	99373761	795	14	0.0000755240	0.000000226951
3	99373762	100592216	602	14	0.0000151770	0.000000190084
3	100592217	103084959	1442	14	0.0001649473	0.000000387886
3	103084960	104581612	1160	14	0.0000701163	0.000000295849
3	104581613	106982810	1615	14	0.0000245969	0.000000377936
3	106982811	109522394	1711	14	0.0002205007	0.000000391825
3	109522395	110513769	699	14	-0.0000509404	0.000000156842
3	110513770	112815698	1493	14	0.0001596726	0.000000387512
3	112815699	113947862	673	14	0.0000722662	0.000000249062
3	113947863	115447079	785	14	0.0002880262	0.000000372504
3	115447080	116800152	1047	14	0.0002137803	0.000000391348
3	116800153	118530250	1331	14	0.0000932091	0.000000382800
3	118530251	120523054	1166	14	-0.0000067646	0.000000375712
3	120523055	121974096	776	14	0.0001539641	0.000000196013
3	121974097	123517767	965	14	-0.0000389162	0.000000370735
3	123517768	124936641	1169	14	0.0000062630	0.000000376636
3	124936642	126214942	908	14	0.0000198122	0.000000308378
3	126214943	128194860	1247	14	0.0000101588	0.000000376912
3	128194861	130244734	778	14	0.0000361018	0.000000292608
3	130244735	131836515	1128	14	0.0001069653	0.000000342123
3	131836516	133252172	1062	14	0.0003416370	0.000000358727
3	133252173	135456905	1622	14	0.0002413542	0.000000393303
3	135456906	137371082	859	14	0.0002950927	0.000000277743
3	137371083	139954596	1608	14	0.0002031951	0.000000390598
3	139954597	141339096	838	14	0.0001888751	0.000000382395
3	141339097	143164627	1093	14	0.0001786604	0.000000388858
3	143164628	144410815	812	14	0.0001462292	0.000000297026
3	144410816	145664618	1042	14	-0.0000261639	0.000000277346
3	145664619	146726628	864	14	0.0001409078	0.000000266877
3	146726629	149043236	1396	14	0.0000104473	0.000000376932
3	149043237	150252003	812	14	-0.0000265534	0.000000363551
3	150252004	151348729	653	14	0.0001568617	0.000000307875
3	151348730	153256570	1261	14	-0.0000621911	0.000000371783
3	153256571	154714217	970	14	-0.0001050620	0.000000238187
3	154714218	156008699	686	14	-0.0000252600	0.000000258435
3	156008700	157312027	917	14	0.0002978581	0.000000311927
3	157312028	159477889	1419	14	0.0003729736	0.000000402634
3	159477890	161524503	1245	14	-0.0000450891	0.000000330494
3	161524504	163253204	1582	14	-0.0000711353	0.000000296005
3	163253205	165055468	1175	14	0.0002268747	0.000000258338
3	165055469	167117428	1175	14	-0.0000735762	0.000000297529
3	167117429	168580959	758	14	-0.0000078160	0.000000246652
3	168580960	170964908	1390	14	0.0000517243	0.000000379859
3	170964909	172295730	903	14	0.0000021170	0.000000376342
3	172295731	173477284	754	14	0.0001647030	0.000000373535
3	173477285	175116538	1313	14	0.0001139927	0.000000384273
3	175116539	176320286	819	14	0.0001745980	0.000000270885
3	176320287	178107164	1106	14	0.0002233558	0.000000392027
3	178107165	179374585	785	14	-0.0000423328	0.000000282880
3	179374586	181511165	924	14	0.0002504792	0.000000362789
3	181511166	183769682	1206	14	0.0002204553	0.000000391821
3	183769683	185068254	736	14	0.0005310838	0.000000401277
3	185068255	186890343	1024	14	0.0000317386	0.000000378442
3	186890344	188856213	1488	14	0.0000228076	0.000000377809
3	188856214	190226606	1384	14	-0.0000703383	0.000000371205
3	190226607	192343813	1569	14	0.0000915096	0.000000382680
3	192343814	194059670	729	14	0.0001600598	0.000000387540
3	194059671	194786673	388	14	-0.0000128005	0.000000222318
3	194786674	195971407	330	14	-0.0000483600	0.000000179531
3	195971408	197075986	388	14	0.0002763510	0.000000219963
3	197075987	197946621	337	14	-0.0000114779	0.000000148553
4	10240	694714	197	14	0.0000192376	0.000000085124
4	694715	1478710	415	14	0.0001105393	0.000000171133
4	1478711	2842978	467	14	0.0000306849	0.000000234109
4	2842979	3846039	499	14	0.0000391544	0.000000281954
4	3846040	4684115	459	14	0.0000672259	0.000000254366
4	4684116	5502387	690	14	0.0003103097	0.000000398192
4	5502388	6773042	1107	14	0.0000923590	0.000000382740
4	6773043	7539691	671	14	0.0001374328	0.000000385935
4	7539692	8152234	556	14	0.0001632292	0.000000358372
4	8152235	9326478	457	14	0.0002141343	0.000000257441
4	9326479	10699151	1157	14	0.0001667805	0.000000377251
4	10699152	12323033	1382	14	-0.0000467157	0.000000372880
4	12323034	14272000	1632	14	0.0000581142	0.000000380312
4	14272001	15147445	728	14	0.0005255194	0.000000344109
4	15147446	15927008	493	14	0.0002134658	0.000000223312
4	15927009	17383321	1238	14	0.0001058189	0.000000383694
4	17383322	18841873	933	14	0.0003472023	0.000000367877
4	18841874	20544556	1121	14	0.0004583368	0.000000351370
4	20544557	22319346	1420	14	0.0001771614	0.000000388752
4	22319347	24135528	1264	14	0.0001434703	0.000000386363
4	24135529	25609321	1074	14	0.0003667625	0.000000402194
4	25609322	27343721	1025	14	0.0000696492	0.000000381130
4	27343722	27965867	473	14	-0.0000605291	0.000000168858
4	27965868	29762207	1393	14	0.0001332486	0.000000385639
4	29762208	30454534	378	14	-0.0000283048	0.000000122100
4	30454535	31782980	919	14	0.0000274378	0.000000358478
4	31782981	33172765	814	14	0.0000206947	0.000000267416
4	33172766	35151414	944	14	0.0001195493	0.000000212821
4	35151415	36020435	781	14	0.0000807261	0.000000209317
4	36020436	37255046	1055	14	0.0002636784	0.000000317958
4	37255047	38907021	1384	14	0.0003970281	0.000000404340
4	38907022	40202608	684	14	0.0000748549	0.000000282810
4	40202609	42213057	1277	14	0.0001338128	0.000000385679
4	42213058	43965044	1166	14	0.0002196931	0.000000390867
4	43965045	45189156	899	14	0.0005512407	0.000000273143
4	45189157	47411895	1120	14	0.0001356782	0.000000340672
4	47411896	48123599	469	14	-0.0000981285	0.000000130843
4	48123600	53877432	901	14	0.0000534148	0.000000303107
4	53877433	55429555	1000	14	0.0000997992	0.000000383267
4	55429556	56547643	748	14	0.0003815369	0.000000324587
4	56547644	58935007	1598	14	-0.0000069008	0.000000375703
4	58935008	60741086	1212	14	0.0002906744	0.000000394999
4	60741087	62371762	1062	14	0.0000217415	0.000000330875
4	62371763	64341000	1083	14	0.0000787339	0.000000373694
4	64341001	66600491	1268	14	0.0000201202	0.000000374022
4	66600492	68059496	896	14	0.0002637700	0.000000297802
4	68059497	68854764	518	14	0.0000557120	0.000000162095
4	68854765	71049151	1192	14	0.0000888755	0.000000313258
4	71049152	72140557	505	14	-0.0000847306	0.000000129615
4	72140558	74592389	1028	14	0.0000304083	0.000000329753
4	74592390	77130706	1491	14	0.0001786098	0.000000388855
4	77130707	79093978	1338	14	-0.0000687159	0.000000371320
4	79093979	80990296	1187	14	0.0001297308	0.000000360411
4	80990297	82125314	502	14	0.0000221668	0.000000164937
4	82125315	83372592	736	14	0.0000339807	0.000000271647
4	83372593	84799655	900	14	0.0000359268	0.000000349360
4	84799656	86930608	1248	14	-0.0001083771	0.000000368508
4	86930609	87534647	282	14	0.0001843598	0.000000092585
4	87534648	89238027	1083	14	0.0000727089	0.000000381347
4	89238028	90231563	612	14	0.0006463047	0.000000290296
4	90231564	91560676	783	14	0.0001624227	0.000000270845
4	91560677	94233298	1210	14	0.0000034044	0.000000376433
4	94233299	96182187	1286	14	0.0000255829	0.000000378006
4	96182188	97540702	1149	14	0.0001676040	0.000000388074
4	97540703	99424066	1018	14	-0.0000182678	0.000000244300
4	99424067	100678359	791	14	0.0005468229	0.000000323623
4	100678360	103221355	1639	14	-0.0000060646	0.000000375762
4	103221356	105305293	1080	14	-0.0000690301	0.000000318396
4	105305294	107501304	1172	14	0.0002678475	0.000000395181
4	107501305	108815347	756	14	0.0001582042	0.000000246278
4	108815348	111256566	1480	14	0.0004808700	0.000000410284
4	111256567	113870101	1436	14	0.0001585230	0.000000387431
4	113870102	115666245	1146	14	0.0000495270	0.000000379703
4	115666246	117276928	890	14	0.0000077056	0.000000202636
4	117276929	118479917	1028	14	0.0000211887	0.000000274049
4	118479918	119933511	1091	14	-0.0000496959	0.000000280688
4	119933512	120392683	305	14	-0.0000353537	0.000000077260
4	120392684	122657986	1573	14	0.0002306150	0.000000392542
4	122657987	124286480	871	14	0.0003185906	0.000000257568
4	124286481	125210861	510	14	0.0001266022	0.000000205582
4	125210862	126480885	847	14	0.0002904591	0.000000313089
4	126480886	127275476	566	14	0.0001527648	0.000000193647
4	127275477	127830292	420	14	0.0001254384	0.000000148665
4	127830293	128996664	447	14	-0.0000929276	0.000000121860
4	128996665	130591884	918	14	0.0000534226	0.000000349719
4	130591885	131283820	453	14	-0.0000013313	0.000000151464
4	131283821	132954032	931	14	0.0001121008	0.000000314899
4	132954033	134628433	1133	14	0.0001767541	0.000000298342
4	134628434	136566406	1158	14	0.0002735892	0.000000338309
4	136566407	138541970	1265	14	-0.0001083638	0.000000368509
4	138541971	139556510	722	14	0.0000442429	0.000000284812
4	139556511	141084630	825	14	-0.0000197896	0.000000374789
4	141084631	143443264	1486	14	-0.0000617804	0.000000371812
4	143443265	146178186	1177	14	0.0000886787	0.000000352214
4	146178187	148521872	1197	14	0.0001713284	0.000000388338
4	148521873	150683579	1136	14	-0.0000658072	0.000000371526
4	150683580	152782183	920	14	0.0002056351	0.000000284577
4	152782184	154477640	847	14	0.0001198222	0.000000384687
4	154477641	155056125	396	14	0.0003221795	0.000000185970
4	155056126	157485096	1648	14	0.0000725994	0.000000381339
4	157485097	158743717	671	14	0.0002255075	0.000000257436
4	158743718	161058863	1103	14	-0.0000140350	0.000000353768
4	161058864	161826434	601	14	0.0001909394	0.000000238233
4	161826435	163243678	1049	14	0.0003897491	0.000000379708
4	163243679	164478233	749	14	0.0000891714	0.000000269779
4	164478234	165823447	957	14	-0.0001611183	0.000000364769
4	165823448	167018857	721	14	0.0002540802	0.000000355152
4	167018858	167852916	498	14	0.0000296817	0.000000149241
4	167852917	169676824	1212	14	-0.0000075928	0.000000375653
4	169676825	170776509	536	14	0.0001193726	0.000000218258
4	170776510	172558634	1036	14	-0.0000099268	0.000000339093
4	172558635	174264131	922	14	0.0000363795	0.000000312962
4	174264132	176570715	1346	14	0.0000142116	0.000000377199
4	176570716	178991909	1733	14	-0.0000634909	0.000000371690
4	178991910	180122042	773	14	0.0002253178	0.000000331456
4	180122043	182066806	1671	14	-0.0000742786	0.000000370926
4	182066807	183371274	1307	14	-0.0000721971	0.000000371073
4	183371275	184929454	1014	14	0.0000548899	0.000000380083
4	184929455	186909089	1465	14	0.0000068357	0.000000376676
4	186909090	188472980	1101	14	0.0000777588	0.000000381705
4	188472981	189693510	800	14	0.0000084437	0.000000376790
4	189693511	191043593	647	14	-0.0000602967	0.000000312984
5	11940	982251	433	14	0.0002460792	0.000000202479
5	982252	2132441	847	14	0.0001010218	0.000000383354
5	2132442	3361940	1618	14	0.0000939125	0.000000382850
5	3361941	4632109	1109	14	0.0001946042	0.000000389989
5	4632110	5973232	1459	14	0.0002923352	0.000000396917
5	5973233	7143217	1148	14	0.0000229264	0.000000377817
5	7143218	8446335	1230	14	0.0000492616	0.000000379684
5	8446336	9718831	1297	14	0.0000250191	0.000000377966
5	9718832	11173270	1384	14	0.0000327104	0.000000378511
5	11173271	13464831	1173	14	0.0000068596	0.000000376678
5	13464832	14757803	1111	14	0.0001113654	0.000000384087
5	14757804	16963612	1395	14	0.0004001717	0.000000404563
5	16963613	18051591	558	14	0.0001284336	0.000000268449
5	18051592	19917715	1317	14	0.0004853484	0.000000410601
5	19917716	22152072	1069	14	0.0000477720	0.000000324929
5	22152073	23494323	929	14	0.0002055594	0.000000310469
5	23494324	26184850	1815	14	0.0000463846	0.000000379480
5	26184851	26857603	421	14	-0.0000505309	0.000000130567
5	26857604	27984512	585	14	0.0000073936	0.000000201840
5	27984513	29714819	1200	14	0.0000099734	0.000000339626
5	29714820	31390248	1398	14	0.0000936720	0.000000382833
5	31390249	33500179	1373	14	0.0001944446	0.000000389977
5	33500180	35048969	1014	14	0.0001643110	0.000000387841
5	35048970	36433953	1008	14	0.0003448903	0.000000365957
5	36433954	38802409	1519	14	0.0000067778	0.000000376672
5	38802410	40287728	1139	14	0.0004825798	0.000000373948
5	40287729	41888709	1256	14	0.0002268983	0.000000317056
5	41888710	43983498	916	14	0.0002463649	0.000000260516
5	43983499	50163397	974	14	0.0001454895	0.000000250194
5	50163398	52134621	1353	14	0.0001894576	0.000000388723
5	52134622	53703043	1310	14	0.0003907098	0.000000403892
5	53703044	55417348	1144	14	0.0000409444	0.000000379095
5	55417349	56621101	984	14	0.0003170524	0.000000398670
5	56621102	57340072	589	14	0.0001238868	0.000000194663
5	57340073	58524621	1160	14	-0.0001010375	0.000000369029
5	58524622	60935906	1440	14	0.0000501565	0.000000379748
5	60935907	61672994	531	14	-0.0001070613	0.000000161097
5	61672995	63218986	1051	14	-0.0001015648	0.000000291316
5	63218987	63968303	357	14	0.0000075964	0.000000113296
5	63968304	65911285	1237	14	0.0002295188	0.000000392464
5	65911286	67850859	1496	14	0.0005531643	0.000000415409
5	67850860	71240455	873	14	0.0000649191	0.000000338277
5	71240456	73759325	1820	14	0.0004440374	0.000000407673
5	73759326	75798865	1298	14	0.0002607160	0.000000394676
5	75798866	77623331	1319	14	-0.0001629433	0.000000364640
5	77623332	79393143	1167	14	0.0004323304	0.000000406843
5	79393144	80481470	860	14	-0.0000114851	0.000000372680
5	80481471	82025647	893	14	0.0000998009	0.000000382367
5	82025648	83972688	1042	14	-0.0000232779	0.000000373642
5	83972689	85767289	1399	14	-0.0000365989	0.000000372697
5	85767290	87389990	641	14	0.0000722338	0.000000231467
5	87389991	88891529	588	14	0.0000569189	0.000000196844
5	88891530	90422653	863	14	0.0001093079	0.000000312147
5	90422654	91840541	650	14	-0.0001057200	0.000000207127
5	91840542	93809983	789	14	0.0000650492	0.000000293811
5	93809984	95963518	1316	14	0.0000049487	0.000000376543
5	95963519	97315600	935	14	0.0001647472	0.000000276750
5	97315601	99260991	1145	14	0.0003472933	0.000000387363
5	99260992	101578768	1317	14	-0.0001074239	0.000000368576
5	101578769	103320004	1070	14	0.0002315398	0.000000379161
5	103320005	104851482	1041	14	0.0001813167	0.000000328346
5	104851483	105893054	402	14	0.0000543155	0.000000179926
5	105893055	107264195	1166	14	0.0001421428	0.000000386269
5	107264196	108633933	901	14	0.0001699380	0.000000330981
5	108633934	110821143	1489	14	0.0000648020	0.000000380786
5	110821144	111981561	868	14	0.0000955616	0.000000373098
5	111981562	113396284	1177	14	0.0001411280	0.000000386197
5	113396285	114830369	1103	14	-0.0000432685	0.000000373124
5	114830370	115831046	894	14	0.0000075670	0.000000346472
5	115831047	117346212	1337	14	0.0004201322	0.000000405978
5	117346213	118608819	810	14	0.0001448620	0.000000373020
5	118608820	119669041	713	14	-0.0000695796	0.000000280956
5	119669042	120452165	570	14	0.0000699632	0.000000207785
5	120452166	122556904	1418	14	0.0000728291	0.000000381355
5	122556905	123798099	999	14	0.0003607732	0.000000401769
5	123798100	125785648	1851	14	0.0002899393	0.000000396748
5	125785649	127344603	824	14	-0.0000519494	0.000000327399
5	127344604	129519024	1548	14	0.0001577391	0.000000387375
5	129519025	132139648	1134	14	0.0003553543	0.000000330381
5	132139649	134777400	1537	14	0.0000472595	0.000000379542
5	134777401	136376049	1215	14	0.0003674865	0.000000402245
5	136376050	139265071	1228	14	0.0000801398	0.000000381873
5	139265072	140645970	590	14	0.0003384623	0.000000210489
5	140645971	142981247	1541	14	0.0000656311	0.000000380845
5	142981248	144943353	1435	14	0.0001520870	0.000000386974
5	144943354	147181997	1509	14	0.0001978541	0.000000390219
5	147181998	148662623	1172	14	-0.0000284230	0.000000374177
5	148662624	150561297	1457	14	-0.0000292083	0.000000374121
5	150561298	152867773	1817	14	-0.0000775589	0.000000369793
5	152867774	153773087	950	14	0.0003822045	0.000000287154
5	153773088	155373504	1188	14	0.0002078528	0.000000390928
5	155373505	156628699	782	14	0.0000910511	0.000000280633
5	156628700	158825697	1765	14	0.0002682545	0.000000395210
5	158825698	159973943	723	14	0.0003367153	0.000000376837
5	159973944	161482132	1100	14	-0.0000581522	0.000000343580
5	161482133	162743907	877	14	0.0000905988	0.000000314232
5	162743908	163771581	850	14	-0.0000276255	0.000000325649
5	163771582	165642394	1209	14	-0.0000961458	0.000000369375
5	165642395	166847739	881	14	-0.0000017535	0.000000376067
5	166847740	168525317	1306	14	0.0001677944	0.000000388088
5	168525318	169505663	878	14	0.0000379374	0.000000378881
5	169505664	171074291	1223	14	0.0004123569	0.000000405427
5	171074292	172678326	1136	14	0.0000846185	0.000000382191
5	172678327	173642870	944	14	0.0000730732	0.000000381372
5	173642871	175450594	1518	14	-0.0000796573	0.000000370544
5	175450595	177251506	529	14	0.0002430894	0.000000262707
5	177251507	178413463	792	14	0.0002434396	0.000000393451
5	178413464	179401243	621	14	0.0002195702	0.000000360601
5	179401244	180559932	592	14	0.0000422376	0.000000303165
5	180559933	180885155	83	12	-0.0001002691	0.000000038478
6	73924	1452361	1303	14	-0.0000516383	0.000000372531
6	1452362	2458935	818	14	0.0000366435	0.000000378790
6	2458936	3573592	1034	14	0.0000687424	0.000000381065
6	3573593	4617816	1097	14	0.0000591574	0.000000380386
6	4617817	5791471	1120	14	0.0000051827	0.000000376559
6	5791472	6785206	1076	14	0.0001651818	0.000000387903
6	6785207	7808935	935	14	0.0001490011	0.000000386755
6	7808936	9020025	1212	14	0.0000644783	0.000000380763
6	9020026	10540316	1322	14	0.0001325991	0.000000385593
6	10540317	11790815	1028	14	-0.0000172916	0.000000374966
6	11790816	13209387	1221	14	-0.0000101508	0.000000375472
6	13209388	14802923	1310	14	0.0000575203	0.000000380270
6	14802924	17386404	1909	14	-0.0000808556	0.000000370459
6	17386405	19207486	1442	14	0.0001342046	0.000000385706
6	19207487	21684064	2133	14	0.0002720784	0.000000395481
6	21684065	22748306	1083	14	0.0001800903	0.000000388960
6	22748307	23936618	1160	14	0.0000821004	0.000000382012
6	23936619	24852274	746	14	0.0002809543	0.000000394310
6	24852275	25684586	927	14	0.0000361883	0.000000345863
6	25684587	26791232	878	14	0.0000766693	0.000000232572
6	26791233	28017818	547	14	-0.0000502324	0.000000146571
6	28017819	28917607	578	14	-0.0001001686	0.000000108577
6	28917608	29737970	883	14	0.0000044991	0.000000199319
6	29737971	30798167	1778	14	-0.0001119459	0.000000318819
6	30798168	31571217	1598	14	0.0000855059	0.000000351110
6	31571218	32682663	1161	14	0.0000228627	0.000000335302
6	32682664	33236496	1180	14	0.0000156996	0.000000323524
6	33236497	35455755	1317	14	0.0007806611	0.000000431538
6	35455756	37572595	1423	14	0.0000608275	0.000000380504
6	37572596	39295676	1528	14	-0.0000925784	0.000000369628
6	39295677	40345114	816	14	0.0000569256	0.000000306747
6	40345115	42038720	1331	14	-0.0000479103	0.000000372795
6	42038721	43756168	729	14	0.0001738991	0.000000362655
6	43756169	45406562	1175	14	-0.0000146534	0.000000375153
6	45406563	47311897	1509	14	-0.0000049823	0.000000375839
6	47311898	48391124	898	14	0.0001845810	0.000000237786
6	48391125	50386144	1449	14	0.0002252657	0.000000311016
6	50386145	52210475	1375	14	0.0002197534	0.000000391772
6	52210476	53279101	821	14	0.0002456573	0.000000337196
6	53279102	55468269	2039	14	0.0002830611	0.000000396260
6	55468270	56105312	646	14	0.0001551122	0.000000136354
6	56105313	57599464	785	14	-0.0000455126	0.000000264393
6	57599465	61880511	379	14	0.0004265195	0.000000109475
6	61880512	63552887	1065	14	0.0001816354	0.000000207138
6	63552888	65765741	1232	14	0.0002275669	0.000000333334
6	65765742	67329214	1618	14	-0.0000227787	0.000000374577
6	67329215	68849482	1358	14	0.0001794393	0.000000363931
6	68849483	69523447	585	14	0.0001176367	0.000000162006
6	69523448	71609509	1715	14	-0.0000167405	0.000000375005
6	71609510	73450096	1511	14	0.0000953088	0.000000382949
6	73450097	75462002	1244	14	-0.0000871552	0.000000370013
6	75462003	77414880	1037	14	-0.0001162897	0.000000288586
6	77414881	78957727	1360	14	0.0001862187	0.000000282383
6	78957728	80691169	1330	14	0.0003395257	0.000000400263
6	80691170	81929221	1066	14	0.0000086335	0.000000185051
6	81929222	83127148	849	14	0.0000777318	0.000000278037
6	83127149	85209988	1196	14	-0.0000567778	0.000000370367
6	85209989	87069499	1398	14	-0.0000437900	0.000000330586
6	87069500	88822139	1208	14	0.0000998238	0.000000374294
6	88822140	89973051	890	14	0.0003551623	0.000000378143
6	89973052	91843195	1488	14	0.0002695738	0.000000395304
6	91843196	93428643	1278	14	0.0000764917	0.000000381615
6	93428644	94118141	703	14	0.0001027368	0.000000224925
6	94118142	94441174	208	11	0.0001382280	0.000000056365
6	94441175	97093510	1938	14	0.0000381044	0.000000378893
6	97093511	97842283	556	14	0.0000693094	0.000000147641
6	97842284	100630145	1834	14	0.0000503921	0.000000379764
6	100630146	102636771	1313	14	-0.0000827684	0.000000370324
6	102636772	103983394	928	14	0.0001608037	0.000000243266
6	103983395	106056732	1392	14	0.0001659480	0.000000387957
6	106056733	107450305	1203	14	0.0000967882	0.000000383054
6	107450306	108464379	617	14	0.0002509810	0.000000267310
6	108464380	110304246	1071	14	-0.0000984546	0.000000345136
6	110304247	112345013	1201	14	0.0001771098	0.000000388748
6	112345014	114220832	1397	14	0.0000107227	0.000000376952
6	114220833	116131395	1151	14	0.0000812395	0.000000322130
6	116131396	117672971	1046	14	0.0003143788	0.000000331753
6	117672972	118963114	849	14	0.0005067463	0.000000273218
6	118963115	119963277	755	14	0.0000108102	0.000000212189
6	119963278	120512127	503	14	0.0000702865	0.000000120493
6	120512128	121905675	1071	14	0.0002017509	0.000000251747
6	121905676	123856180	1451	14	0.0001494009	0.000000386784
6	123856181	125424382	1268	14	0.0000014002	0.000000376291
6	125424383	127540460	1026	14	0.0002128462	0.000000369836
6	127540461	129861030	1518	14	-0.0000422402	0.000000373197
6	129861031	130935453	1041	14	0.0002183315	0.000000391671
6	130935454	132765668	1374	14	0.0000743161	0.000000381461
6	132765669	134244242	1256	14	0.0002436145	0.000000393463
6	134244243	136224176	1235	14	0.0003270349	0.000000399378
6	136224177	137614217	651	14	-0.0001556340	0.000000268211
6	137614218	138822628	936	14	0.0000809853	0.000000381933
6	138822629	139845435	699	14	0.0000226878	0.000000331810
6	139845436	142288478	1372	14	0.0001511924	0.000000386911
6	142288479	145319809	2150	14	0.0001775583	0.000000388780
6	145319810	146665423	903	14	-0.0000415636	0.000000166438
6	146665424	148920351	1851	14	0.0001350917	0.000000385769
6	148920352	150253403	1064	14	0.0002523470	0.000000394082
6	150253404	151912702	1653	14	0.0000022582	0.000000376352
6	151912703	153094495	1044	14	0.0001485664	0.000000386725
6	153094496	154974119	1785	14	0.0001076515	0.000000383824
6	154974120	156763325	1379	14	0.0000672998	0.000000380963
6	156763326	158218718	636	14	0.0006699122	0.000000364604
6	158218719	160580496	2071	14	0.0000362242	0.000000378760
6	160580497	162169563	1399	14	-0.0001207033	0.000000367634
6	162169564	162931202	713	14	-0.0000573003	0.000000330501
6	162931203	164383520	1408	14	-0.0000191209	0.000000374836
6	164383521	165586863	1295	14	0.0000419377	0.000000379165
6	165586864	167024732	1558	14	0.0000527312	0.000000379930
6	167024733	168042834	878	14	0.0002186205	0.000000383608
6	168042835	169382049	1240	14	0.0001619050	0.000000387670
6	169382050	170330172	834	14	-0.0000635321	0.000000265596
6	170330173	171051269	489	14	0.0000366623	0.000000201578
7	16161	972751	162	14	0.0002431035	0.000000105506
7	972752	1353066	145	14	0.0002421578	0.000000097967
7	1353067	2062397	249	14	0.0001079517	0.000000151075
7	2062398	2772226	360	14	-0.0001221804	0.000000205186
7	2772227	4573427	1742	14	0.0001818223	0.000000389082
7	4573428	5416231	323	14	0.0000494500	0.000000213343
7	5416232	5854525	157	14	0.0002458480	0.000000101613
7	5854526	6573856	238	14	0.0000787386	0.000000138174
7	6573857	7808751	871	14	0.0001107018	0.000000384040
7	7808752	9123422	1556	14	0.0000755222	0.000000381546
7	9123423	9987498	856	14	0.0001757947	0.000000388655
7	9987499	11299197	1172	14	0.0000906378	0.000000382618
7	11299198	12635460	1632	14	0.0001501090	0.000000386834
7	12635461	13884201	1353	14	0.0004144108	0.000000405572
7	13884202	15143656	1258	14	0.0000656221	0.000000380844
7	15143657	16902068	1597	14	0.0001596511	0.000000387511
7	16902069	19481546	2035	14	0.0000234748	0.000000377856
7	19481547	20124907	579	14	-0.0000711139	0.000000226945
7	20124908	22507628	2345	14	-0.0000198218	0.000000374786
7	22507629	23471441	577	14	0.0000470857	0.000000281682
7	23471442	25077258	1327	14	0.0000620161	0.000000380589
7	25077259	25909554	926	14	0.0006477501	0.000000422115
7	25909555	28360308	1946	14	0.0001845831	0.000000389278
7	28360309	31137288	2120	14	0.0002318246	0.000000392627
7	31137289	33555767	2081	14	0.0000916799	0.000000382692
7	33555768	36213537	2056	14	0.0000072159	0.000000376703
7	36213538	37555183	1159	14	0.0001076434	0.000000383823
7	37555184	38966702	1307	14	-0.0000296074	0.000000374093
7	38966703	39862669	624	14	0.0002316377	0.000000236353
7	39862670	42001810	1308	14	0.0001755290	0.000000388636
7	42001811	43159073	873	14	0.0000002299	0.000000335443
7	43159074	44763827	958	14	0.0003093308	0.000000375783
7	44763828	45952921	698	14	-0.0000174012	0.000000299800
7	45952922	46986719	1029	14	0.0001288980	0.000000324641
7	46986720	49212277	1832	14	0.0002136437	0.000000391338
7	49212278	51675321	1932	14	0.0005085986	0.000000412250
7	51675322	53176311	1589	14	0.0001052581	0.000000383654
7	53176312	54222975	908	14	0.0001516950	0.000000275829
7	54222976	55691583	1142	14	0.0001368818	0.000000385896
7	55691584	57382637	610	14	0.0000816505	0.000000203967
7	57382638	63307358	427	14	0.0001782117	0.000000168463
7	63307359	63641124	152	10	0.0000914609	0.000000049249
7	63641125	65689808	747	14	0.0002450970	0.000000223198
7	65689809	68234073	1567	14	0.0000972685	0.000000383088
7	68234074	69085363	515	14	0.0002073494	0.000000218991
7	69085364	71874884	1591	14	-0.0000497301	0.000000372666
7	71874885	73334601	238	14	0.0000089599	0.000000102227
7	73334602	76458563	582	14	0.0002570072	0.000000321731
7	76458564	78093858	1177	14	0.0003901921	0.000000403855
7	78093859	79888068	1452	14	0.0001587238	0.000000387445
7	79888069	82022685	1544	14	0.0001913813	0.000000389760
7	82022686	83801202	1447	14	0.0000573256	0.000000380256
7	83801203	85572181	1061	14	0.0000338812	0.000000270816
7	85572182	87825003	1213	14	-0.0000069047	0.000000340182
7	87825004	90661783	2576	14	0.0000400192	0.000000379029
7	90661784	92493751	734	14	0.0001746112	0.000000288186
7	92493752	93966600	782	14	0.0000970442	0.000000337070
7	93966601	96073507	1327	14	0.0002003014	0.000000390393
7	96073508	97099569	619	14	0.0001593539	0.000000247960
7	97099570	98715473	815	14	0.0000868544	0.000000334613
7	98715474	100196650	384	14	0.0005306536	0.000000166921
7	100196651	101199252	406	14	0.0002241710	0.000000221728
7	101199253	103197509	710	14	-0.0000002631	0.000000314653
7	103197510	104159524	958	14	0.0000222260	0.000000368795
7	104159525	105682904	850	14	-0.0000836253	0.000000370263
7	105682905	107780177	1417	14	0.0001139767	0.000000384272
7	107780178	109647593	1255	14	0.0002666055	0.000000394192
7	109647594	112618683	1634	14	0.0001165783	0.000000384457
7	112618684	113712386	549	14	0.0000477922	0.000000177961
7	113712387	116780177	1536	14	0.0002325773	0.000000392681
7	116780178	118351580	902	14	-0.0000133579	0.000000215975
7	118351581	121045272	1115	14	0.0004834463	0.000000323346
7	121045273	121933629	451	14	0.0002272471	0.000000168949
7	121933630	124156804	1616	14	0.0002108594	0.000000391141
7	124156805	124167551	9	2	0.0000814245	0.000000009270
7	124167552	126519169	1826	14	0.0002152000	0.000000391449
7	126519170	126869220	377	14	0.0000657612	0.000000099292
7	126869221	128778385	1087	14	0.0002293200	0.000000387055
7	128778386	130422413	744	14	-0.0001399427	0.000000315974
7	130422414	132805847	1713	14	0.0000818707	0.000000381996
7	132805848	134307595	1034	14	0.0001973540	0.000000320923
7	134307596	135591082	977	14	0.0000561335	0.000000377473
7	135591083	136876561	953	14	0.0001721502	0.000000338045
7	136876562	138744678	1120	14	0.0000118605	0.000000377033
7	138744679	139933176	507	14	0.0000220595	0.000000224770
7	139933177	140235209	173	14	0.0001451361	0.000000095265
7	140235210	141226556	525	14	0.0000330565	0.000000193635
7	141226557	142656309	919	14	0.0000654338	0.000000282976
7	142656310	144968288	1148	14	0.0000204013	0.000000377638
7	144968289	146427959	1054	14	-0.0000072632	0.000000307318
7	146427960	147815317	1433	14	0.0003727338	0.000000402617
7	147815318	149840657	1081	14	0.0000190274	0.000000377541
7	149840658	150711504	556	14	0.0001315815	0.000000219117
7	150711505	152249805	734	14	0.0000706505	0.000000381201
7	152249806	153674018	976	14	0.0001177671	0.000000384541
7	153674019	154964729	978	14	0.0002105014	0.000000391116
7	154964730	156065249	896	14	0.0003409423	0.000000400364
7	156065250	157634596	942	14	0.0000036406	0.000000375550
7	157634597	159128574	844	14	0.0005224871	0.000000413234
8	10422	1044216	704	14	0.0001859812	0.000000389377
8	1044217	1163244	128	14	0.0000133392	0.000000067951
8	1163245	2042941	740	14	-0.0000038428	0.000000375919
8	2042942	2573278	602	14	0.0002280983	0.000000372690
8	2573279	3392925	1115	14	0.0004044377	0.000000404865
8	3392926	3783016	871	14	-0.0000189936	0.000000374845
8	3783017	4480475	1291	14	-0.0000238957	0.000000374498
8	4480476	5146926	970	14	0.0002745271	0.000000395655
8	5146927	6142796	1752	14	-0.0000876122	0.000000369980
8	6142797	7153078	938	14	-0.0000943726	0.000000369501
8	7153079	9154693	1143	14	0.0001935103	0.000000389911
8	9154694	9640786	464	14	0.0004177119	0.000000255773
8	9640787	10463196	930	14	0.0002045471	0.000000390694
8	10463197	11278997	740	14	0.0001869335	0.000000389445
8	11278998	13491774	1498	14	0.0002406851	0.000000393256
8	13491775	13944991	693	14	0.0001082491	0.000000289329
8	13944992	15991659	2248	14	-0.0000520897	0.000000372499
8	15991660	17387875	1165	14	0.0000307794	0.000000378374
8	17387876	17836398	535	14	0.0000775236	0.000000271422
8	17836399	19492839	1770	14	0.0003688003	0.000000402339
8	19492840	20060855	607	14	0.0000997048	0.000000312320
8	20060856	21661736	1554	14	0.0001544275	0.000000387140
8	21661737	22897056	720	14	0.0003619131	0.000000401850
8	22897057	24674717	1284	14	0.0002293430	0.000000392451
8	24674718	25483453	536	14	0.0001202546	0.000000198992
8	25483454	26682524	1156	14	0.0003019319	0.000000397598
8	26682525	28162391	1519	14	0.0000422930	0.000000379190
8	28162392	29327895	672	14	0.0001910291	0.000000284374
8	29327896	31133728	1077	14	0.0001104097	0.000000384019
8	31133729	31548359	274	14	0.0001802145	0.000000114883
8	31548360	32977217	1045	14	0.0000918495	0.000000343672
8	32977218	35317231	1451	14	0.0002287556	0.000000341183
8	35317232	37379388	810	14	0.0001312855	0.000000293460
8	37379389	38938805	553	14	0.0003509538	0.000000267075
8	38938806	40703336	1181	14	0.0001536157	0.000000387083
8	40703337	41721453	742	14	0.0002658359	0.000000359485
8	41721454	42773822	308	14	0.0000750957	0.000000130044
8	42773823	46841314	106	10	0.0001001960	0.000000046655
8	46841315	50082469	836	14	-0.0000093224	0.000000286884
8	50082470	53302929	2259	14	-0.0000682234	0.000000371355
8	53302930	54418043	816	14	0.0001060290	0.000000250634
8	54418044	55945580	1032	14	0.0003066915	0.000000355382
8	55945581	56956382	734	14	-0.0001357840	0.000000240875
8	56956383	59068650	1622	14	0.0001671920	0.000000388045
8	59068651	59728099	621	14	-0.0000110621	0.000000202092
8	59728100	62329098	1780	14	-0.0000070250	0.000000375694
8	62329099	63349305	758	14	-0.0000342697	0.000000201237
8	63349306	65232871	1288	14	-0.0000199349	0.000000359563
8	65232872	66489089	742	14	0.0002687189	0.000000280794
8	66489090	69863056	1770	14	0.0001020381	0.000000383426
8	69863057	70867978	900	14	-0.0000465574	0.000000362134
8	70867979	72289453	990	14	-0.0000449952	0.000000314926
8	72289454	73817198	1505	14	0.0002251947	0.000000392157
8	73817199	75445063	1171	14	0.0001616007	0.000000387649
8	75445064	76456541	701	14	0.0003752478	0.000000226137
8	76456542	79132860	1848	14	0.0000764839	0.000000381614
8	79132861	81956394	1569	14	-0.0000283256	0.000000374184
8	81956395	82693738	517	14	0.0001503257	0.000000177651
8	82693739	84225588	1182	14	0.0000913099	0.000000280651
8	84225589	85955618	969	14	0.0001914708	0.000000265554
8	85955619	87411708	518	14	0.0000950215	0.000000159685
8	87411709	89085480	1110	14	-0.0000603113	0.000000345189
8	89085481	90638161	961	14	0.0000657160	0.000000292181
8	90638162	93554385	1534	14	0.0000439537	0.000000379308
8	93554386	95005526	785	14	0.0001333679	0.000000321527
8	95005527	96534805	1159	14	0.0002157797	0.000000391490
8	96534806	99401580	2087	14	0.0001402822	0.000000386137
8	99401581	101620957	821	14	-0.0000840604	0.000000250208
8	101620958	104123305	1916	14	0.0002311651	0.000000392581
8	104123306	104988751	706	14	0.0001001847	0.000000161520
8	104988752	107410753	1836	14	0.0001201705	0.000000384711
8	107410754	108648176	1107	14	0.0000139469	0.000000313943
8	108648177	109248172	510	14	0.0000314135	0.000000119893
8	109248173	110484313	959	14	0.0001831670	0.000000216515
8	110484314	111850846	740	14	0.0000689642	0.000000188525
8	111850847	113064319	749	14	0.0001555251	0.000000150047
8	113064320	116096494	2155	14	-0.0000975604	0.000000369275
8	116096495	119685456	2567	14	0.0003900029	0.000000403842
8	119685457	121201699	1233	14	0.0000193569	0.000000373968
8	121201700	124861458	2707	14	0.0000968962	0.000000383061
8	124861459	125683718	591	14	-0.0000276465	0.000000236399
8	125683719	126410916	471	14	0.0000616238	0.000000205650
8	126410917	128659110	1843	14	0.0001288632	0.000000385328
8	128659111	130381138	1475	14	0.0002059750	0.000000390795
8	130381139	131639624	945	14	0.0002137371	0.000000386848
8	131639625	133351143	1622	14	0.0000006074	0.000000376235
8	133351144	134570000	1393	14	-0.0000247003	0.000000374441
8	134570001	136035604	1580	14	-0.0000081502	0.000000375614
8	136035605	137524150	1277	14	0.0001062745	0.000000383726
8	137524151	139254829	1768	14	0.0001933295	0.000000389898
8	139254830	140725642	1437	14	0.0001336250	0.000000385665
8	140725643	143044913	1524	14	0.0001582501	0.000000387411
8	143044914	144236880	719	14	-0.0000446010	0.000000308094
8	144236881	146303866	596	14	0.0001425599	0.000000318757
9	10023	1079706	1035	14	0.0000022424	0.000000376351
9	1079707	1916876	1212	14	0.0000136652	0.000000377161
9	1916877	3190063	1456	14	0.0001204647	0.000000384732
9	3190064	4495327	1377	14	0.0000123760	0.000000377069
9	4495328	4884925	436	14	0.0000649563	0.000000245327
9	4884926	6557588	1060	14	-0.0000556333	0.000000372248
9	6557589	7154922	589	14	0.0001479419	0.000000315728
9	7154923	8456298	1833	14	0.0001218498	0.000000384831
9	8456299	9166402	778	14	0.0000605070	0.000000380482
9	9166403	10879252	2057	14	0.0000730066	0.000000381368
9	10879253	12276488	1432	14	0.0001136418	0.000000384249
9	12276489	14836362	2567	14	0.0000136109	0.000000377157
9	14836363	16659654	1646	14	0.0004622343	0.000000408963
9	16659655	18661050	2048	14	0.0001639100	0.000000387812
9	18661051	20463533	1605	14	0.0000360735	0.000000378749
9	20463534	22206558	1448	14	0.0001684559	0.000000388135
9	22206559	24158517	1365	14	0.0001765265	0.000000387806
9	24158518	25330809	711	14	0.0000838930	0.000000370484
9	25330810	26111756	598	14	0.0002462993	0.000000377534
9	26111757	28224282	1951	14	0.0000873857	0.000000382387
9	28224283	28811583	573	14	-0.0000153937	0.000000217404
9	28811584	30387391	1521	14	0.0000794974	0.000000381828
9	30387392	31310382	823	14	0.0001150624	0.000000220300
9	31310383	32019367	644	14	-0.0000548948	0.000000146245
9	32019368	33578333	1286	14	0.0000258143	0.000000378022
9	33578334	34642242	574	14	0.0000603856	0.000000152123
9	34642243	36743282	1033	14	-0.0000533837	0.000000372407
9	36743283	38641598	1389	14	0.0001043320	0.000000383589
9	38641599	65472189	195	14	0.0000357621	0.000000102023
9	65472190	72512710	1104	14	-0.0000298940	0.000000373172
9	72512711	72753754	215	14	0.0000118068	0.000000055349
9	72753755	74253039	1222	14	0.0003186800	0.000000397884
9	74253040	76203945	1231	14	-0.0001129602	0.000000368183
9	76203946	76973080	521	14	0.0000685234	0.000000139620
9	76973081	78900182	1694	14	0.0000683852	0.000000381040
9	78900183	79471207	498	14	0.0002051036	0.000000270585
9	79471208	81079054	1143	14	0.0000561221	0.000000380171
9	81079055	82590927	1281	14	-0.0000780615	0.000000370657
9	82590928	84211232	1655	14	-0.0000887687	0.000000369898
9	84211233	85440800	655	14	0.0000395535	0.000000300436
9	85440801	86938195	1296	14	0.0000065735	0.000000376658
9	86938196	88109332	972	14	0.0003815098	0.000000387113
9	88109333	88590416	204	14	0.0000129460	0.000000073247
9	88590417	90136245	1197	14	0.0000151330	0.000000377265
9	90136246	92528697	1688	14	-0.0000049311	0.000000375842
9	92528698	94167202	1235	14	-0.0000116163	0.000000375368
9	94167203	96671697	1612	14	0.0000995840	0.000000383252
9	96671698	98922039	1250	14	0.0002153074	0.000000391456
9	98922040	101592858	1585	14	0.0003044222	0.000000397774
9	101592859	104624436	2152	14	-0.0000762473	0.000000370786
9	104624437	105967975	1516	14	0.0002655936	0.000000395022
9	105967976	107581748	1667	14	0.0002215075	0.000000391896
9	107581749	109298753	1254	14	0.0001318466	0.000000385539
9	109298754	110695061	1085	14	0.0000897512	0.000000382555
9	110695062	112778023	2308	14	-0.0000645362	0.000000371616
9	112778024	114831081	1806	14	0.0005147325	0.000000412685
9	114831082	115693144	692	14	-0.0000215707	0.000000209913
9	115693145	117019800	1202	14	0.0000087377	0.000000376811
9	117019801	117921959	900	14	0.0001101991	0.000000383104
9	117921960	121321536	3064	14	0.0000116528	0.000000377018
9	121321537	122260296	805	14	0.0001724500	0.000000297201
9	122260297	124871321	1605	14	0.0000939966	0.000000382856
9	124871322	126971886	1230	14	0.0002596522	0.000000394600
9	126971887	129059664	966	14	-0.0001182676	0.000000367807
9	129059665	130055509	622	14	0.0001110877	0.000000270503
9	130055510	132165469	949	14	0.0001230732	0.000000384917
9	132165470	133223216	614	14	0.0001555598	0.000000324809
9	133223217	134127887	555	14	0.0001893459	0.000000316101
9	134127888	135298841	748	14	0.0001207839	0.000000356248
9	135298842	137041121	1186	14	0.0004607736	0.000000408859
9	137041122	137589363	384	14	0.0000004853	0.000000224835
9	137589364	138938977	1148	14	0.0000924578	0.000000382747
9	138938978	139500341	223	14	0.0001284074	0.000000131637
9	139500342	141144795	409	14	0.0001097843	0.000000228571
10	60523	751338	236	14	0.0000946990	0.000000130703
10	751339	1523543	636	14	0.0002616725	0.000000332309
10	1523544	2254499	946	14	-0.0000127866	0.000000375285
10	2254500	3352698	1301	14	-0.0000828858	0.000000370315
10	3352699	4572273	1260	14	0.0000700980	0.000000381161
10	4572274	5983761	1413	14	0.0000954887	0.000000382962
10	5983762	7171483	1252	14	0.0001281333	0.000000385276
10	7171484	8774664	1622	14	0.0001404213	0.000000386147
10	8774665	10249395	1240	14	0.0000667193	0.000000380922
10	10249396	12586796	1998	14	0.0001935252	0.000000389912
10	12586797	13321599	769	14	0.0001239978	0.000000384983
10	13321600	15026067	1665	14	-0.0000024542	0.000000376018
10	15026068	16551766	1123	14	0.0000056091	0.000000376589
10	16551767	18537266	1539	14	-0.0000037410	0.000000375927
10	18537267	19716877	1285	14	-0.0000573882	0.000000372123
10	19716878	22772282	2058	14	0.0000562164	0.000000380177
10	22772283	23175131	278	14	-0.0000377397	0.000000108023
10	23175132	25578595	1568	14	0.0000796878	0.000000381841
10	25578596	26888683	1292	14	-0.0000271819	0.000000367083
10	26888684	29323235	1955	14	0.0002435045	0.000000393455
10	29323236	29783691	532	14	0.0001173108	0.000000229101
10	29783692	30458837	720	14	0.0001009045	0.000000344313
10	30458838	31907518	1044	14	0.0000582194	0.000000379419
10	31907519	33707967	1335	14	0.0002292590	0.000000392446
10	33707968	35109354	1049	14	0.0001025419	0.000000383462
10	35109355	36572507	922	14	0.0000594772	0.000000327483
10	36572508	37790028	757	14	0.0001046637	0.000000267592
10	37790029	42372578	584	14	-0.0000184224	0.000000084532
10	42372579	43894770	688	14	0.0001037866	0.000000256131
10	43894771	44730074	697	14	0.0000495888	0.000000227498
10	44730075	48760449	1470	14	0.0000207487	0.000000377663
10	48760450	50840914	1311	14	0.0001445648	0.000000386441
10	50840915	53616628	1487	14	0.0006551625	0.000000422641
10	53616629	55103571	1506	14	0.0001843448	0.000000389261
10	55103572	57031139	1987	14	0.0002239839	0.000000392072
10	57031140	57662145	516	14	0.0000915759	0.000000107305
10	57662146	58959527	1252	14	0.0001229398	0.000000216949
10	58959528	60289986	1131	14	0.0001940898	0.000000272259
10	60289987	61891408	1155	14	0.0000320283	0.000000378462
10	61891409	62659678	666	14	0.0000553454	0.000000220020
10	62659679	63341694	330	14	-0.0000564184	0.000000109524
10	63341695	65794113	1798	14	0.0003834336	0.000000403376
10	65794114	67549614	1261	14	0.0001724462	0.000000355507
10	67549615	69900147	2033	14	0.0005067611	0.000000412120
10	69900148	70195990	202	14	0.0000383302	0.000000067705
10	70195991	72220849	1551	14	0.0001391284	0.000000386056
10	72220850	73508511	1375	14	0.0000817475	0.000000381987
10	73508512	75422549	723	14	0.0002777897	0.000000234091
10	75422550	78706813	1624	14	0.0001029041	0.000000383487
10	78706814	80876748	1923	14	-0.0000242854	0.000000374470
10	80876749	82414678	1005	14	0.0004175768	0.000000405797
10	82414679	84383744	1591	14	0.0001378235	0.000000385963
10	84383745	85458702	1154	14	-0.0000041232	0.000000281400
10	85458703	87937576	2218	14	0.0002050624	0.000000390730
10	87937577	89127063	492	14	0.0000311471	0.000000201963
10	89127064	91013380	1420	14	0.0006257943	0.000000420559
10	91013381	92006580	849	14	-0.0000113446	0.000000300228
10	92006581	93335046	1009	14	0.0000997709	0.000000342486
10	93335047	95396367	1193	14	0.0000746089	0.000000381481
10	95396368	96221242	535	14	-0.0000241850	0.000000191916
10	96221243	97822356	1054	14	0.0002556241	0.000000338763
10	97822357	100241301	1547	14	0.0002845540	0.000000396366
10	100241302	100668399	343	14	-0.0000391302	0.000000089225
10	100668400	102949238	1314	14	-0.0000293489	0.000000374111
10	102949239	104380409	510	14	0.0003445691	0.000000180860
10	104380410	106695047	1396	14	0.0001546758	0.000000387158
10	106695048	108726685	1619	14	-0.0000991970	0.000000369159
10	108726686	110317704	1475	14	0.0001412779	0.000000386208
10	110317705	112561492	1632	14	0.0000305650	0.000000378359
10	112561493	115328431	1995	14	0.0001351400	0.000000385773
10	115328432	116421405	930	14	0.0000464163	0.000000379483
10	116421406	119523933	2051	14	0.0003392600	0.000000400244
10	119523934	120591352	773	14	0.0000084772	0.000000361576
10	120591353	122407322	1275	14	-0.0000148149	0.000000375141
10	122407323	123231464	749	14	0.0002740147	0.000000353071
10	123231465	123900544	505	14	0.0004613886	0.000000268421
10	123900545	125869345	1500	14	0.0000511704	0.000000379820
10	125869346	128001097	1839	14	-0.0000075957	0.000000375653
10	128001098	129154361	965	14	0.0000941564	0.000000382867
10	129154362	130844283	1730	14	0.0001941923	0.000000389959
10	130844284	131741326	838	14	0.0002972063	0.000000372270
10	131741327	132580244	905	14	-0.0000041471	0.000000349166
10	132580245	134336328	1759	14	0.0001162171	0.000000384431
10	134336329	134494672	59	6	0.0000598092	0.000000027433
10	134494673	135523864	478	14	0.0000946755	0.000000240208
11	70855	1213589	396	14	0.0001365492	0.000000217126
11	1213590	3665480	1521	14	0.0000006012	0.000000376234
11	3665481	4746708	868	14	0.0003410942	0.000000400374
11	4746709	6322868	2162	14	0.0000113242	0.000000376995
11	6322869	7436700	1029	14	0.0000202614	0.000000377628
11	7436701	8333273	848	14	-0.0001398156	0.000000366279
11	8333274	9087316	500	14	0.0004500949	0.000000243070
11	9087317	10952026	1197	14	0.0000442646	0.000000379330
11	10952027	12564228	2006	14	0.0001284376	0.000000385298
11	12564229	13373123	794	14	0.0000353346	0.000000322326
11	13373124	15742551	1658	14	0.0001747236	0.000000388579
11	15742552	17578401	1132	14	0.0000415308	0.000000379136
11	17578402	19569534	1503	14	0.0001562517	0.000000387270
11	19569535	21017137	1397	14	0.0004322939	0.000000406840
11	21017138	22374141	1202	14	0.0001363393	0.000000385858
11	22374142	24088516	1513	14	0.0000730176	0.000000381368
11	24088517	26045752	1766	14	0.0000877364	0.000000382412
11	26045753	27020460	827	14	0.0001363423	0.000000277216
11	27020461	28481592	774	14	0.0003347026	0.000000272397
11	28481593	30141356	982	14	0.0000462571	0.000000308544
11	30141357	32276900	1313	14	0.0000545428	0.000000380059
11	32276901	33958738	1037	14	-0.0000113220	0.000000375389
11	33958739	35502604	1582	14	0.0003013240	0.000000397555
11	35502605	37116814	1378	14	0.0000863218	0.000000382312
11	37116815	39382002	1493	14	0.0002279017	0.000000348066
11	39382003	42310002	2248	14	0.0001593872	0.000000387492
11	42310003	44693798	1938	14	-0.0000748046	0.000000370888
11	44693799	47006136	1329	14	0.0001717946	0.000000388371
11	47006137	49866049	1081	14	0.0003858560	0.000000256713
11	49866050	54695472	437	10	0.0001027886	0.000000073521
11	54695473	55082656	34	5	0.0000373203	0.000000014125
11	55082657	58457494	2743	14	0.0000372471	0.000000378832
11	58457495	58780548	181	9	-0.0000082554	0.000000040389
11	58780549	62223770	1740	14	-0.0000838549	0.000000370247
11	62223771	63804568	470	14	0.0001009247	0.000000187732
11	63804569	65898630	776	14	0.0004762222	0.000000396497
11	65898631	68005824	497	14	0.0003403918	0.000000237708
11	68005825	69516129	870	14	0.0002371738	0.000000393007
11	69516130	70926291	876	14	0.0001268894	0.000000385188
11	70926292	72286016	629	14	0.0001323571	0.000000234904
11	72286017	74412350	1014	14	0.0003672420	0.000000402228
11	74412351	76797208	1311	14	0.0003261750	0.000000399317
11	76797209	78355057	795	14	0.0000087906	0.000000270696
11	78355058	80722372	2096	14	0.0003756679	0.000000402825
11	80722373	81266711	643	14	-0.0000889871	0.000000224890
11	81266712	84381271	2594	14	-0.0000230481	0.000000374558
11	84381272	86619300	1531	14	-0.0000382699	0.000000373479
11	86619301	87430234	737	14	0.0002878297	0.000000240305
11	87430235	89208935	1183	14	0.0002298655	0.000000392489
11	89208936	90966489	999	14	0.0002453007	0.000000273418
11	90966490	92077143	840	14	0.0001108724	0.000000265577
11	92077144	93276156	811	14	0.0000242962	0.000000287582
11	93276157	94242259	552	14	0.0000342044	0.000000165781
11	94242260	95726040	1152	14	-0.0000238163	0.000000374503
11	95726041	97057057	965	14	-0.0001036909	0.000000368840
11	97057058	98705064	1369	14	0.0000939844	0.000000381955
11	98705065	100417168	1790	14	0.0000550401	0.000000380094
11	100417169	101331120	961	14	-0.0001486093	0.000000284616
11	101331121	103959635	2467	14	-0.0000110759	0.000000375407
11	103959636	104873283	666	14	0.0002936665	0.000000161896
11	104873284	106520893	1151	14	-0.0001272262	0.000000297138
11	106520894	107844199	1002	14	0.0000825508	0.000000381144
11	107844200	108437036	222	13	0.0002820535	0.000000083365
11	108437037	109866115	730	14	0.0000661206	0.000000288025
11	109866116	111114396	1012	14	0.0002953663	0.000000366846
11	111114397	112459487	706	14	-0.0000837895	0.000000241300
11	112459488	114257727	1517	14	0.0003535947	0.000000401261
11	114257728	114830665	506	14	0.0002959537	0.000000167890
11	114830666	116383347	1183	14	0.0003077101	0.000000398007
11	116383348	117747109	1034	14	0.0000069768	0.000000376686
11	117747110	119215475	850	14	0.0001377145	0.000000385955
11	119215476	120766805	1099	14	0.0000545372	0.000000380058
11	120766806	121175942	400	14	0.0000399804	0.000000146315
11	121175943	122591909	932	14	0.0001367760	0.000000385889
11	122591910	123500116	677	14	0.0000687280	0.000000381064
11	123500117	124495527	1014	14	0.0000756989	0.000000272117
11	124495528	126311319	1401	14	0.0004906588	0.000000410978
11	126311320	127316678	1052	14	0.0001977439	0.000000390211
11	127316679	128188536	641	14	0.0001253371	0.000000251993
11	128188537	130342574	1471	14	-0.0000758470	0.000000370814
11	130342575	131074611	726	14	0.0000700778	0.000000349140
11	131074612	133000045	1997	14	-0.0001312823	0.000000366884
11	133000046	134205992	922	14	0.0000769215	0.000000381645
11	134205993	134946451	840	14	0.0004203554	0.000000405994
12	61107	1080330	527	14	0.0001329192	0.000000291904
12	1080331	2544785	848	14	0.0000504911	0.000000379771
12	2544786	3677036	885	14	0.0003380688	0.000000400160
12	3677037	4417678	645	14	0.0000414732	0.000000339234
12	4417679	5321471	879	14	-0.0001090166	0.000000368463
12	5321472	6419752	1008	14	0.0000623568	0.000000380613
12	6419753	8377535	851	14	-0.0001581792	0.000000364977
12	8377536	9031394	250	14	0.0002954563	0.000000141898
12	9031395	10481533	1064	14	0.0000604133	0.000000380475
12	10481534	11754845	763	14	0.0000316854	0.000000273963
12	11754846	12733527	742	14	0.0002364932	0.000000392958
12	12733528	15241483	1926	14	-0.0000762426	0.000000370786
12	15241484	16310459	477	14	0.0001673057	0.000000213075
12	16310460	18087872	1292	14	-0.0000833680	0.000000370281
12	18087873	20863942	2235	14	-0.0000856901	0.000000370117
12	20863943	23820633	2156	14	0.0000032036	0.000000376419
12	23820634	25371082	1443	14	0.0000859139	0.000000382283
12	25371083	27799772	2118	14	0.0001662752	0.000000387980
12	27799773	29651254	1536	14	-0.0000438983	0.000000372180
12	29651255	30512405	1179	14	0.0003148998	0.000000391327
12	30512406	32165591	1343	14	0.0000513560	0.000000379833
12	32165592	33076988	838	14	-0.0001224974	0.000000308587
12	33076989	37856716	1042	14	0.0003486734	0.000000241432
12	37856717	39227168	464	14	0.0001076927	0.000000106355
12	39227169	40816184	1311	14	0.0001408669	0.000000350641
12	40816185	41658585	824	14	0.0003245744	0.000000238166
12	41658586	43984473	2131	14	0.0000067346	0.000000376669
12	43984474	46024228	1101	14	0.0001535061	0.000000313570
12	46024229	47714792	922	14	0.0002159776	0.000000370945
12	47714793	49001865	1028	14	0.0002258759	0.000000392206
12	49001866	51776493	1025	14	0.0000271464	0.000000378116
12	51776494	53039003	1096	14	0.0003330274	0.000000399802
12	53039004	54778822	1003	14	0.0000560950	0.000000379269
12	54778823	55665836	588	14	0.0001159416	0.000000220362
12	55665837	57548859	670	14	0.0006903705	0.000000312984
12	57548860	59308665	861	14	0.0002343864	0.000000309973
12	59308666	61123728	1087	14	0.0000071816	0.000000319474
12	61123729	64032460	2344	14	0.0001232811	0.000000384932
12	64032461	65559694	730	14	0.0001531053	0.000000316092
12	65559695	67181143	1001	14	0.0001334807	0.000000372214
12	67181144	67909728	710	14	0.0001458140	0.000000211565
12	67909729	69826541	1486	14	0.0000102614	0.000000376919
12	69826542	70957986	1115	14	-0.0000076029	0.000000339257
12	70957987	72645074	1181	14	0.0001187697	0.000000384612
12	72645075	73818453	743	14	-0.0000603192	0.000000225317
12	73818454	76511313	1765	14	0.0000889750	0.000000382500
12	76511314	78570569	1630	14	-0.0000597812	0.000000371953
12	78570570	80448149	924	14	0.0000521753	0.000000328695
12	80448150	81467766	747	14	0.0000178749	0.000000201803
12	81467767	83502665	1304	14	0.0000794359	0.000000381824
12	83502666	84303843	622	14	0.0001076603	0.000000153241
12	84303844	85990425	1048	14	0.0002521690	0.000000244920
12	85990426	89682121	1977	14	0.0003115206	0.000000398278
12	89682122	92066154	1523	14	0.0001716748	0.000000388363
12	92066155	94514566	1788	14	-0.0001060873	0.000000368670
12	94514567	96020784	1165	14	0.0000253710	0.000000377990
12	96020785	97108838	859	14	0.0001358401	0.000000374165
12	97108839	99305986	1769	14	0.0000555835	0.000000380132
12	99305987	101447640	1381	14	0.0002864174	0.000000396498
12	101447641	101862689	271	14	0.0001337273	0.000000106102
12	101862690	102964985	620	14	0.0010929517	0.000000335609
12	102964986	104848695	1462	14	-0.0000252834	0.000000374399
12	104848696	106436212	1470	14	-0.0000004315	0.000000376161
12	106436213	106958747	413	14	-0.0000313555	0.000000176935
12	106958748	109025900	1378	14	0.0000000164	0.000000376193
12	109025901	110336718	718	14	-0.0000573194	0.000000296981
12	110336719	113263517	696	14	0.0001698495	0.000000276287
12	113263518	113986708	384	14	0.0004005782	0.000000184045
12	113986709	115036601	1059	14	0.0001372428	0.000000385922
12	115036602	115503215	382	14	0.0000579160	0.000000169678
12	115503216	117087470	1280	14	0.0004053221	0.000000404928
12	117087471	118135374	803	14	0.0000104283	0.000000376931
12	118135375	119754109	1245	14	-0.0000336799	0.000000373804
12	119754110	122007650	1139	14	0.0002040797	0.000000390660
12	122007651	124977979	1120	14	0.0001801263	0.000000388962
12	124977980	126445504	1137	14	0.0000964915	0.000000383033
12	126445505	127875097	1345	14	0.0000184231	0.000000377498
12	127875098	129237296	1372	14	0.0000263700	0.000000378061
12	129237297	130377920	1236	14	-0.0000761338	0.000000370794
12	130377921	131786750	1394	14	0.0000170712	0.000000377402
12	131786751	132807033	636	14	0.0000775379	0.000000287162
12	132807034	133841510	322	14	0.0002732115	0.000000157561
13	19020013	20686719	722	14	0.0001830024	0.000000280506
13	20686720	22242173	1097	14	0.0002853898	0.000000396425
13	22242174	23594701	1251	14	0.0000243382	0.000000377917
13	23594702	24531936	985	14	0.0001684566	0.000000388135
13	24531937	25784361	1178	14	-0.0000767554	0.000000370750
13	25784362	27284361	1115	14	-0.0000306517	0.000000373119
13	27284362	29257550	1572	14	-0.0000890204	0.000000369880
13	29257551	30483266	1023	14	0.0000843493	0.000000382172
13	30483267	32301814	1479	14	0.0001849388	0.000000389303
13	32301815	33776902	1174	14	-0.0000030997	0.000000375972
13	33776903	35026463	986	14	0.0002275199	0.000000355897
13	35026464	36046366	474	14	0.0002249521	0.000000204812
13	36046367	37498184	1259	14	0.0000161309	0.000000377335
13	37498185	38878162	1384	14	0.0002188460	0.000000389907
13	38878163	41069262	1802	14	0.0001649123	0.000000387884
13	41069263	43101026	1269	14	-0.0000362564	0.000000373621
13	43101027	44901408	1601	14	-0.0000464552	0.000000372898
13	44901409	46495213	967	14	-0.0000361727	0.000000373627
13	46495214	47431078	695	14	0.0000275911	0.000000261342
13	47431079	49383961	1376	14	0.0000183340	0.000000377492
13	49383962	51591090	1407	14	0.0000070872	0.000000376694
13	51591091	53339621	690	14	0.0003944892	0.000000366838
13	53339622	54682863	1154	14	-0.0000416289	0.000000373240
13	54682864	55817130	851	14	0.0002681588	0.000000245251
13	55817131	57554216	932	14	0.0002969874	0.000000196951
13	57554217	58410625	549	14	0.0001477161	0.000000130148
13	58410626	59302270	674	14	0.0002351112	0.000000161437
13	59302271	60854777	1290	14	-0.0000128658	0.000000375280
13	60854778	61591948	673	14	0.0002179840	0.000000225190
13	61591949	63971558	1874	14	0.0001287236	0.000000385318
13	63971559	65200601	1067	14	-0.0000031611	0.000000195698
13	65200602	67844452	1676	14	-0.0000888496	0.000000369893
13	67844453	70724515	2581	14	0.0003530242	0.000000401220
13	70724516	71526790	713	14	0.0001920347	0.000000317992
13	71526791	73934088	1749	14	0.0001485646	0.000000386725
13	73934089	75670142	1455	14	0.0003511137	0.000000401085
13	75670143	77410554	1635	14	-0.0000324606	0.000000373890
13	77410555	78808812	981	14	0.0000716279	0.000000303547
13	78808813	80585675	1222	14	0.0003581813	0.000000401586
13	80585676	82581813	1538	14	0.0000587424	0.000000380356
13	82581814	84133143	1108	14	0.0002548719	0.000000268396
13	84133144	85610915	1071	14	0.0000550705	0.000000312575
13	85610916	88559881	2130	14	0.0000202521	0.000000377628
13	88559882	90521310	1318	14	-0.0000882052	0.000000321364
13	90521311	93129690	2060	14	0.0000904962	0.000000382608
13	93129691	93586454	286	14	0.0000779249	0.000000111214
13	93586455	96087557	2132	14	0.0000338125	0.000000378589
13	96087558	97519209	753	14	0.0003976761	0.000000284972
13	97519210	98938918	825	14	0.0000961660	0.000000383010
13	98938919	100574094	1484	14	0.0000101515	0.000000376911
13	100574095	102300522	1493	14	0.0000555379	0.000000380129
13	102300523	104066709	1820	14	0.0000570943	0.000000380240
13	104066710	104844113	738	14	0.0002012101	0.000000295054
13	104844114	106247553	1429	14	0.0000882467	0.000000382448
13	106247554	106749999	598	14	0.0000456059	0.000000235957
13	106750000	108189876	1237	14	0.0001343839	0.000000385719
13	108189877	109121209	927	14	0.0000596656	0.000000380422
13	109121210	109815111	741	14	0.0000711889	0.000000280890
13	109815112	111232072	1320	14	-0.0000171130	0.000000374979
13	111232073	112247591	823	14	0.0001534497	0.000000386170
13	112247592	113572487	929	14	0.0002727511	0.000000395529
13	113572488	115109852	675	14	0.0001170788	0.000000341967
14	19002084	21589401	1041	14	0.0001543010	0.000000387131
14	21589402	23018664	1438	14	0.0000625319	0.000000380625
14	23018665	24905122	1178	14	0.0000960097	0.000000382999
14	24905123	26135685	1246	14	0.0001854793	0.000000389342
14	26135686	28466532	1615	14	0.0001478240	0.000000386672
14	28466533	29972144	884	14	0.0000944146	0.000000320487
14	29972145	32383264	1198	14	-0.0001342384	0.000000366675
14	32383265	34846250	2172	14	0.0000329806	0.000000378530
14	34846251	35859592	465	14	0.0001309501	0.000000198977
14	35859593	38667724	1621	14	0.0000335811	0.000000378573
14	38667725	40341989	1144	14	-0.0000422816	0.000000373194
14	40341990	41615501	1081	14	0.0001013117	0.000000231928
14	41615502	43137388	954	14	0.0005329012	0.000000307656
14	43137389	44543226	937	14	-0.0000710976	0.000000318250
14	44543227	46081895	782	14	0.0001921831	0.000000264791
14	46081896	46749129	514	14	0.0002325612	0.000000113693
14	46749130	48573585	1527	14	-0.0000259328	0.000000374353
14	48573586	49005470	289	14	0.0001177752	0.000000087266
14	49005471	50507759	970	14	-0.0000839784	0.000000370238
14	50507760	51493571	690	14	0.0002499623	0.000000319534
14	51493572	53474382	1598	14	0.0000119984	0.000000377042
14	53474383	53997830	398	14	0.0002395617	0.000000133032
14	53997831	55233680	784	14	0.0001466854	0.000000386591
14	55233681	56216879	564	14	0.0000470255	0.000000186985
14	56216880	57481261	1293	14	-0.0001459229	0.000000365846
14	57481262	59448335	1446	14	0.0000737700	0.000000381422
14	59448336	61680423	1391	14	0.0000828069	0.000000382063
14	61680424	63790014	1621	14	0.0001464349	0.000000386574
14	63790015	65220297	651	14	0.0004142859	0.000000282065
14	65220298	66399554	757	14	0.0001424170	0.000000323023
14	66399555	67992316	697	14	0.0001571658	0.000000207729
14	67992317	71131956	2215	14	0.0001765326	0.000000388707
14	71131957	72889614	1420	14	0.0002823191	0.000000396207
14	72889615	76444766	2053	14	0.0001623812	0.000000387704
14	76444767	77229471	618	14	0.0001185765	0.000000309405
14	77229472	78561944	1093	14	0.0001327076	0.000000385600
14	78561945	80186578	1211	14	0.0003862911	0.000000402677
14	80186579	81579713	1150	14	0.0001305410	0.000000385447
14	81579714	83138096	1036	14	0.0001688448	0.000000367606
14	83138097	84241632	933	14	0.0001230650	0.000000325946
14	84241633	85746318	1140	14	0.0000343570	0.000000378628
14	85746319	86647001	634	14	0.0000061972	0.000000241190
14	86647002	87635340	715	14	-0.0000142844	0.000000261665
14	87635341	89497642	1311	14	0.0000329096	0.000000378525
14	89497643	91296859	1297	14	-0.0000269543	0.000000374281
14	91296860	93132298	1272	14	-0.0000772824	0.000000370713
14	93132299	94325284	752	14	0.0002768067	0.000000341987
14	94325285	95750866	1537	14	-0.0000869579	0.000000370027
14	95750867	96262414	677	14	-0.0000384098	0.000000302562
14	96262415	98341161	1566	14	0.0000011646	0.000000376274
14	98341162	99138531	853	14	0.0004677302	0.000000308032
14	99138532	101534306	1581	14	0.0001340327	0.000000385694
14	101534307	103012101	737	14	0.0000444618	0.000000379344
14	103012102	105001722	904	14	-0.0000755722	0.000000370834
14	105001723	106340357	281	14	0.0000803291	0.000000155717
14	106340358	107289453	283	14	0.0000265986	0.000000149025
15	20001200	21131603	33	5	0.0000603355	0.000000023737
15	21131604	24195126	562	14	0.0002955930	0.000000318518
15	24195127	25108589	635	14	-0.0000181507	0.000000229079
15	25108590	27298111	1659	14	0.0002542851	0.000000394220
15	27298112	29338501	1021	14	0.0001634386	0.000000387779
15	29338502	30165567	585	14	-0.0000096648	0.000000254636
15	30165568	31591820	516	14	0.0002917214	0.000000285702
15	31591821	32441810	487	14	0.0001143683	0.000000207809
15	32441811	34015424	1298	14	0.0000644507	0.000000380761
15	34015425	35083250	725	14	0.0002507356	0.000000351424
15	35083251	37456501	1865	14	0.0001042562	0.000000383583
15	37456502	38530776	724	14	0.0000736308	0.000000316450
15	38530777	40384131	1588	14	0.0004226466	0.000000406156
15	40384132	41177513	399	14	0.0000918501	0.000000170567
15	41177514	42776398	762	14	0.0000133858	0.000000334631
15	42776399	44198048	410	14	-0.0000182366	0.000000123516
15	44198049	46618786	954	14	0.0002311729	0.000000366710
15	46618787	48136047	1310	14	0.0001490955	0.000000386762
15	48136048	50008042	931	14	0.0001536155	0.000000314427
15	50008043	51677559	1110	14	0.0001836723	0.000000389214
15	51677560	53069095	771	14	0.0002152098	0.000000289390
15	53069096	54508527	1339	14	0.0001706042	0.000000387387
15	54508528	55136268	573	14	-0.0000942902	0.000000243798
15	55136269	56901772	1070	14	0.0000714755	0.000000381259
15	56901773	58441365	1219	14	0.0000163119	0.000000377348
15	58441366	59694115	910	14	0.0005317829	0.000000413894
15	59694116	61265835	1183	14	0.0002294891	0.000000392462
15	61265836	63215221	1639	14	0.0001177940	0.000000384543
15	63215222	65104667	898	14	0.0001737527	0.000000378639
15	65104668	67094766	1012	14	-0.0000110442	0.000000375409
15	67094767	69017998	1275	14	0.0001839085	0.000000389230
15	69017999	70133340	546	14	0.0001311325	0.000000257248
15	70133341	71922648	1213	14	0.0000709631	0.000000381223
15	71922649	73628713	725	14	0.0001545946	0.000000231723
15	73628714	76398623	976	14	0.0000001189	0.000000376200
15	76398624	78516052	1058	14	-0.0000177369	0.000000374034
15	78516053	80860977	1856	14	0.0004427852	0.000000407584
15	80860978	84260467	1494	14	0.0006960365	0.000000425539
15	84260468	86652904	1594	14	-0.0000370068	0.000000373568
15	86652905	88369942	1463	14	0.0001281990	0.000000385281
15	88369943	90475550	1254	14	0.0002582311	0.000000394500
15	90475551	92164391	1137	14	-0.0000430454	0.000000373140
15	92164392	93780901	1365	14	0.0000896984	0.000000382551
15	93780902	94924329	1146	14	0.0002380856	0.000000393071
15	94924330	96141595	1085	14	0.0003461974	0.000000400736
15	96141596	98030909	1350	14	0.0000468839	0.000000379516
15	98030910	99244058	1088	14	0.0001342481	0.000000385710
15	99244059	100636846	1021	14	0.0001433846	0.000000385457
15	100636847	101552693	674	14	-0.0000017585	0.000000376067
15	101552694	102520965	711	14	0.0000144828	0.000000377219
16	60054	1207205	451	14	0.0001100203	0.000000291123
16	1207206	2764828	590	14	0.0001589503	0.000000325907
16	2764829	4001195	443	14	0.0000285773	0.000000273743
16	4001196	5118344	574	14	0.0001001026	0.000000377896
16	5118345	5891579	701	14	0.0001987914	0.000000390285
16	5891580	6893550	1219	14	0.0000051316	0.000000376556
16	6893551	7529120	898	14	0.0003280884	0.000000399452
16	7529121	8338518	1024	14	0.0001857557	0.000000389361
16	8338519	9799418	1335	14	0.0000849455	0.000000382214
16	9799419	10426031	745	14	0.0001881217	0.000000315166
16	10426032	11520160	770	14	0.0002398669	0.000000393198
16	11520161	12613097	696	14	0.0001849228	0.000000389302
16	12613098	13154436	629	14	0.0001993943	0.000000298266
16	13154437	14464001	1065	14	-0.0000374267	0.000000373538
16	14464002	16154059	427	14	-0.0000000662	0.000000231945
16	16154060	17644748	676	14	0.0002425519	0.000000379050
16	17644749	18643606	347	14	0.0002667730	0.000000172455
16	18643607	20150570	776	14	0.0004996148	0.000000391034
16	20150571	22448903	743	14	0.0000651295	0.000000307327
16	22448904	24136874	919	14	0.0001580600	0.000000387398
16	24136875	25986861	1321	14	-0.0000629231	0.000000371731
16	25986862	27445754	1181	14	0.0000358192	0.000000378731
16	27445755	29036612	502	14	0.0003399366	0.000000226755
16	29036613	31382942	430	14	0.0003378088	0.000000240668
16	31382943	46399472	230	14	-0.0000395883	0.000000092624
16	46399473	49007925	597	14	0.0001306445	0.000000208953
16	49007926	52035822	1949	14	0.0001457198	0.000000386523
16	52035823	53382571	873	14	-0.0000677895	0.000000296241
16	53382572	55903773	2140	14	0.0002578274	0.000000394471
16	55903774	57664329	1121	14	-0.0000820543	0.000000370374
16	57664330	59045404	855	14	0.0001521387	0.000000386978
16	59045405	60745693	1099	14	0.0000890761	0.000000382507
16	60745694	62229848	800	14	0.0001240763	0.000000252711
16	62229849	63691588	986	14	-0.0000131016	0.000000375263
16	63691589	65938565	1706	14	0.0000471379	0.000000379534
16	65938566	68841362	1152	14	0.0002455924	0.000000393604
16	68841363	71054027	606	14	0.0002984254	0.000000303583
16	71054028	72935149	744	14	-0.0000529692	0.000000320395
16	72935150	74971502	1252	14	0.0000690594	0.000000381088
16	74971503	75977953	438	14	0.0003161493	0.000000213513
16	75977954	77523677	1395	14	0.0001078705	0.000000383839
16	77523678	78456291	1134	14	0.0002117142	0.000000391202
16	78456292	79134814	949	14	-0.0000739127	0.000000370952
16	79134815	80297373	1325	14	0.0007548961	0.000000429712
16	80297374	81772535	1386	14	-0.0000711778	0.000000371145
16	81772536	82747727	1002	14	0.0002123595	0.000000391247
16	82747728	83477207	1055	14	0.0000434190	0.000000379270
16	83477208	84445882	1275	14	0.0000471816	0.000000379537
16	84445883	85148684	805	14	0.0001034832	0.000000383528
16	85148685	86156598	828	14	0.0003209208	0.000000398944
16	86156599	86815410	878	14	0.0002950685	0.000000397111
16	86815411	87647348	640	14	-0.0001096192	0.000000368420
16	87647349	89041164	619	14	0.0000258203	0.000000378022
16	89041165	90292811	526	14	-0.0000411807	0.000000305774
17	56	1172398	479	14	0.0002075705	0.000000308923
17	1172399	1928730	400	14	0.0003282186	0.000000239208
17	1928731	3702311	1094	14	0.0001274660	0.000000385229
17	3702312	4696260	575	14	0.0001975605	0.000000321790
17	4696261	5741333	748	14	-0.0000534026	0.000000308328
17	5741334	7317397	1052	14	-0.0000335626	0.000000373812
17	7317398	8306424	433	14	0.0001152419	0.000000260996
17	8306425	9965920	1188	14	0.0000224681	0.000000377785
17	9965921	11102814	882	14	0.0001606905	0.000000387584
17	11102815	12534768	991	14	-0.0000302890	0.000000374044
17	12534769	13180371	571	14	0.0000131495	0.000000287633
17	13180372	13894636	711	14	0.0002925944	0.000000387060
17	13894637	15019096	1262	14	0.0001086760	0.000000383897
17	15019097	16412341	573	14	-0.0000450573	0.000000265249
17	16412342	18856319	980	14	0.0000306852	0.000000378367
17	18856320	21290356	711	14	-0.0000189488	0.000000302237
17	21290357	27334243	1009	14	0.0000290150	0.000000378249
17	27334244	29786490	743	14	0.0000545844	0.000000252665
17	29786491	31538424	958	14	0.0000379144	0.000000378880
17	31538425	32912797	1561	14	-0.0001109388	0.000000368327
17	32912798	34469035	941	14	-0.0000986143	0.000000369200
17	34469036	36809343	810	14	-0.0000569823	0.000000372152
17	36809344	38877403	690	14	-0.0000072527	0.000000326223
17	38877404	39899809	602	14	0.0000945588	0.000000194130
17	39899810	41772086	527	14	0.0002178642	0.000000211992
17	41772087	43056904	535	14	0.0001306542	0.000000226888
17	43056905	45876021	1222	14	0.0000204571	0.000000377642
17	45876022	47517399	883	14	0.0002796074	0.000000363971
17	47517400	49898956	1294	14	0.0001654126	0.000000387919
17	49898957	50719054	591	14	0.0000100704	0.000000178331
17	50719055	51826117	825	14	0.0002567461	0.000000231044
17	51826118	53599431	1205	14	0.0000518766	0.000000379870
17	53599432	55357540	1155	14	-0.0000513770	0.000000372549
17	55357541	57487511	1117	14	-0.0000547401	0.000000372311
17	57487512	59312754	411	14	0.0000335365	0.000000130708
17	59312755	61545588	789	14	-0.0000074193	0.000000372070
17	61545589	63148127	508	14	-0.0000733232	0.000000198492
17	63148128	64800429	1326	14	0.0000169444	0.000000377393
17	64800430	67858769	1715	14	-0.0001074825	0.000000368572
17	67858770	69387816	1351	14	0.0000121594	0.000000377054
17	69387817	72672202	2501	14	0.0000941749	0.000000382868
17	72672203	74375559	658	14	0.0001652391	0.000000350614
17	74375560	76263412	1225	14	0.0001160606	0.000000384420
17	76263413	77298635	732	14	0.0000580990	0.000000380311
17	77298636	78837587	975	14	0.0002848501	0.000000396387
17	78837588	80034407	432	14	0.0000921064	0.000000240028
17	80034408	81194907	524	14	0.0000842476	0.000000240273
18	10644	912485	686	14	-0.0000538650	0.000000372373
18	912486	1942910	802	14	0.0000278854	0.000000290349
18	1942911	3891657	1492	14	0.0001816747	0.000000389072
18	3891658	5834179	1532	14	0.0000786974	0.000000381771
18	5834180	7090484	1050	14	-0.0000073310	0.000000375672
18	7090485	8498930	1072	14	0.0001738215	0.000000388515
18	8498931	11075912	2281	14	-0.0000209135	0.000000374709
18	11075913	11905439	528	14	0.0000102158	0.000000262573
18	11905440	14440798	1352	14	0.0002658191	0.000000395038
18	14440799	19485843	335	14	0.0000851289	0.000000125771
18	19485844	20649471	642	14	0.0003587648	0.000000256401
18	20649472	22996650	1486	14	0.0001847756	0.000000389292
18	22996651	24026190	628	14	0.0000360153	0.000000252978
18	24026191	25927681	1498	14	0.0002364988	0.000000392959
18	25927682	26875586	635	14	0.0001032322	0.000000175844
18	26875587	27866477	694	14	-0.0001029124	0.000000183322
18	27866478	30264065	1814	14	0.0002614179	0.000000394725
18	30264066	31780066	853	14	0.0001586802	0.000000238343
18	31780067	33861963	1321	14	0.0001370557	0.000000385008
18	33861964	35075249	899	14	0.0000681420	0.000000377426
18	35075250	36365489	1072	14	0.0002498535	0.000000348749
18	36365490	37684366	813	14	0.0001892112	0.000000241285
18	37684367	39892647	1790	14	0.0001251488	0.000000385064
18	39892648	42922105	2116	14	0.0000610179	0.000000380518
18	42922106	44299245	1199	14	-0.0000259736	0.000000374350
18	44299246	45939731	1087	14	-0.0000987349	0.000000369192
18	45939732	47730583	1335	14	0.0000171358	0.000000377407
18	47730584	51062184	2468	14	0.0002139819	0.000000391362
18	51062185	51554174	469	14	0.0004593356	0.000000135074
18	51554175	55213837	2168	14	0.0002879681	0.000000396608
18	55213838	56530219	1073	14	0.0002307391	0.000000392550
18	56530220	57630482	1043	14	0.0000019982	0.000000376333
18	57630483	59020750	979	14	0.0001466223	0.000000359841
18	59020751	60277714	1177	14	0.0001310690	0.000000385484
18	60277715	61820251	1191	14	0.0000073880	0.000000376716
18	61820252	63463401	1273	14	0.0001151913	0.000000384358
18	63463402	64252800	727	14	-0.0000180515	0.000000173342
18	64252801	66125816	1685	14	0.0001424969	0.000000386294
18	66125817	67175819	735	14	0.0005838159	0.000000330432
18	67175820	68621178	943	14	0.0000433292	0.000000379264
18	68621179	69621617	926	14	0.0000780963	0.000000369181
18	69621618	71038473	1263	14	0.0001797870	0.000000388938
18	71038474	71971461	994	14	-0.0000263207	0.000000374326
18	71971462	73526986	1332	14	0.0002381118	0.000000393073
18	73526987	74813814	1108	14	0.0000109903	0.000000376971
18	74813815	75976316	1183	14	0.0000836341	0.000000382121
18	75976317	77149990	942	14	-0.0000971067	0.000000369307
18	77149991	78017157	508	14	0.0000339915	0.000000245561
19	80840	610728	142	14	-0.0000753531	0.000000077847
19	610729	2098395	469	14	-0.0000801255	0.000000313302
19	2098396	3019659	390	14	0.0002148321	0.000000243088
19	3019660	4348966	512	14	-0.0000800055	0.000000320212
19	4348967	5811851	639	14	0.0004957185	0.000000411337
19	5811852	6684884	336	14	0.0001607720	0.000000201837
19	6684885	8347512	862	14	0.0003657898	0.000000402125
19	8347513	9238392	408	14	0.0000956647	0.000000167860
19	9238393	11284027	762	14	0.0001856181	0.000000348561
19	11284028	13471126	717	14	-0.0000285085	0.000000360737
19	13471127	14486346	354	14	0.0000205001	0.000000188168
19	14486347	15648609	558	14	0.0001201531	0.000000291003
19	15648610	16374415	659	14	-0.0000305582	0.000000235392
19	16374416	18409861	861	14	0.0001073542	0.000000383803
19	18409862	19877470	507	14	0.0003926797	0.000000272434
19	19877471	20905756	336	14	0.0000792125	0.000000148334
19	20905757	22732895	844	14	0.0000437106	0.000000247858
19	22732896	23467745	320	14	0.0004306107	0.000000122701
19	23467746	28557892	743	14	0.0002074458	0.000000219775
19	28557893	29790946	1180	14	0.0002006626	0.000000390418
19	29790947	30727953	685	14	0.0000899825	0.000000313336
19	30727954	32746519	1215	14	0.0005141599	0.000000412644
19	32746520	34262951	929	14	0.0003170787	0.000000398672
19	34262952	36469294	1102	14	0.0000609957	0.000000380516
19	36469295	37527032	451	14	0.0001467325	0.000000141495
19	37527033	40170618	1065	14	0.0000844954	0.000000382182
19	40170619	40984600	316	14	0.0005655671	0.000000164351
19	40984601	42131572	480	14	0.0001648661	0.000000262867
19	42131573	43862454	486	14	-0.0000775183	0.000000184340
19	43862455	44744107	516	14	0.0002100272	0.000000211442
19	44744108	46102696	621	14	0.0003408190	0.000000358669
19	46102697	47150081	468	14	0.0000341704	0.000000243964
19	47150082	49282226	949	14	-0.0000779408	0.000000370666
19	49282227	51532566	992	14	0.0000503437	0.000000379761
19	51532567	52985289	1151	14	0.0000560833	0.000000380168
19	52985290	54602361	983	14	0.0000478856	0.000000379587
19	54602362	55728079	587	14	0.0001052827	0.000000363104
19	55728080	57521334	1098	14	-0.0000584396	0.000000372049
19	57521335	59118838	834	14	0.0000035952	0.000000376447
20	60479	697599	418	14	0.0000790479	0.000000245516
20	697600	2469500	1787	14	0.0004336081	0.000000406933
20	2469501	3828412	885	14	-0.0000119258	0.000000375346
20	3828413	5477849	1411	14	-0.0000900500	0.000000369807
20	5477850	7084072	1503	14	0.0002718324	0.000000395464
20	7084073	8117010	1024	14	0.0000444572	0.000000313533
20	8117011	9730920	1540	14	0.0002352510	0.000000392870
20	9730921	11249535	1474	14	-0.0000491643	0.000000372706
20	11249536	12447498	1067	14	0.0005110496	0.000000411522
20	12447499	13689863	1125	14	-0.0000531961	0.000000372420
20	13689864	15958358	2012	14	0.0000190518	0.000000377542
20	15958359	17487231	1812	14	0.0001047286	0.000000383617
20	17487232	18972202	1175	14	0.0000179711	0.000000377466
20	18972203	20959709	1750	14	0.0000478501	0.000000379584
20	20959710	22491455	868	14	0.0001031596	0.000000274053
20	22491456	23293789	823	14	0.0000243792	0.000000285080
20	23293790	24717723	1116	14	0.0001596009	0.000000387507
20	24717724	25344230	577	14	-0.0000130468	0.000000144059
20	25344231	31614822	1147	14	0.0002990457	0.000000397393
20	31614823	32813440	462	14	0.0001217000	0.000000188432
20	32813441	34960445	772	14	0.0001515554	0.000000226785
20	34960446	36909529	901	14	0.0002649482	0.000000371755
20	36909530	38436760	1076	14	-0.0000045358	0.000000366004
20	38436761	39610855	942	14	0.0000278796	0.000000375470
20	39610856	40585688	558	14	-0.0000108228	0.000000211450
20	40585689	41615459	1044	14	0.0000001837	0.000000376205
20	41615460	42680175	704	14	0.0001940554	0.000000368505
20	42680176	44839055	1391	14	0.0002403652	0.000000393233
20	44839056	47199979	1922	14	0.0001391896	0.000000386060
20	47199980	49239657	1426	14	0.0001253338	0.000000385078
20	49239658	52472548	2552	14	0.0004303831	0.000000406705
20	52472549	54055265	1305	14	0.0000867040	0.000000382339
20	54055266	56447958	2186	14	0.0000911044	0.000000382651
20	56447959	58406571	1532	14	0.0001514084	0.000000386926
20	58406572	59561723	1053	14	0.0000054712	0.000000376580
20	59561724	61301854	1386	14	0.0002668039	0.000000395107
20	61301855	62190179	516	14	0.0001101518	0.000000307962
20	62190180	62965162	381	14	0.0000532363	0.000000188942
21	9411243	15950981	600	14	-0.0000108001	0.000000288457
21	15950982	18053164	1322	14	0.0000821121	0.000000382013
21	18053165	19480374	899	14	0.0002349861	0.000000392852
21	19480375	20962338	1282	14	0.0000972773	0.000000383088
21	20962339	22072763	861	14	0.0000608934	0.000000380509
21	22072764	23362874	1153	14	0.0001406220	0.000000386161
21	23362875	24696230	866	14	0.0002703309	0.000000332921
21	24696231	26469121	1463	14	-0.0000660030	0.000000371512
21	26469122	27271018	459	14	-0.0000118480	0.000000170771
21	27271019	29125225	1708	14	0.0001726711	0.000000388434
21	29125226	31197024	1487	14	0.0003597686	0.000000401698
21	31197025	32668641	1067	14	0.0001105796	0.000000286161
21	32668642	34376998	1086	14	0.0000196506	0.000000377585
21	34376999	35225464	479	14	-0.0000198826	0.000000225779
21	35225465	36524372	1019	14	-0.0000368142	0.000000373582
21	36524373	37870778	950	14	0.0000480285	0.000000379597
21	37870779	38711703	596	14	0.0002543189	0.000000239527
21	38711704	40482901	1551	14	0.0002429641	0.000000393417
21	40482902	41389526	903	14	0.0001678923	0.000000368426
21	41389527	43321527	1709	14	-0.0001711151	0.000000364060
21	43321528	44506267	1189	14	0.0002673843	0.000000395148
21	44506268	46177104	1027	14	0.0000768264	0.000000381639
21	46177105	47492225	894	14	-0.0000709216	0.000000371164
21	47492226	48119751	406	14	0.0001044069	0.000000189493
22	16050408	17674294	376	14	0.0002442215	0.000000206930
22	17674295	18296087	416	14	0.0001501873	0.000000219644
22	18296088	19912357	950	14	-0.0000309262	0.000000373999
22	19912358	22357324	982	14	0.0001310021	0.000000385479
22	22357325	23712646	764	14	-0.0000376550	0.000000350325
22	23712647	24984203	647	14	0.0001764386	0.000000280868
22	24984204	26791627	1339	14	-0.0000758857	0.000000370812
22	26791628	27834751	1328	14	0.0000098833	0.000000376892
22	27834752	29651798	997	14	-0.0001113979	0.000000368294
22	29651799	31439917	958	14	0.0002815662	0.000000396154
22	31439918	32664985	582	14	0.0002916401	0.000000249287
22	32664986	34494913	1736	14	0.0002810398	0.000000396117
22	34494914	35530984	1128	14	0.0000380609	0.000000338120
22	35530985	37570268	1569	14	0.0003212211	0.000000398965
22	37570269	39307893	896	14	0.0001001560	0.000000383293
22	39307894	40545796	592	14	0.0002216610	0.000000331198
22	40545797	42690817	833	14	0.0000613833	0.000000280199
22	42690818	43714199	750	14	0.0001456722	0.000000386519
22	43714200	44995307	1278	14	0.0000855475	0.000000382257
22	44995308	46470494	1139	14	0.0001032342	0.000000383511
22	46470495	47596317	881	14	0.0000225338	0.000000377789
22	47596318	48903702	1536	14	0.0002970328	0.000000397250
22	48903703	49824533	1315	14	-0.0000969883	0.000000369316
22	49824534	51243297	717	14	0.0001673720	0.000000376400
