chr	start	end	num_snp	k	local_h2g	var
1	10583	1892606	1837	20	0.0008799266	0.000000146097
1	1892607	3582735	3415	20	0.0008159756	0.000000143536
1	3582736	4380810	1848	20	0.0002196599	0.000000119654
1	4380811	5913892	4136	20	0.0002816392	0.000000122137
1	5913893	7247334	2251	20	0.0004571162	0.000000129164
1	7247335	9365198	3621	20	0.0006382245	0.000000136418
1	9365199	10806983	1740	20	0.0003093010	0.000000123245
1	10806984	11777840	1462	20	0.0000726123	0.000000113765
1	11777841	12779465	1592	20	0.0002057601	0.000000119098
1	12779466	14891510	3044	20	0.0002102584	0.000000119278
1	14891511	16897729	4445	20	0.0002590253	0.000000121231
1	16897730	18662898	3184	20	0.0002250182	0.000000119869
1	18662899	20469148	3849	20	0.0001850032	0.000000118267
1	20469149	21736587	2213	20	0.0003954889	0.000000126696
1	21736588	23086882	2931	20	0.0007126776	0.000000139399
1	23086883	23920589	1117	20	0.0002631795	0.000000107925
1	23920590	25516844	2637	20	0.0003171481	0.000000123559
1	25516845	27401866	2195	20	0.0004368462	0.000000128353
1	27401867	30161880	3179	20	0.0001198604	0.000000115658
1	30161881	32438684	4442	20	0.0001588104	0.000000117218
1	32438685	34799757	2790	20	0.0003676708	0.000000125582
1	34799758	37549182	3068	20	0.0001984037	0.000000118803
1	37549183	38731846	1986	20	0.0000921005	0.000000114546
1	38731847	40200566	2271	20	0.0000795741	0.000000114044
1	40200567	41975326	3138	20	0.0001827141	0.000000118175
1	41975327	43758456	2724	20	0.0001455342	0.000000116686
1	43758457	44969182	1565	20	0.0001070916	0.000000115146
1	44969183	46899500	2673	20	0.0001035891	0.000000115006
1	46899501	48002575	1729	20	0.0001915658	0.000000118529
1	48002576	48978187	1274	20	0.0003718052	0.000000125748
1	48978188	49894176	831	20	0.0002217018	0.000000082611
1	49894177	51713725	1430	20	0.0003316532	0.000000093982
1	51713726	54226261	2684	20	0.0001195070	0.000000115643
1	54226262	56413116	4066	20	0.0003770049	0.000000125956
1	56413117	57021727	1162	20	0.0002812659	0.000000095501
1	57021728	58865398	3462	20	0.0001873961	0.000000118362
1	58865399	59890408	1870	20	0.0000446109	0.000000112644
1	59890409	61922364	2622	20	0.0002764657	0.000000121930
1	61922365	63455088	2660	20	0.0000431284	0.000000112585
1	63455089	65041703	3138	20	0.0001634198	0.000000117402
1	65041704	66939403	3098	20	0.0003425965	0.000000124578
1	66939404	68477894	3085	20	0.0040927197	0.000000274766
1	68477895	69687615	1877	20	0.0000980203	0.000000114783
1	69687616	71372469	2889	20	0.0000377347	0.000000112369
1	71372470	71684404	534	20	-0.0000705391	0.000000025657
1	71684405	74326906	3488	20	0.0000650183	0.000000113461
1	74326907	76728134	4002	20	0.0002654700	0.000000121489
1	76728135	79661197	4865	20	0.0001153013	0.000000115475
1	79661198	81354190	3101	20	0.0001453058	0.000000116677
1	81354191	83991747	5202	20	0.0002081175	0.000000119192
1	83991748	84844494	1257	20	0.0001535581	0.000000099927
1	84844495	86454750	2958	20	0.0001293605	0.000000116038
1	86454751	88128630	3057	20	0.0000454218	0.000000112676
1	88128631	90066302	2548	20	0.0001568952	0.000000117141
1	90066303	91886316	2794	20	0.0002046497	0.000000119053
1	91886317	93536458	2605	20	0.0001722855	0.000000117757
1	93536459	94506190	1482	20	0.0004281507	0.000000092695
1	94506191	96150892	2846	20	0.0001209642	0.000000115702
1	96150893	97885248	2866	20	0.0000901266	0.000000114467
1	97885249	99800603	2960	20	0.0002480621	0.000000120792
1	99800604	100826404	1436	20	0.0002589924	0.000000111156
1	100826405	102041015	2180	20	0.0002769059	0.000000121947
1	102041016	102898744	1642	20	-0.0000044283	0.000000092414
1	102898745	103914210	1809	20	0.0000994229	0.000000074742
1	103914211	106087841	4063	20	0.0001162946	0.000000115515
1	106087842	108409664	3824	20	0.0002418640	0.000000120544
1	108409665	110303930	3016	20	0.0001478208	0.000000116777
1	110303931	111741736	2562	20	0.0003664455	0.000000125533
1	111741737	113273305	2967	20	0.0002296351	0.000000120054
1	113273306	114873844	2437	20	0.0001828982	0.000000118182
1	114873845	115880592	1474	20	-0.0000409674	0.000000109217
1	115880593	118839066	4233	20	0.0000197267	0.000000111647
1	118839067	144977493	3223	20	0.0002223701	0.000000119763
1	144977494	148361252	2348	20	0.0003175501	0.000000123575
1	148361253	151538880	2297	20	0.0005178875	0.000000131598
1	151538881	153180828	2540	20	0.0002699083	0.000000121667
1	153180829	154770402	2249	20	0.0000564055	0.000000113116
1	154770403	156336132	1425	20	0.0005930062	0.000000134607
1	156336133	158027411	2835	20	0.0001064524	0.000000115121
1	158027412	159913047	3794	20	0.0005072841	0.000000131174
1	159913048	162346720	4094	20	0.0008063278	0.000000143150
1	162346721	165191701	5344	20	0.0000448043	0.000000112652
1	165191702	166460516	2383	20	0.0001491679	0.000000116831
1	166460517	169086323	5018	20	0.0000400577	0.000000112462
1	169086324	170557775	3305	20	0.0002982301	0.000000122801
1	170557776	173097906	4604	20	0.0000567003	0.000000113128
1	173097907	175089767	2528	20	0.0003732416	0.000000125805
1	175089768	177433380	3741	20	0.0001667996	0.000000117537
1	177433381	178944308	2214	20	0.0002135996	0.000000119412
1	178944309	178954469	16	2	0.0000150314	0.000000003130
1	178954470	181144120	4435	20	0.0001285995	0.000000116008
1	181144121	182755355	2751	20	0.0001714335	0.000000117723
1	182755356	184595512	2957	20	0.0001684089	0.000000117602
1	184595513	186810022	2652	20	0.0001465086	0.000000116725
1	186810023	188759944	4767	20	0.0001151883	0.000000115471
1	188759945	189904129	1565	20	0.0000056417	0.000000071465
1	189904130	191868929	3519	20	0.0001033963	0.000000114998
1	191868930	194107441	3394	20	0.0002935622	0.000000122614
1	194107442	196176200	4316	20	0.0002130152	0.000000119388
1	196176201	197311513	1551	20	-0.0000255451	0.000000083962
1	197311514	199239883	2519	20	0.0002428023	0.000000120581
1	199239884	200137648	1972	20	0.0002212120	0.000000119717
1	200137649	201589974	2995	20	0.0011710773	0.000000157758
1	201589975	203334733	2603	20	0.0000648595	0.000000113455
1	203334734	204681067	2378	20	0.0002340957	0.000000120233
1	204681068	206073264	2309	20	0.0004263060	0.000000127930
1	206073265	208410363	2778	20	0.0006768254	0.000000137963
1	208410364	210787749	3933	20	0.0002376223	0.000000120374
1	210787750	212842329	3601	20	0.0000363140	0.000000112312
1	212842330	214578265	2577	20	0.0002870667	0.000000122354
1	214578266	216243633	2831	20	0.0001829767	0.000000118185
1	216243634	218705512	4664	20	0.0001601602	0.000000117272
1	218705513	219590570	1786	20	0.0001114021	0.000000108914
1	219590571	221858230	3814	20	0.0003071033	0.000000123156
1	221858231	222230219	681	20	0.0001426863	0.000000072348
1	222230220	224938519	4116	20	0.0001543497	0.000000117039
1	224938520	226810859	2877	20	0.0003721335	0.000000125761
1	226810860	229156247	4334	20	0.0001955033	0.000000118687
1	229156248	230685254	2592	20	0.0003660664	0.000000125518
1	230685255	232090251	2719	20	0.0001343694	0.000000116239
1	232090252	233429283	2675	20	0.0000824136	0.000000114158
1	233429284	234599433	2615	20	0.0000852530	0.000000114272
1	234599434	235819435	2145	20	0.0001823016	0.000000118158
1	235819436	237555627	3730	20	0.0003256300	0.000000123898
1	237555628	238567806	2135	20	0.0004853981	0.000000130297
1	238567807	239925313	2673	20	0.0001546230	0.000000117050
1	239925314	240564090	1675	20	0.0000571705	0.000000113147
1	240564091	241582219	2166	20	0.0001348949	0.000000116260
1	241582220	242071601	1025	20	0.0000819657	0.000000109453
1	242071602	244109498	3857	20	0.0000522494	0.000000112950
1	244109499	245506745	2784	20	0.0001342538	0.000000116234
1	245506746	247344517	4630	20	0.0001482322	0.000000116794
1	247344518	249239465	3775	20	0.0001796105	0.000000118051
2	10133	1781021	4791	20	0.0000336598	0.000000112205
2	1781022	3973778	4998	20	-0.0000357996	0.000000109424
2	3973779	5708336	3430	20	0.0002856734	0.000000122298
2	5708337	6836253	2664	20	0.0000499078	0.000000112856
2	6836254	8422146	2736	20	0.0001123255	0.000000115356
2	8422147	10298468	3690	20	0.0002079548	0.000000119186
2	10298469	12419149	5185	20	0.0003815612	0.000000126138
2	12419150	14335307	3781	20	-0.0000280974	0.000000109732
2	14335308	16329734	3794	20	0.0001127101	0.000000115371
2	16329735	18647422	4151	20	0.0001000477	0.000000114864
2	18647423	19692403	1722	20	0.0002682744	0.000000121601
2	19692404	21050489	2900	20	0.0000864326	0.000000114319
2	21050490	23341382	2903	20	0.0001184754	0.000000115602
2	23341383	24686917	2302	20	0.0000925837	0.000000114565
2	24686918	26894984	2885	20	0.0006994298	0.000000138869
2	26894985	28598776	1787	20	0.0004545103	0.000000129060
2	28598777	29217558	1129	20	0.0005621190	0.000000133370
2	29217559	30463710	2368	20	0.0001042014	0.000000115031
2	30463711	31550449	2454	20	0.0001539049	0.000000117021
2	31550450	33363776	2431	20	0.0001614508	0.000000117323
2	33363777	35345027	4749	20	0.0000319977	0.000000112139
2	35345028	36122005	2280	20	0.0000076850	0.000000111165
2	36122006	38132711	4272	20	0.0003687235	0.000000125624
2	38132712	39031336	1656	20	0.0003100458	0.000000123274
2	39031337	40281482	1492	20	0.0001518662	0.000000116939
2	40281483	43309589	6399	20	0.0002336841	0.000000120216
2	43309590	44313802	2029	20	0.0009534710	0.000000149043
2	44313803	46482633	4398	20	0.0000789707	0.000000114020
2	46482634	47318771	1739	20	0.0000732675	0.000000113792
2	47318772	48213000	1670	20	0.0002745760	0.000000121854
2	48213001	50022256	3726	20	0.0001202545	0.000000115673
2	50022257	50818927	1735	20	0.0000184909	0.000000111598
2	50818928	52491132	3077	20	0.0001952222	0.000000118676
2	52491133	53508451	2595	20	0.0001993621	0.000000118842
2	53508452	54685225	2234	20	-0.0000092295	0.000000110488
2	54685226	56203344	2889	20	0.0004957539	0.000000130712
2	56203345	57429099	2243	20	0.0000794271	0.000000114038
2	57429100	58297314	1913	20	0.0003040420	0.000000113202
2	58297315	60291999	2858	20	0.0001451491	0.000000116670
2	60292000	62429043	2764	20	0.0006081325	0.000000135212
2	62429044	64625912	2851	20	0.0002026987	0.000000118975
2	64625913	65933443	2215	20	0.0002041846	0.000000119035
2	65933444	67226165	2100	20	0.0002133935	0.000000119404
2	67226166	68010175	1849	20	0.0003502819	0.000000124886
2	68010176	69139563	2215	20	0.0002344754	0.000000120248
2	69139564	70755197	2378	20	0.0002939684	0.000000122630
2	70755198	73174847	3980	20	0.0001889327	0.000000118424
2	73174848	75630085	3446	20	0.0000861065	0.000000114306
2	75630086	76913660	2666	20	0.0000433491	0.000000112593
2	76913661	78079263	2671	20	0.0000993687	0.000000114837
2	78079264	80050402	4197	20	0.0000067284	0.000000111127
2	80050403	81620840	2541	20	0.0000746875	0.000000113849
2	81620841	85140679	6392	20	0.0001405130	0.000000116485
2	85140680	88038506	3658	20	0.0001758730	0.000000117901
2	88038507	89154525	1222	20	0.0001532437	0.000000105954
2	89154526	95326451	922	20	0.0000059024	0.000000098607
2	95326452	98995200	2691	20	0.0003586054	0.000000125219
2	98995201	101822328	4330	20	0.0001261544	0.000000115910
2	101822329	102688764	1508	20	0.0007100756	0.000000139295
2	102688765	103588214	1823	20	0.0009921634	0.000000148605
2	103588215	105125033	1653	20	0.0001125305	0.000000115364
2	105125034	106210057	1999	20	-0.0000142227	0.000000110288
2	106210058	107408266	2495	20	0.0000523636	0.000000112954
2	107408267	108429176	2038	20	0.0000141994	0.000000111426
2	108429177	110572431	3074	20	0.0000412821	0.000000112511
2	110572432	113921855	3798	20	0.0003413282	0.000000124527
2	113921856	116772469	4367	20	0.0000724874	0.000000113760
2	116772470	118367465	2717	20	0.0000130552	0.000000111380
2	118367466	121303782	4924	20	0.0002395219	0.000000120450
2	121303783	123302905	3033	20	0.0001278049	0.000000115976
2	123302906	124732249	2987	20	0.0001945380	0.000000118648
2	124732250	125840920	2102	20	0.0002601305	0.000000121275
2	125840921	127373763	3207	20	0.0001147337	0.000000115452
2	127373764	128034346	1589	20	0.0003003221	0.000000122885
2	128034347	129474440	2588	20	0.0006855308	0.000000138312
2	129474441	130067169	1265	20	0.0000712913	0.000000087356
2	130067170	130658084	1066	20	0.0001661782	0.000000079474
2	130658085	133042783	3286	20	0.0000672681	0.000000113551
2	133042784	135158577	3712	20	0.0000119645	0.000000111337
2	135158578	137042793	2107	20	0.0000733989	0.000000113797
2	137042794	138698116	3274	20	0.0001377276	0.000000116373
2	138698117	140100270	2358	20	0.0002368969	0.000000120345
2	140100271	141805350	3506	20	0.0001514262	0.000000116922
2	141805351	142518601	1738	20	0.0001823706	0.000000117666
2	142518602	144519483	3332	20	0.0002234250	0.000000119805
2	144519484	146445569	1763	20	0.0003780376	0.000000125997
2	146445570	147277161	849	20	0.0001346101	0.000000065915
2	147277162	150210291	3507	20	0.0003333158	0.000000124206
2	150210292	151731461	2314	20	0.0000902183	0.000000114471
2	151731462	152486781	1427	20	0.0001161061	0.000000097470
2	152486782	154005055	2479	20	0.0001909917	0.000000118506
2	154005056	155391134	2802	20	0.0002317832	0.000000120140
2	155391135	157560634	3081	20	0.0001904685	0.000000118485
2	157560635	158533217	761	20	0.0003347890	0.000000090601
2	158533218	159577081	1912	20	0.0000697831	0.000000113652
2	159577082	161769732	4064	20	0.0006207795	0.000000135719
2	161769733	163503550	1729	20	0.0002718622	0.000000121745
2	163503551	164466637	1264	20	0.0001826981	0.000000093458
2	164466638	165178839	837	20	0.0000801487	0.000000068947
2	165178840	167160269	3106	20	0.0004346515	0.000000128265
2	167160270	167355969	403	18	0.0000449399	0.000000030441
2	167355970	169968235	4394	20	0.0001528993	0.000000116981
2	169968236	171226244	2757	20	0.0001521247	0.000000116950
2	171226245	173138904	3256	20	0.0001163876	0.000000115519
2	173138905	175588928	4230	20	0.0001842673	0.000000118237
2	175588929	177363635	2688	20	0.0001399288	0.000000116461
2	177363636	178553182	2006	20	0.0000631510	0.000000113386
2	178553183	181312738	5037	20	0.0001599522	0.000000117263
2	181312739	182266030	1825	20	0.0000286722	0.000000107566
2	182266031	184357607	3296	20	0.0002666926	0.000000121538
2	184357608	185280172	2040	20	0.0002684919	0.000000108864
2	185280173	189882064	6385	20	0.0001806715	0.000000118093
2	189882065	191973356	2708	20	0.0002443264	0.000000120642
2	191973357	195861163	4145	20	0.0000193977	0.000000111634
2	195861164	196447455	825	20	0.0000962094	0.000000061472
2	196447456	198078109	2195	20	0.0003276411	0.000000123979
2	198078110	199311124	1443	20	0.0004550406	0.000000113662
2	199311125	201576283	2563	20	0.0006264696	0.000000135947
2	201576284	202818636	1388	20	0.0004032175	0.000000127006
2	202818637	205799240	3657	20	0.0001150693	0.000000115466
2	205799241	206735703	1463	20	-0.0000013739	0.000000110802
2	206735704	208645398	3253	20	0.0001491488	0.000000116831
2	208645399	209941528	2032	20	0.0001643614	0.000000117440
2	209941529	212379517	4367	20	0.0002518163	0.000000120942
2	212379518	214014281	3493	20	0.0001961925	0.000000118715
2	214014282	215573794	2564	20	0.0001779456	0.000000117984
2	215573795	217715660	3600	20	0.0002161718	0.000000119515
2	217715661	218395479	1212	20	0.0002878896	0.000000122387
2	218395480	220454550	2436	20	0.0004638314	0.000000129433
2	220454551	222521175	4018	20	0.0002771977	0.000000121959
2	222521176	224859418	4068	20	-0.0000495346	0.000000108874
2	224859419	225840003	1820	20	0.0000882270	0.000000114391
2	225840004	228119841	3915	20	0.0000074644	0.000000111156
2	228119842	229370786	3128	20	0.0000913339	0.000000114515
2	229370787	231843388	4952	20	0.0003720315	0.000000125757
2	231843389	233550002	2783	20	0.0001326970	0.000000116172
2	233550003	235150986	3154	20	0.0008366808	0.000000144365
2	235150987	236043549	2276	20	0.0000876984	0.000000114370
2	236043550	237449031	2648	20	0.0000907677	0.000000114493
2	237449032	238760980	2880	20	0.0004580747	0.000000129203
2	238760981	239952642	2751	20	0.0003371894	0.000000124361
2	239952643	241560083	4230	20	0.0002421488	0.000000120555
2	241560084	242149920	1403	20	0.0006335080	0.000000136229
2	242149921	243188919	2050	20	0.0009521754	0.000000148991
3	60157	1441778	3125	20	0.0002475481	0.000000120771
3	1441779	2992119	4906	20	0.0000202098	0.000000111667
3	2992120	4431646	3637	20	0.0001563157	0.000000117118
3	4431647	6083182	3874	20	0.0000627526	0.000000113371
3	6083183	7083386	2401	20	0.0001071649	0.000000115149
3	7083387	8648560	4019	20	0.0001820387	0.000000118148
3	8648561	9543182	1921	20	-0.0000024724	0.000000110758
3	9543183	11019664	2682	20	0.0000939798	0.000000114621
3	11019665	13070798	3626	20	0.0001004671	0.000000114881
3	13070799	14816899	3780	20	0.0001295790	0.000000116047
3	14816900	16282441	2570	20	0.0001086893	0.000000115210
3	16282442	17891117	2480	20	0.0002118548	0.000000119342
3	17891118	19125143	1900	20	0.0009786052	0.000000150049
3	19125144	20091347	1150	20	0.0001605069	0.000000100445
3	20091348	21643706	3763	20	0.0001570511	0.000000117147
3	21643707	22204243	2108	20	-0.0000153295	0.000000110243
3	22204244	23804864	3318	20	0.0000964602	0.000000114720
3	23804865	25461557	3472	20	0.0001721900	0.000000117753
3	25461558	26877768	2373	20	-0.0000088725	0.000000110502
3	26877769	27840909	1823	20	0.0002764720	0.000000121930
3	27840910	29142259	2145	20	0.0002647061	0.000000121459
3	29142260	30717954	3474	20	0.0003497799	0.000000124866
3	30717955	32351714	3006	20	0.0002425828	0.000000120573
3	32351715	33255591	1742	20	0.0001294745	0.000000116043
3	33255592	35283457	3330	20	0.0002961329	0.000000122717
3	35283458	36486841	2017	20	0.0000612960	0.000000112817
3	36486842	38356115	2495	20	-0.0000113781	0.000000110402
3	38356116	40221297	3380	20	0.0000343693	0.000000112234
3	40221298	41064527	714	20	0.0001075034	0.000000067316
3	41064528	42540001	2928	20	0.0002824634	0.000000122170
3	42540002	45165152	3190	20	0.0000058563	0.000000111092
3	45165153	46657499	3068	20	0.0001746278	0.000000117851
3	46657500	47727211	973	20	0.0004644339	0.000000100219
3	47727212	49316971	1017	20	0.0012213308	0.000000116679
3	49316972	51832014	2130	20	0.0018055803	0.000000182669
3	51832015	54081389	2706	20	0.0004435459	0.000000128621
3	54081390	55348859	2560	20	0.0003035877	0.000000123016
3	55348860	56433906	1747	20	0.0000801963	0.000000114069
3	56433907	58157518	2886	20	0.0001912530	0.000000118517
3	58157519	60272905	4336	20	0.0001130571	0.000000115385
3	60272906	62355665	4372	20	-0.0000698955	0.000000108058
3	62355666	63669285	2843	20	0.0000954867	0.000000114681
3	63669286	65273537	3133	20	0.0000961677	0.000000114709
3	65273538	66270446	1808	20	-0.0000045540	0.000000110675
3	66270447	68286913	3673	20	0.0004358347	0.000000128312
3	68286914	69276761	1723	20	0.0001805608	0.000000118089
3	69276762	70449027	2231	20	0.0002493559	0.000000120844
3	70449028	72529328	3297	20	0.0001567880	0.000000117137
3	72529329	74321816	3269	20	0.0000951640	0.000000114669
3	74321817	75704948	2566	20	0.0001926134	0.000000118571
3	75704949	77508834	3033	20	0.0002800563	0.000000122073
3	77508835	79024540	2164	20	0.0000396246	0.000000112444
3	79024541	81427309	3655	20	-0.0000176954	0.000000110149
3	81427310	82643885	1755	20	0.0001995523	0.000000105381
3	82643886	84367478	2556	20	-0.0000349644	0.000000109457
3	84367479	85582230	2223	20	0.0002276651	0.000000116023
3	85582231	87409731	3205	20	0.0004051014	0.000000127081
3	87409732	88298372	1670	20	0.0003412905	0.000000090860
3	88298373	94255315	3528	20	0.0003266886	0.000000123941
3	94255316	95311970	2082	20	0.0001673128	0.000000100717
3	95311971	98215949	4521	20	0.0001559787	0.000000117104
3	98215950	99373761	2257	20	0.0002050033	0.000000119068
3	99373762	100592216	1425	20	0.0003000080	0.000000110367
3	100592217	103084959	4405	20	0.0003152786	0.000000123484
3	103084960	104581612	3525	20	0.0001251356	0.000000115869
3	104581613	106982810	4460	20	0.0001420646	0.000000116547
3	106982811	109522394	4197	20	0.0002457288	0.000000120699
3	109522395	110513769	1883	20	0.0002582965	0.000000097425
3	110513770	112815698	3860	20	0.0000647628	0.000000113451
3	112815699	113947862	1704	20	0.0003161491	0.000000123519
3	113947863	115447079	1691	20	0.0001790176	0.000000118027
3	115447080	116800152	2577	20	0.0005620279	0.000000133366
3	116800153	118530250	3015	20	-0.0000749003	0.000000107858
3	118530251	120523054	3436	20	0.0000898242	0.000000114455
3	120523055	121974096	2526	20	0.0000146163	0.000000111443
3	121974097	123517767	2490	20	0.0000003013	0.000000110869
3	123517768	124936641	2699	20	0.0002354255	0.000000120286
3	124936642	126214942	3332	20	0.0000684025	0.000000113597
3	126214943	128194860	3139	20	0.0001808767	0.000000118101
3	128194861	130244734	3242	20	0.0000068242	0.000000111131
3	130244735	131836515	2861	20	0.0000390216	0.000000112420
3	131836516	133252172	2939	20	0.0000969027	0.000000114738
3	133252173	135456905	3699	20	0.0001345259	0.000000116245
3	135456906	137371082	2570	20	0.0001092402	0.000000115232
3	137371083	139954596	3843	20	0.0002560941	0.000000121114
3	139954597	141339096	2081	20	0.0000819772	0.000000114140
3	141339097	143164627	3197	20	0.0002289119	0.000000120025
3	143164628	144410815	1978	20	0.0002559856	0.000000121109
3	144410816	145664618	2778	20	0.0000649109	0.000000113457
3	145664619	146726628	2145	20	0.0000954358	0.000000114679
3	146726629	149043236	3873	20	0.0000951779	0.000000114669
3	149043237	150252003	2130	20	0.0001546783	0.000000117052
3	150252004	151348729	1676	20	0.0000814509	0.000000114119
3	151348730	153256570	3476	20	0.0001589130	0.000000117222
3	153256571	154714217	2749	20	0.0000107184	0.000000111287
3	154714218	156008699	1935	20	0.0001400968	0.000000116468
3	156008700	157312027	2120	20	0.0000301867	0.000000112066
3	157312028	159477889	3766	20	0.0001105035	0.000000115283
3	159477890	161524503	2975	20	0.0001731525	0.000000117792
3	161524504	163253204	4842	20	0.0002501195	0.000000120874
3	163253205	165055468	3581	20	0.0000868702	0.000000114336
3	165055469	167117428	3767	20	-0.0000159068	0.000000110220
3	167117429	168580959	2041	20	0.0002346423	0.000000120255
3	168580960	170964908	3695	20	0.0001023968	0.000000114958
3	170964909	172295730	2491	20	0.0000884601	0.000000114400
3	172295731	173477284	1849	20	0.0001570972	0.000000117149
3	173477285	175116538	3327	20	0.0001851044	0.000000118271
3	175116539	176320286	2271	20	0.0001709365	0.000000117703
3	176320287	178107164	3167	20	0.0001180511	0.000000115585
3	178107165	179374585	2290	20	0.0001708145	0.000000117698
3	179374586	181511165	2637	20	0.0001295484	0.000000116046
3	181511166	183769682	3496	20	0.0002307461	0.000000120098
3	183769683	185068254	2271	20	0.0002832093	0.000000122200
3	185068255	186890343	3175	20	0.0001306233	0.000000116089
3	186890344	188856213	3274	20	0.0002792282	0.000000122040
3	188856214	190226606	3344	20	-0.0000347141	0.000000109467
3	190226607	192343813	4699	20	0.0002189800	0.000000119627
3	192343814	194059670	3484	20	0.0000309491	0.000000112097
3	194059671	194786673	2335	20	0.0001154867	0.000000115482
3	194786674	195971407	2421	20	0.0001731894	0.000000117793
3	195971408	197075986	2136	20	0.0001396307	0.000000116449
3	197075987	197946621	1527	20	0.0003033208	0.000000123005
4	10240	694714	884	20	0.0001915131	0.000000083725
4	694715	1478710	1682	20	0.0002743495	0.000000121845
4	1478711	2842978	2358	20	0.0002018829	0.000000118943
4	2842979	3846039	1855	20	0.0004103434	0.000000127291
4	3846040	4684115	2761	20	0.0000985752	0.000000114805
4	4684116	5502387	1980	20	0.0001256493	0.000000115889
4	5502388	6773042	3323	20	-0.0000063028	0.000000110605
4	6773043	7539691	2263	20	0.0004713804	0.000000129736
4	7539692	8152234	1820	20	0.0001284206	0.000000116000
4	8152235	9326478	2631	20	0.0000139139	0.000000111415
4	9326479	10699151	3566	20	0.0000240040	0.000000111819
4	10699152	12323033	3768	20	0.0000705517	0.000000113683
4	12323034	14272000	3948	20	0.0001950574	0.000000118669
4	14272001	15147445	1757	20	0.0001128479	0.000000115377
4	15147446	15927008	1331	20	0.0001146445	0.000000113717
4	15927009	17383321	2917	20	0.0001447796	0.000000116656
4	17383322	18841873	2513	20	0.0001922803	0.000000118558
4	18841874	20544556	3590	20	0.0001120407	0.000000115344
4	20544557	22319346	3642	20	0.0003133614	0.000000123407
4	22319347	24135528	3140	20	0.0001444925	0.000000116644
4	24135529	25609321	2728	20	0.0001830815	0.000000118190
4	25609322	27343721	2629	20	0.0003265383	0.000000123935
4	27343722	27965867	1249	20	0.0001756226	0.000000100328
4	27965868	29762207	4014	20	0.0000520894	0.000000112943
4	29762208	30454534	1130	20	0.0002077947	0.000000079750
4	30454535	31782980	2699	20	0.0000014214	0.000000110914
4	31782981	33172765	3185	20	0.0001076789	0.000000115170
4	33172766	35151414	2985	20	0.0002117925	0.000000119339
4	35151415	36020435	2367	20	0.0002673036	0.000000121563
4	36020436	37255046	2975	20	0.0002944392	0.000000122649
4	37255047	38907021	3866	20	0.0001993857	0.000000118843
4	38907022	40202608	2537	20	0.0001582798	0.000000117196
4	40202609	42213057	3928	20	0.0002063168	0.000000119120
4	42213058	43965044	3469	20	0.0001240102	0.000000115824
4	43965045	45189156	2685	20	0.0002733186	0.000000121803
4	45189157	47411895	3019	20	0.0000699946	0.000000113661
4	47411896	48123599	1290	20	0.0001593851	0.000000088752
4	48123600	53877432	2811	20	0.0003148836	0.000000123468
4	53877433	55429555	2639	20	0.0001238601	0.000000115818
4	55429556	56547643	2204	20	0.0004945607	0.000000130664
4	56547644	58935007	5196	20	0.0002041200	0.000000119032
4	58935008	60741086	4116	20	0.0001224577	0.000000115762
4	60741087	62371762	3389	20	0.0003071356	0.000000123158
4	62371763	64341000	3745	20	0.0000714502	0.000000113719
4	64341001	66600491	4385	20	0.0000358830	0.000000112294
4	66600492	68059496	2736	20	0.0001825618	0.000000118169
4	68059497	68854764	1574	20	0.0000074148	0.000000089069
4	68854765	71049151	4219	20	0.0000605196	0.000000113281
4	71049152	72140557	1920	20	0.0000715745	0.000000104634
4	72140558	74592389	3396	20	0.0002449105	0.000000120666
4	74592390	77130706	4569	20	0.0004295156	0.000000128059
4	77130707	79093978	3919	20	0.0000225740	0.000000111761
4	79093979	80990296	3181	20	0.0003312610	0.000000124124
4	80990297	82125314	1415	20	0.0000754862	0.000000090837
4	82125315	83372592	2137	20	0.0001058917	0.000000115098
4	83372593	84799655	2724	20	0.0003086698	0.000000123219
4	84799656	86930608	3484	20	0.0001834827	0.000000118206
4	86930609	87534647	737	20	0.0002424496	0.000000057112
4	87534648	89238027	3188	20	0.0003116860	0.000000123340
4	89238028	90231563	1768	20	0.0001185146	0.000000115604
4	90231564	91560676	2035	20	0.0001267868	0.000000115935
4	91560677	94233298	3811	20	0.0002862629	0.000000122322
4	94233299	96182187	3319	20	0.0001617912	0.000000117337
4	96182188	97540702	2828	20	0.0002262528	0.000000119919
4	97540703	99424066	3284	20	0.0001156545	0.000000115489
4	99424067	100678359	2322	20	0.0002791822	0.000000122038
4	100678360	103221355	4683	20	0.0005364784	0.000000132343
4	103221356	105305293	3070	20	0.0001601746	0.000000117272
4	105305294	107501304	3221	20	0.0002889444	0.000000122429
4	107501305	108815347	1895	20	0.0001486922	0.000000116812
4	108815348	111256566	4228	20	0.0001350529	0.000000116266
4	111256567	113870101	3957	20	0.0000776842	0.000000113969
4	113870102	115666245	3319	20	0.0000617047	0.000000113329
4	115666246	117276928	2930	20	0.0003961717	0.000000126724
4	117276929	118479917	2489	20	0.0002147094	0.000000119456
4	118479918	119933511	2884	20	0.0002882911	0.000000122403
4	119933512	120392683	1249	20	0.0002065791	0.000000085023
4	120392684	122657986	4841	20	0.0000433226	0.000000112592
4	122657987	124286480	2392	20	0.0010917752	0.000000154582
4	124286481	125210861	1731	20	0.0002156027	0.000000119492
4	125210862	126480885	2451	20	0.0001157992	0.000000115495
4	126480886	127275476	1760	20	0.0001772371	0.000000117956
4	127275477	127830292	1178	20	0.0003103891	0.000000092430
4	127830293	128996664	1030	20	0.0000632308	0.000000077219
4	128996665	130591884	2483	20	0.0001594431	0.000000117243
4	130591885	131283820	1171	20	0.0003060781	0.000000092258
4	131283821	132954032	3184	20	0.0002392901	0.000000120441
4	132954033	134628433	3418	20	0.0002025404	0.000000118969
4	134628434	136566406	3534	20	0.0001060051	0.000000115103
4	136566407	138541970	4271	20	0.0000508146	0.000000112892
4	138541971	139556510	2034	20	0.0000155765	0.000000111481
4	139556511	141084630	2478	20	0.0002764851	0.000000121930
4	141084631	143443264	3928	20	0.0000653743	0.000000113476
4	143443265	146178186	3798	20	0.0002905237	0.000000122493
4	146178187	148521872	3468	20	0.0000873858	0.000000114357
4	148521873	150683579	2895	20	0.0001010199	0.000000114903
4	150683580	152782183	2646	20	0.0002258252	0.000000119901
4	152782184	154477640	2504	20	0.0001185166	0.000000115604
4	154477641	155056125	1241	20	0.0001647700	0.000000110316
4	155056126	157485096	4827	20	0.0002333407	0.000000120202
4	157485097	158743717	2154	20	0.0001975882	0.000000118771
4	158743718	161058863	3497	20	0.0001213828	0.000000115719
4	161058864	161826434	1892	20	0.0002029602	0.000000118986
4	161826435	163243678	3895	20	0.0001765049	0.000000117926
4	163243679	164478233	2188	20	0.0000060291	0.000000111099
4	164478234	165823447	3002	20	0.0001034490	0.000000115000
4	165823448	167018857	2467	20	0.0001322274	0.000000116153
4	167018858	167852916	1713	20	0.0001482862	0.000000101883
4	167852917	169676824	3448	20	0.0001691407	0.000000117631
4	169676825	170776509	1656	20	0.0000354662	0.000000112278
4	170776510	172558634	3140	20	0.0000794879	0.000000114041
4	172558635	174264131	2248	20	0.0000469841	0.000000112739
4	174264132	176570715	3998	20	0.0002531145	0.000000120994
4	176570716	178991909	5010	20	0.0000646592	0.000000113447
4	178991910	180122042	2354	20	-0.0000101349	0.000000110451
4	180122043	182066806	5032	20	0.0000178959	0.000000111574
4	182066807	183371274	3400	20	0.0001551659	0.000000117072
4	183371275	184929454	3742	20	-0.0000013431	0.000000110804
4	184929455	186909089	4984	20	0.0000097242	0.000000111247
4	186909090	188472980	3579	20	0.0002460194	0.000000120710
4	188472981	189693510	3882	20	0.0001538162	0.000000117018
4	189693511	191043593	3238	20	0.0003423436	0.000000124568
5	11940	982251	2235	20	0.0003447734	0.000000124665
5	982252	2132441	3128	20	0.0000876236	0.000000114367
5	2132442	3361940	3797	20	0.0000993803	0.000000114837
5	3361941	4632109	2758	20	0.0000534066	0.000000112996
5	4632110	5973232	3091	20	0.0001658112	0.000000117498
5	5973233	7143217	2715	20	0.0001111434	0.000000115309
5	7143218	8446335	3016	20	0.0000738836	0.000000113816
5	8446336	9718831	2938	20	0.0000413724	0.000000112514
5	9718832	11173270	3120	20	0.0002190254	0.000000119629
5	11173271	13464831	3421	20	0.0001791969	0.000000118034
5	13464832	14757803	2383	20	0.0003833095	0.000000126208
5	14757804	16963612	3185	20	0.0000921478	0.000000114548
5	16963613	18051591	1678	20	0.0003481392	0.000000124800
5	18051592	19917715	3888	20	0.0001684831	0.000000117605
5	19917716	22152072	3182	20	0.0001604645	0.000000117284
5	22152073	23494323	2324	20	0.0001539339	0.000000117022
5	23494324	26184850	5423	20	0.0003089692	0.000000123231
5	26184851	26857603	1355	20	0.0000512831	0.000000086085
5	26857604	27984512	1941	20	0.0000940605	0.000000114624
5	27984513	29714819	3590	20	-0.0000241956	0.000000109888
5	29714820	31390248	3392	20	0.0001028279	0.000000114976
5	31390249	33500179	4022	20	0.0003074615	0.000000123171
5	33500180	35048969	2928	20	0.0002083956	0.000000119203
5	35048970	36433953	2261	20	0.0002094819	0.000000119247
5	36433954	38802409	3588	20	0.0001583479	0.000000117199
5	38802410	40287728	2759	20	0.0010783369	0.000000154044
5	40287729	41888709	3168	20	0.0029569007	0.000000229278
5	41888710	43983498	2781	20	0.0001452222	0.000000116673
5	43983499	50163397	4359	20	0.0002164292	0.000000119525
5	50163398	52134621	3347	20	0.0001947879	0.000000118658
5	52134622	53703043	3342	20	0.0002538828	0.000000121025
5	53703044	55417348	3239	20	0.0002471099	0.000000120754
5	55417349	56621101	2207	20	0.0005338022	0.000000132236
5	56621102	57340072	1283	20	-0.0000011749	0.000000089440
5	57340073	58524621	2808	20	0.0000434592	0.000000112598
5	58524622	60935906	3214	20	0.0001897687	0.000000118457
5	60935907	61672994	1032	20	0.0001471853	0.000000087091
5	61672995	63218986	2820	20	0.0001619292	0.000000117342
5	63218987	63968303	944	20	0.0001682647	0.000000067704
5	63968304	65911285	3077	20	-0.0000195575	0.000000110074
5	65911286	67850859	3306	20	0.0001294786	0.000000116043
5	67850860	71240455	2511	20	0.0001141301	0.000000115428
5	71240456	73759325	4330	20	0.0004310506	0.000000128120
5	73759326	75798865	3636	20	0.0001854429	0.000000118284
5	75798866	77623331	3229	20	0.0001168526	0.000000115537
5	77623332	79393143	2973	20	0.0001437724	0.000000116615
5	79393144	80481470	2439	20	0.0001544382	0.000000117042
5	80481471	82025647	2155	20	-0.0000212191	0.000000110008
5	82025648	83972688	2624	20	0.0001453030	0.000000116677
5	83972689	85767289	4500	20	-0.0000343608	0.000000109481
5	85767290	87389990	1582	20	0.0000032313	0.000000110987
5	87389991	88891529	1311	20	0.0001264349	0.000000108048
5	88891530	90422653	1823	20	0.0001822525	0.000000118156
5	90422654	91840541	1738	20	0.0000065934	0.000000111121
5	91840542	93809983	1656	20	0.0001176354	0.000000115569
5	93809984	95963518	2960	20	0.0002025072	0.000000118968
5	95963519	97315600	2961	20	0.0010754410	0.000000153928
5	97315601	99260991	3698	20	0.0001862851	0.000000118318
5	99260992	101578768	3577	20	0.0001790034	0.000000118026
5	101578769	103320004	2577	20	0.0001365854	0.000000116327
5	103320005	104851482	2658	20	0.0000612469	0.000000113310
5	104851483	105893054	1387	20	0.0004044775	0.000000117219
5	105893055	107264195	2628	20	0.0002590041	0.000000121230
5	107264196	108633933	2659	20	0.0001317512	0.000000116134
5	108633934	110821143	3547	20	0.0002673118	0.000000121563
5	110821144	111981561	2184	20	0.0005760543	0.000000133928
5	111981562	113396284	2852	20	0.0001542953	0.000000117037
5	113396285	114830369	3023	20	0.0001807057	0.000000118094
5	114830370	115831046	2263	20	-0.0000201938	0.000000110049
5	115831047	117346212	3076	20	-0.0000500218	0.000000108854
5	117346213	118608819	2169	20	0.0002035413	0.000000119009
5	118608820	119669041	1947	20	0.0001205852	0.000000115687
5	119669042	120452165	1489	20	0.0002355226	0.000000103203
5	120452166	122556904	3847	20	0.0003933594	0.000000126611
5	122556905	123798099	2228	20	0.0001499661	0.000000116863
5	123798100	125785648	4366	20	-0.0000308185	0.000000109623
5	125785649	127344603	2211	20	0.0002612667	0.000000121321
5	127344604	129519024	4128	20	0.0002408109	0.000000120502
5	129519025	132139648	2710	20	0.0013098784	0.000000163317
5	132139649	134777400	3754	20	0.0002589780	0.000000121229
5	134777401	136376049	2715	20	-0.0000404897	0.000000109236
5	136376050	139265071	2942	20	0.0001439093	0.000000116621
5	139265072	140645970	1615	20	-0.0000502841	0.000000108844
5	140645971	142981247	3609	20	0.0003151130	0.000000123477
5	142981248	144943353	3175	20	0.0001500415	0.000000116866
5	144943354	147181997	3495	20	0.0001306615	0.000000116090
5	147181998	148662623	2521	20	0.0000341017	0.000000112223
5	148662624	150561297	3303	20	0.0008882106	0.000000146429
5	150561298	152867773	4515	20	0.0001094528	0.000000115241
5	152867774	153773087	1921	20	0.0001101303	0.000000115268
5	153773088	155373504	2847	20	-0.0000288659	0.000000109701
5	155373505	156628699	1883	20	0.0004038658	0.000000127032
5	156628700	158825697	4163	20	0.0009587448	0.000000149254
5	158825698	159973943	2088	20	0.0012631901	0.000000161447
5	159973944	161482132	2638	20	0.0000621088	0.000000113345
5	161482133	162743907	2114	20	0.0001425439	0.000000116566
5	162743908	163771581	2072	20	0.0002451647	0.000000120676
5	163771582	165642394	3040	20	0.0001539478	0.000000117023
5	165642395	166847739	1990	20	0.0000752387	0.000000113871
5	166847740	168525317	2778	20	0.0000034270	0.000000110995
5	168525318	169505663	1833	20	0.0002019503	0.000000118945
5	169505664	171074291	2860	20	0.0000731475	0.000000113787
5	171074292	172678326	2924	20	0.0001077319	0.000000115172
5	172678327	173642870	2175	20	0.0003335390	0.000000124215
5	173642871	175450594	3595	20	0.0000057716	0.000000111089
5	175450595	177251506	1969	20	0.0003313913	0.000000124129
5	177251507	178413463	3040	20	0.0000381389	0.000000112385
5	178413464	179401243	2014	20	0.0002362440	0.000000120319
5	179401244	180559932	2800	20	0.0003525933	0.000000124978
5	180559933	180885155	314	20	0.0000553539	0.000000042740
6	73924	1452361	2948	20	0.0001204075	0.000000115680
6	1452362	2458935	1800	20	0.0001403688	0.000000116479
6	2458936	3573592	2669	20	0.0000691285	0.000000113626
6	3573593	4617816	2565	20	-0.0000329803	0.000000109537
6	4617817	5791471	2489	20	0.0001213579	0.000000115718
6	5791472	6785206	2464	20	0.0000876080	0.000000114366
6	6785207	7808935	2421	20	0.0000604868	0.000000113280
6	7808936	9020025	2774	20	0.0000676070	0.000000113565
6	9020026	10540316	3154	20	0.0000495106	0.000000112840
6	10540317	11790815	2226	20	0.0002324925	0.000000120168
6	11790816	13209387	2550	20	0.0002309729	0.000000120108
6	13209388	14802923	2839	20	0.0005028470	0.000000130996
6	14802924	17386404	4519	20	0.0001415209	0.000000116525
6	17386405	19207486	3695	20	0.0000942301	0.000000114631
6	19207487	21684064	4864	20	0.0005661592	0.000000133531
6	21684065	22748306	2432	20	0.0005363354	0.000000132337
6	22748307	23936618	2719	20	0.0001619167	0.000000117342
6	23936619	24852274	1935	20	0.0001253782	0.000000115879
6	24852275	25684586	2034	20	0.0002771753	0.000000121958
6	25684587	26791232	2114	20	0.0001372983	0.000000111668
6	26791233	28017818	1775	20	0.0000746844	0.000000090093
6	28017819	28917607	904	20	0.0002590866	0.000000048460
6	28917608	29737970	165	15	0.0003552541	0.000000027301
6	29737971	30798167	331	20	0.0007035246	0.000000067380
6	30798168	31571217	978	20	0.0017960217	0.000000182287
6	31571218	32682663	4639	20	0.0040390859	0.000000272366
6	32682664	33236496	422	20	0.0016386819	0.000000119678
6	33236497	35455755	3627	20	0.0003450766	0.000000124677
6	35455756	37572595	3651	20	0.0003801282	0.000000126081
6	37572596	39295676	3577	20	0.0001896232	0.000000118452
6	39295677	40345114	1654	20	0.0000888748	0.000000114417
6	40345115	42038720	3102	20	0.0002563791	0.000000121125
6	42038721	43756168	2277	20	0.0002754652	0.000000121889
6	43756169	45406562	2857	20	0.0001913854	0.000000118522
6	45406563	47311897	3095	20	0.0002276580	0.000000119975
6	47311898	48391124	2114	20	0.0002280252	0.000000119990
6	48391125	50386144	3656	20	0.0001798502	0.000000118060
6	50386145	52210475	3215	20	0.0000830722	0.000000114184
6	52210476	53279101	2114	20	0.0000554793	0.000000113079
6	53279102	55468269	4707	20	0.0001229060	0.000000115780
6	55468270	56105312	1549	20	0.0001516771	0.000000075906
6	56105313	57599464	1765	20	0.0000517228	0.000000112929
6	57599465	61880511	2259	20	0.0001791241	0.000000095927
6	61880512	63552887	3423	20	0.0000197050	0.000000111647
6	63552888	65765741	3633	20	0.0000722662	0.000000113752
6	65765742	67329214	4058	20	0.0000805039	0.000000114081
6	67329215	68849482	4121	20	0.0000262463	0.000000111908
6	68849483	69523447	1740	20	0.0000713375	0.000000086886
6	69523448	71609509	3938	20	0.0001137982	0.000000115415
6	71609510	73450096	3575	20	0.0000945185	0.000000114643
6	73450097	75462002	3967	20	0.0001724041	0.000000117762
6	75462003	77414880	2703	20	-0.0000054843	0.000000110638
6	77414881	78957727	3534	20	0.0000337955	0.000000112211
6	78957728	80691169	3460	20	-0.0000405734	0.000000109232
6	80691170	81929221	3072	20	0.0001160386	0.000000115505
6	81929222	83127148	1942	20	0.0000797730	0.000000114052
6	83127149	85209988	2669	20	0.0000495063	0.000000112840
6	85209989	87069499	3828	20	0.0003969706	0.000000126756
6	87069500	88822139	3230	20	0.0002438925	0.000000120625
6	88822140	89973051	2104	20	0.0002707892	0.000000121702
6	89973052	91843195	3141	20	0.0005417187	0.000000132553
6	91843196	93428643	2647	20	0.0002252424	0.000000119878
6	93428644	94118141	1638	20	0.0000878657	0.000000108953
6	94118142	94441174	460	18	0.0001440639	0.000000030615
6	94441175	97093510	4350	20	0.0002965884	0.000000122735
6	97093511	97842283	1228	20	0.0001851322	0.000000078387
6	97842284	100630145	4265	20	0.0002020516	0.000000118949
6	100630146	102636771	2833	20	0.0001961056	0.000000118711
6	102636772	103983394	2664	20	0.0001003103	0.000000114875
6	103983395	106056732	3852	20	0.0002092303	0.000000119237
6	106056733	107450305	2946	20	0.0002100064	0.000000119268
6	107450306	108464379	1492	20	-0.0000437498	0.000000109105
6	108464380	110304246	2634	20	0.0001137037	0.000000115411
6	110304247	112345013	3154	20	0.0007365941	0.000000140357
6	112345014	114220832	2916	20	0.0002797099	0.000000122059
6	114220833	116131395	3373	20	0.0000946938	0.000000114650
6	116131396	117672971	2404	20	0.0002732237	0.000000121800
6	117672972	118963114	2003	20	0.0003234654	0.000000123812
6	118963115	119963277	1727	20	0.0003223742	0.000000120800
6	119963278	120512127	1101	20	0.0000413944	0.000000058845
6	120512128	121905675	2695	20	0.0001484839	0.000000116804
6	121905676	123856180	3665	20	0.0002259515	0.000000119906
6	123856181	125424382	2527	20	0.0000406587	0.000000112486
6	125424383	127540460	2122	20	0.0001751619	0.000000117872
6	127540461	129861030	3166	20	0.0000967613	0.000000114733
6	129861031	130935453	2330	20	0.0000648036	0.000000113453
6	130935454	132765668	3054	20	0.0001306863	0.000000116091
6	132765669	134244242	2534	20	0.0002293815	0.000000120044
6	134244243	136224176	2740	20	0.0000013356	0.000000110911
6	136224177	137614217	1286	20	0.0002687359	0.000000121620
6	137614218	138822628	2293	20	0.0005032687	0.000000131013
6	138822629	139845435	1960	20	0.0001587259	0.000000117214
6	139845436	142288478	3234	20	0.0002717590	0.000000121741
6	142288479	145319809	4372	20	0.0002164449	0.000000119526
6	145319810	146665423	1829	20	0.0000881954	0.000000092533
6	146665424	148920351	3955	20	0.0002121229	0.000000119353
6	148920352	150253403	2593	20	0.0007582323	0.000000141224
6	150253404	151912702	4105	20	0.0001474569	0.000000116763
6	151912703	153094495	2357	20	0.0001480043	0.000000116785
6	153094496	154974119	4281	20	0.0001121510	0.000000115349
6	154974120	156763325	3350	20	0.0001267705	0.000000115934
6	156763326	158218718	2173	20	0.0001354569	0.000000116282
6	158218719	160580496	5338	20	0.0003778128	0.000000125988
6	160580497	162169563	3541	20	0.0001123168	0.000000115356
6	162169564	162931202	1813	20	0.0001033319	0.000000114996
6	162931203	164383520	3351	20	0.0000454766	0.000000112679
6	164383521	165586863	3138	20	-0.0000279272	0.000000109739
6	165586864	167024732	3634	20	0.0001794233	0.000000118043
6	167024733	168042834	2414	20	0.0009944748	0.000000150685
6	168042835	169382049	4011	20	0.0001836607	0.000000118213
6	169382050	170330172	2134	20	0.0001136033	0.000000115407
6	170330173	171051269	1529	20	0.0002867773	0.000000122342
7	16161	972751	2700	20	0.0000882692	0.000000114392
7	972752	1353066	1075	20	0.0001032636	0.000000114993
7	1353067	2062397	1462	20	0.0001604676	0.000000117284
7	2062398	2772226	1477	20	0.0003318753	0.000000124149
7	2772227	4573427	4769	20	0.0004825443	0.000000130183
7	4573428	5416231	2075	20	0.0002407290	0.000000120498
7	5416232	5854525	766	20	0.0001850083	0.000000118267
7	5854526	6573856	1330	20	0.0004071445	0.000000127163
7	6573857	7808751	3351	20	0.0000332537	0.000000112189
7	7808752	9123422	3321	20	0.0003408112	0.000000124506
7	9123423	9987498	2666	20	0.0000835349	0.000000114203
7	9987499	11299197	3307	20	0.0002260212	0.000000119909
7	11299198	12635460	4098	20	0.0002362752	0.000000120320
7	12635461	13884201	3396	20	-0.0000706194	0.000000108029
7	13884202	15143656	2436	20	0.0000480422	0.000000112781
7	15143657	16902068	3721	20	0.0001627690	0.000000117376
7	16902069	19481546	4172	20	0.0000485801	0.000000112803
7	19481547	20124907	1476	20	0.0000460133	0.000000112453
7	20124908	22507628	5373	20	0.0005065469	0.000000131144
7	22507629	23471441	1621	20	0.0002554896	0.000000121089
7	23471442	25077258	3563	20	-0.0000041192	0.000000110692
7	25077259	25909554	1876	20	0.0003614996	0.000000125335
7	25909555	28360308	4104	20	0.0002320766	0.000000120152
7	28360309	31137288	5191	20	-0.0000081956	0.000000110529
7	31137289	33555767	5294	20	0.0003120345	0.000000123354
7	33555768	36213537	4830	20	0.0001977236	0.000000118776
7	36213538	37555183	2630	20	0.0001754827	0.000000117885
7	37555184	38966702	3382	20	0.0004022141	0.000000126966
7	38966703	39862669	1575	20	0.0000958891	0.000000114698
7	39862670	42001810	2914	20	0.0004061236	0.000000127122
7	42001811	43159073	2148	20	0.0000963041	0.000000114714
7	43159074	44763827	2784	20	0.0001925498	0.000000118569
7	44763828	45952921	2299	20	0.0001450269	0.000000116666
7	45952922	46986719	2296	20	0.0001406690	0.000000116491
7	46986720	49212277	5031	20	0.0001464938	0.000000116724
7	49212278	51675321	4884	20	0.0005933505	0.000000134620
7	51675322	53176311	4386	20	0.0001543232	0.000000117038
7	53176312	54222975	2604	20	0.0001133509	0.000000115149
7	54222976	55691583	3287	20	0.0001342003	0.000000116232
7	55691584	57382637	3510	20	0.0001554891	0.000000117085
7	57382638	63307358	3229	20	0.0000541900	0.000000113028
7	63307359	63641124	624	20	0.0001144897	0.000000035927
7	63641125	65689808	3204	20	-0.0000040040	0.000000110697
7	65689809	68234073	6490	20	0.0000381462	0.000000112385
7	68234074	69085363	1745	20	0.0002603092	0.000000121282
7	69085364	71874884	4594	20	0.0002012514	0.000000118917
7	71874885	73334601	1420	20	0.0003138942	0.000000123428
7	73334602	76458563	3377	20	0.0003177140	0.000000123581
7	76458564	78093858	3422	20	0.0001572738	0.000000117156
7	78093859	79888068	3401	20	0.0000614261	0.000000113317
7	79888069	82022685	3356	20	0.0000752462	0.000000113871
7	82022686	83801202	3617	20	0.0001635718	0.000000117408
7	83801203	85572181	2749	20	0.0002383700	0.000000120404
7	85572182	87825003	3137	20	0.0001569993	0.000000117145
7	87825004	90661783	5665	20	0.0000445533	0.000000112642
7	90661784	92493751	2014	20	0.0003778582	0.000000125990
7	92493752	93966600	1764	20	0.0001753976	0.000000117882
7	93966601	96073507	3026	20	-0.0000132339	0.000000110327
7	96073508	97099569	1629	20	0.0001328627	0.000000116178
7	97099570	98715473	3025	20	-0.0000281857	0.000000109729
7	98715474	100196650	1407	20	0.0007514053	0.000000132563
7	100196651	101199252	2018	20	0.0006389087	0.000000136445
7	101199253	103197509	2863	20	0.0004093625	0.000000127252
7	103197510	104159524	2317	20	0.0000143408	0.000000111432
7	104159525	105682904	2400	20	0.0000725563	0.000000113763
7	105682905	107780177	3507	20	0.0008523706	0.000000144994
7	107780178	109647593	3234	20	0.0001633628	0.000000117400
7	109647594	112618683	3857	20	0.0001044468	0.000000115040
7	112618684	113712386	1445	20	0.0001461154	0.000000099630
7	113712387	116780177	3643	20	0.0000984477	0.000000114800
7	116780178	118351580	1810	20	0.0002550410	0.000000114662
7	118351581	121045272	2833	20	0.0001511304	0.000000116910
7	121045273	121933629	1453	20	0.0003699869	0.000000105937
7	121933630	124156804	3825	20	0.0000006880	0.000000110885
7	124156805	124167551	27	3	0.0000020188	0.000000002812
7	124167552	126519169	4745	20	0.0000964341	0.000000114719
7	126519170	126869220	501	20	0.0002904547	0.000000047140
7	126869221	128778385	3192	20	0.0000782675	0.000000113992
7	128778386	130422413	2561	20	0.0001521781	0.000000116952
7	130422414	132805847	4106	20	0.0001363004	0.000000116316
7	132805848	134307595	2304	20	-0.0000136128	0.000000110065
7	134307596	135591082	2367	20	0.0002370041	0.000000120349
7	135591083	136876561	2347	20	0.0002353249	0.000000120282
7	136876562	138744678	3031	20	0.0000770478	0.000000113943
7	138744679	139933176	1513	20	0.0001512975	0.000000116917
7	139933177	140235209	791	20	0.0003103205	0.000000097843
7	140235210	141226556	1213	20	0.0002593382	0.000000105839
7	141226557	142656309	2267	20	0.0003780414	0.000000125997
7	142656310	144968288	3209	20	0.0002436326	0.000000120615
7	144968289	146427959	2759	20	0.0001260801	0.000000115907
7	146427960	147815317	3164	20	0.0000420344	0.000000112541
7	147815318	149840657	3846	20	0.0002962515	0.000000122722
7	149840658	150711504	2204	20	0.0002236492	0.000000119814
7	150711505	152249805	2344	20	0.0003039535	0.000000123030
7	152249806	153674018	3504	20	-0.0000315604	0.000000109593
7	153674019	154964729	2871	20	0.0001459910	0.000000116704
7	154964730	156065249	2875	20	0.0000518568	0.000000112934
7	156065250	157634596	3392	20	0.0000044604	0.000000111036
7	157634597	159128574	3553	20	0.0000387753	0.000000112410
8	10422	1044216	2448	20	0.0003362014	0.000000124322
8	1044217	1163244	498	20	0.0000136630	0.000000067893
8	1163245	2042941	2754	20	0.0000214689	0.000000111717
8	2042942	2573278	1900	20	0.0000738482	0.000000113815
8	2573279	3392925	3304	20	0.0001718570	0.000000117740
8	3392926	3783016	2079	20	0.0001486554	0.000000116811
8	3783017	4480475	3124	20	-0.0000108654	0.000000110422
8	4480476	5146926	2479	20	-0.0000280672	0.000000109733
8	5146927	6142796	4328	20	-0.0000389007	0.000000109299
8	6142797	7153078	2917	20	0.0001687985	0.000000117618
8	7153079	9154693	3099	20	0.0002173956	0.000000119564
8	9154694	9640786	1255	20	0.0002020865	0.000000116478
8	9640787	10463196	2143	20	0.0001525831	0.000000116968
8	10463197	11278997	1899	20	0.0000537569	0.000000113010
8	11278998	13491774	5288	20	0.0000962433	0.000000114712
8	13491775	13944991	2176	20	0.0001553948	0.000000117081
8	13944992	15991659	5962	20	0.0000524177	0.000000112957
8	15991660	17387875	3037	20	0.0001005535	0.000000114884
8	17387876	17836398	1368	20	0.0000330357	0.000000112180
8	17836399	19492839	4271	20	-0.0000035752	0.000000110714
8	19492840	20060855	1423	20	0.0000771745	0.000000113948
8	20060856	21661736	3389	20	0.0001061972	0.000000115110
8	21661737	22897056	2072	20	0.0000880930	0.000000114385
8	22897057	24674717	3455	20	0.0000419864	0.000000112539
8	24674718	25483453	1542	20	0.0004182992	0.000000123900
8	25483454	26682524	2843	20	0.0002942067	0.000000122640
8	26682525	28162391	3435	20	0.0001568195	0.000000117138
8	28162392	29327895	1688	20	0.0000513259	0.000000112913
8	29327896	31133728	2791	20	0.0001037770	0.000000115014
8	31133729	31548359	883	20	0.0001965746	0.000000067256
8	31548360	32977217	2354	20	0.0001044859	0.000000115042
8	32977218	35317231	3525	20	0.0000209078	0.000000111695
8	35317232	37379388	1731	20	0.0002273627	0.000000119963
8	37379389	38938805	1688	20	0.0002050336	0.000000119069
8	38938806	40703336	3917	20	0.0001709068	0.000000117702
8	40703337	41721453	2095	20	0.0005902786	0.000000134497
8	41721454	42773822	984	20	0.0004986514	0.000000107973
8	42773823	46841314	568	20	0.0001017028	0.000000063482
8	46841315	50082469	2799	20	0.0003694698	0.000000125654
8	50082470	53302929	5649	20	0.0001618987	0.000000117341
8	53302930	54418043	2299	20	0.0002531639	0.000000120996
8	54418044	55945580	2376	20	0.0001462690	0.000000116715
8	55945581	56956382	1788	20	0.0001678952	0.000000117581
8	56956383	59068650	4297	20	0.0000623635	0.000000113355
8	59068651	59728099	1379	20	0.0004951962	0.000000117687
8	59728100	62329098	3995	20	0.0001654509	0.000000117483
8	62329099	63349305	1944	20	0.0002182818	0.000000115401
8	63349306	65232871	2893	20	0.0003269514	0.000000123951
8	65232872	66489089	1812	20	0.0004612695	0.000000129331
8	66489090	69863056	4477	20	0.0002237858	0.000000119820
8	69863057	70867978	1931	20	0.0005115574	0.000000131345
8	70867979	72289453	2407	20	0.0002336362	0.000000120214
8	72289454	73817198	3295	20	0.0001123473	0.000000115357
8	73817199	75445063	2757	20	0.0001002523	0.000000114872
8	75445064	76456541	1669	20	0.0001234977	0.000000111853
8	76456542	79132860	4632	20	0.0002403874	0.000000120485
8	79132861	81956394	4075	20	0.0003120451	0.000000123354
8	81956395	82693738	1098	20	0.0003079154	0.000000094209
8	82693739	84225588	3221	20	0.0003157616	0.000000123503
8	84225589	85955618	2921	20	0.0000864874	0.000000114321
8	85955619	87411708	1353	20	0.0001230353	0.000000090839
8	87411709	89085480	2943	20	0.0000751429	0.000000113867
8	89085481	90638161	2650	20	0.0001976105	0.000000118771
8	90638162	93554385	3423	20	0.0004738178	0.000000129833
8	93554386	95005526	1702	20	0.0001406914	0.000000116492
8	95005527	96534805	2943	20	0.0001138376	0.000000115416
8	96534806	99401580	4930	20	-0.0000268641	0.000000109781
8	99401581	101620957	1926	20	0.0001258641	0.000000115898
8	101620958	104123305	4443	20	0.0000912237	0.000000114511
8	104123306	104988751	2023	20	-0.0000092111	0.000000084850
8	104988752	107410753	4183	20	0.0001210402	0.000000115705
8	107410754	108648176	2255	20	0.0001329478	0.000000116182
8	108648177	109248172	1082	20	0.0000682917	0.000000061929
8	109248173	110484313	2131	20	0.0002472554	0.000000117546
8	110484314	111850846	1555	20	0.0001427683	0.000000100217
8	111850847	113064319	1600	20	0.0003646650	0.000000086001
8	113064320	116096494	5388	20	0.0003802320	0.000000126085
8	116096495	119685456	4757	20	0.0000757795	0.000000113892
8	119685457	121201699	2718	20	0.0001642044	0.000000117434
8	121201700	124861458	6165	20	0.0004575616	0.000000129182
8	124861459	125683718	1532	20	0.0000270582	0.000000111941
8	125683719	126410916	1349	20	0.0002509819	0.000000120909
8	126410917	128659110	4495	20	0.0001065168	0.000000115123
8	128659111	130381138	3205	20	0.0004011244	0.000000126922
8	130381139	131639624	2407	20	0.0004871468	0.000000130367
8	131639625	133351143	3817	20	0.0003040111	0.000000123033
8	133351144	134570000	2584	20	0.0001423281	0.000000116557
8	134570001	136035604	3598	20	0.0001194444	0.000000115641
8	136035605	137524150	2779	20	0.0004133568	0.000000127412
8	137524151	139254829	4298	20	0.0003280298	0.000000123995
8	139254830	140725642	2976	20	0.0000374858	0.000000112359
8	140725643	143044913	4107	20	0.0003003966	0.000000122888
8	143044914	144236880	3028	20	0.0000593862	0.000000113236
8	144236881	146303866	2837	20	0.0003720600	0.000000125758
9	10023	1079706	2906	20	0.0003528579	0.000000124989
9	1079707	1916876	2379	20	0.0001614262	0.000000117322
9	1916877	3190063	3195	20	0.0000045459	0.000000111039
9	3190064	4495327	2761	20	0.0001345532	0.000000116246
9	4495328	4884925	998	20	0.0005256234	0.000000131908
9	4884926	6557588	2609	20	0.0010371172	0.000000152393
9	6557589	7154922	1776	20	0.0002213584	0.000000119723
9	7154923	8456298	3590	20	0.0001142540	0.000000115433
9	8456299	9166402	1656	20	0.0001590453	0.000000117227
9	9166403	10879252	4405	20	0.0001703014	0.000000117678
9	10879253	12276488	3636	20	0.0001374056	0.000000116360
9	12276489	14836362	5483	20	0.0000679278	0.000000113578
9	14836363	16659654	3686	20	0.0000875281	0.000000114363
9	16659655	18661050	4660	20	0.0000744753	0.000000113840
9	18661051	20463533	3656	20	0.0002029225	0.000000118984
9	20463534	22206558	2930	20	0.0001638392	0.000000117419
9	22206559	24158517	2936	20	0.0000872501	0.000000114352
9	24158518	25330809	1745	20	0.0002577427	0.000000120932
9	25330810	26111756	1463	20	0.0000489193	0.000000112817
9	26111757	28224282	4182	20	0.0001866127	0.000000118331
9	28224283	28811583	1242	20	0.0001801922	0.000000118074
9	28811584	30387391	3743	20	0.0001059910	0.000000115102
9	30387392	31310382	2003	20	0.0002930275	0.000000121602
9	31310383	32019367	1749	20	0.0000450357	0.000000086072
9	32019368	33578333	3453	20	0.0000926460	0.000000114568
9	33578334	34642242	2013	20	0.0004735855	0.000000129080
9	34642243	36743282	2796	20	0.0002215324	0.000000119729
9	36743283	38641598	3427	20	0.0000444269	0.000000112637
9	38641599	65472189	1876	20	0.0000467186	0.000000112728
9	65472190	72512710	3105	20	0.0000919334	0.000000114539
9	72512711	72753754	468	20	0.0003693577	0.000000042035
9	72753755	74253039	2740	20	0.0002715527	0.000000121733
9	74253040	76203945	3013	20	0.0001686125	0.000000117610
9	76203946	76973080	1094	20	-0.0000081454	0.000000067481
9	76973081	78900182	3827	20	0.0000358683	0.000000112294
9	78900183	79471207	1287	20	0.0003760897	0.000000125919
9	79471208	81079054	2784	20	0.0000833322	0.000000114195
9	81079055	82590927	2470	20	0.0000616168	0.000000113325
9	82590928	84211232	4057	20	0.0000416030	0.000000112524
9	84211233	85440800	1474	20	0.0000909277	0.000000114499
9	85440801	86938195	2810	20	0.0000779461	0.000000113979
9	86938196	88109332	2049	20	0.0003818373	0.000000126150
9	88109333	88590416	430	20	0.0002483090	0.000000049105
9	88590417	90136245	2697	20	0.0003357623	0.000000124304
9	90136246	92528697	4757	20	-0.0000222507	0.000000109966
9	92528698	94167202	3059	20	0.0006407228	0.000000136518
9	94167203	96671697	4329	20	0.0004245842	0.000000127861
9	96671698	98922039	3635	20	0.0001189614	0.000000115622
9	98922040	101592858	3964	20	0.0000066693	0.000000111124
9	101592859	104624436	4645	20	0.0002241530	0.000000119834
9	104624437	105967975	3698	20	0.0000719183	0.000000113738
9	105967976	107581748	3490	20	0.0000388987	0.000000112415
9	107581749	109298753	2974	20	0.0004112335	0.000000127327
9	109298754	110695061	2505	20	0.0003885245	0.000000126417
9	110695062	112778023	4593	20	0.0000307541	0.000000112089
9	112778024	114831081	4510	20	-0.0000224281	0.000000109959
9	114831082	115693144	1631	20	0.0002350879	0.000000117059
9	115693145	117019800	2575	20	0.0003418694	0.000000124549
9	117019801	117921959	1699	20	0.0010263302	0.000000151961
9	117921960	121321536	6421	20	0.0003324197	0.000000124170
9	121321537	122260296	1492	20	-0.0000547287	0.000000108666
9	122260297	124871321	3298	20	0.0000714173	0.000000113718
9	124871322	126971886	2984	20	0.0000474115	0.000000112756
9	126971887	129059664	2336	20	-0.0000629861	0.000000108335
9	129059665	130055509	1461	20	0.0000551530	0.000000113066
9	130055510	132165469	2332	20	0.0000625108	0.000000113361
9	132165470	133223216	1923	20	0.0000904686	0.000000114481
9	133223217	134127887	1619	20	0.0000861993	0.000000114310
9	134127888	135298841	2000	20	0.0000664216	0.000000113517
9	135298842	137041121	3910	20	0.0002355587	0.000000120291
9	137041122	137589363	1115	20	0.0000647002	0.000000113449
9	137589364	138938977	3372	20	0.0000303554	0.000000112073
9	138938978	139500341	1017	20	0.0022807219	0.000000202198
9	139500342	141144795	2412	20	0.0001284533	0.000000116002
10	60523	751338	645	20	0.0002004562	0.000000096541
10	751339	1523543	1849	20	0.0002308241	0.000000120102
10	1523544	2254499	2102	20	0.0000239038	0.000000111815
10	2254500	3352698	3120	20	0.0001224148	0.000000115760
10	3352699	4572273	2698	20	0.0001375268	0.000000116365
10	4572274	5983761	3978	20	0.0000160749	0.000000111501
10	5983762	7171483	3053	20	0.0002215025	0.000000119728
10	7171484	8774664	3892	20	0.0001374970	0.000000116364
10	8774665	10249395	3052	20	0.0002376950	0.000000120377
10	10249396	12586796	4942	20	-0.0000117984	0.000000110385
10	12586797	13321599	1957	20	0.0000351748	0.000000112266
10	13321600	15026067	3937	20	0.0001334262	0.000000116201
10	15026068	16551766	2978	20	0.0001600466	0.000000117267
10	16551767	18537266	3653	20	0.0001525273	0.000000116966
10	18537267	19716877	3254	20	-0.0000159067	0.000000110220
10	19716878	22772282	4926	20	0.0003371539	0.000000124360
10	22772283	23175131	580	20	0.0000601987	0.000000054707
10	23175132	25578595	3695	20	0.0003266224	0.000000123938
10	25578596	26888683	3886	20	0.0000103738	0.000000111273
10	26888684	29323235	5455	20	0.0000356468	0.000000112285
10	29323236	29783691	1305	20	0.0002250796	0.000000119872
10	29783692	30458837	1662	20	0.0000882317	0.000000114391
10	30458838	31907518	2770	20	0.0006461590	0.000000136735
10	31907519	33707967	3686	20	0.0005350498	0.000000132285
10	33707968	35109354	2245	20	0.0000778967	0.000000113977
10	35109355	36572507	2322	20	0.0008058773	0.000000143132
10	36572508	37790028	2132	20	0.0000306667	0.000000112086
10	37790029	42372578	2628	20	0.0000551279	0.000000076665
10	42372579	43894770	2973	20	0.0000602071	0.000000113269
10	43894771	44730074	1818	20	0.0002618311	0.000000121096
10	44730075	48760449	4400	20	0.0005202405	0.000000131692
10	48760450	50840914	2930	20	0.0002924423	0.000000122569
10	50840915	53616628	3525	20	0.0001837049	0.000000118215
10	53616629	55103571	3553	20	0.0002602355	0.000000121280
10	55103572	57031139	5025	20	0.0002798392	0.000000122065
10	57031140	57662145	1200	20	0.0000954634	0.000000067969
10	57662146	58959527	3032	20	0.0002337203	0.000000115036
10	58959528	60289986	3169	20	0.0003974857	0.000000126776
10	60289987	61891408	2552	20	0.0000981867	0.000000114790
10	61891409	62659678	1489	20	0.0001700748	0.000000107356
10	62659679	63341694	730	20	0.0001425021	0.000000061083
10	63341695	65794113	4287	20	0.0011158879	0.000000155547
10	65794114	67549614	3152	20	0.0004442213	0.000000128648
10	67549615	69900147	5184	20	0.0004855088	0.000000130301
10	69900148	70195990	668	20	0.0000510706	0.000000042355
10	70195991	72220849	4333	20	0.0000276131	0.000000111963
10	72220850	73508511	3233	20	0.0001576009	0.000000117169
10	73508512	75422549	2134	20	0.0001598634	0.000000117260
10	75422550	78706813	3593	20	0.0003670607	0.000000125558
10	78706814	80876748	3722	20	0.0001010023	0.000000114902
10	80876749	82414678	3697	20	0.0004457162	0.000000128708
10	82414679	84383744	3816	20	0.0002117176	0.000000119336
10	84383745	85458702	2646	20	0.0000093197	0.000000111231
10	85458703	87937576	5148	20	0.0000518458	0.000000112934
10	87937577	89127063	1849	20	0.0002059282	0.000000119105
10	89127064	91013380	2918	20	0.0002917361	0.000000122541
10	91013381	92006580	1904	20	0.0001702517	0.000000117676
10	92006581	93335046	2262	20	0.0001028487	0.000000114976
10	93335047	95396367	3579	20	0.0004165631	0.000000127540
10	95396368	96221242	1129	20	0.0000548913	0.000000094545
10	96221243	97822356	3219	20	-0.0000070341	0.000000110576
10	97822357	100241301	3791	20	0.0002464988	0.000000120729
10	100241302	100668399	686	20	0.0000072272	0.000000043636
10	100668400	102949238	3460	20	0.0021858161	0.000000198397
10	102949239	104380409	1572	20	0.0004519251	0.000000128956
10	104380410	106695047	3215	20	0.0001513397	0.000000116918
10	106695048	108726685	3649	20	0.0000477630	0.000000112770
10	108726686	110317704	3470	20	0.0004433337	0.000000128612
10	110317705	112561492	3724	20	0.0003352387	0.000000124283
10	112561493	115328431	4111	20	0.0000987771	0.000000114813
10	115328432	116421405	2041	20	0.0001681155	0.000000117590
10	116421406	119523933	4534	20	0.0000459825	0.000000112699
10	119523934	120591352	1795	20	0.0001418410	0.000000116538
10	120591353	122407322	3484	20	0.0004632637	0.000000129411
10	122407323	123231464	1630	20	0.0001175750	0.000000115566
10	123231465	123900544	1479	20	0.0000437199	0.000000112608
10	123900545	125869345	4163	20	0.0001983124	0.000000118800
10	125869346	128001097	4377	20	0.0000443703	0.000000112634
10	128001098	129154361	2157	20	-0.0000810157	0.000000107613
10	129154362	130844283	4559	20	-0.0000948725	0.000000107058
10	130844284	131741326	1884	20	0.0001110270	0.000000115304
10	131741327	132580244	2278	20	0.0002208694	0.000000119703
10	132580245	134336328	5196	20	0.0000575760	0.000000113163
10	134336329	134494672	178	12	0.0001343090	0.000000024663
10	134494673	135523864	2001	20	0.0001054927	0.000000115082
11	70855	1213589	2498	20	0.0002582603	0.000000121200
11	1213590	3665480	6314	20	0.0002823328	0.000000122164
11	3665481	4746708	2618	20	0.0001005533	0.000000114884
11	4746709	6322868	5144	20	0.0000366219	0.000000112324
11	6322869	7436700	2307	20	0.0000684079	0.000000113597
11	7436701	8333273	2389	20	0.0004143366	0.000000127451
11	8333274	9087316	1362	20	0.0002525556	0.000000120972
11	9087317	10952026	3682	20	0.0001252625	0.000000115874
11	10952027	12564228	4176	20	-0.0000175797	0.000000110153
11	12564229	13373123	1731	20	0.0000070963	0.000000111142
11	13373124	15742551	3605	20	0.0003911805	0.000000126524
11	15742552	17578401	2704	20	0.0003097972	0.000000123264
11	17578402	19569534	3961	20	0.0000937364	0.000000114611
11	19569535	21017137	3112	20	0.0002801743	0.000000122078
11	21017138	22374141	2772	20	0.0002733023	0.000000121803
11	22374142	24088516	4020	20	-0.0000372623	0.000000109365
11	24088517	26045752	5188	20	0.0001554343	0.000000117082
11	26045753	27020460	1976	20	0.0000567797	0.000000113131
11	27020461	28481592	1782	20	0.0002241158	0.000000119833
11	28481593	30141356	2202	20	0.0001109083	0.000000115299
11	30141357	32276900	2779	20	0.0002337046	0.000000120217
11	32276901	33958738	2799	20	0.0001298080	0.000000116056
11	33958739	35502604	3470	20	0.0002619490	0.000000121348
11	35502605	37116814	2973	20	0.0003425363	0.000000124576
11	37116815	39382002	3411	20	-0.0000133920	0.000000110321
11	39382003	42310002	5089	20	0.0000124791	0.000000111357
11	42310003	44693798	4721	20	0.0001264846	0.000000115923
11	44693799	47006136	3059	20	0.0000664920	0.000000113520
11	47006137	49866049	4861	20	0.0001503706	0.000000116880
11	49866050	54695472	2894	20	-0.0000106566	0.000000080091
11	54695473	55082656	1007	17	0.0008389121	0.000000072752
11	55082657	58457494	8665	20	0.0003316088	0.000000124138
11	58457495	58780548	461	19	0.0001879767	0.000000034434
11	58780549	62223770	4957	20	0.0008539624	0.000000145058
11	62223771	63804568	1703	20	0.0002437271	0.000000120618
11	63804569	65898630	2301	20	0.0007425174	0.000000140594
11	65898631	68005824	2600	20	0.0001104884	0.000000115282
11	68005825	69516129	2558	20	0.0001722884	0.000000117757
11	69516130	70926291	2708	20	0.0000774647	0.000000113960
11	70926292	72286016	2367	20	0.0002740966	0.000000121835
11	72286017	74412350	2961	20	0.0003678236	0.000000125588
11	74412351	76797208	3367	20	0.0010325487	0.000000152210
11	76797209	78355057	2356	20	0.0001602009	0.000000117273
11	78355058	80722372	4130	20	0.0000531693	0.000000112987
11	80722373	81266711	1288	20	0.0002151341	0.000000114047
11	81266712	84381271	5982	20	0.0001882846	0.000000118398
11	84381272	86619300	3680	20	0.0001769143	0.000000117943
11	86619301	87430234	2129	20	0.0001289659	0.000000116022
11	87430235	89208935	3222	20	0.0001405034	0.000000116484
11	89208936	90966489	2988	20	0.0000418503	0.000000112533
11	90966490	92077143	2049	20	0.0000960763	0.000000114705
11	92077144	93276156	1875	20	0.0001634178	0.000000117402
11	93276157	94242259	1590	20	0.0000763146	0.000000103606
11	94242260	95726040	2282	20	0.0002733892	0.000000121806
11	95726041	97057057	2239	20	0.0003385582	0.000000124416
11	97057058	98705064	3605	20	0.0001653719	0.000000117233
11	98705065	100417168	4143	20	0.0000562444	0.000000113110
11	100417169	101331120	2161	20	0.0001151404	0.000000115469
11	101331121	103959635	6079	20	0.0000915645	0.000000114524
11	103959636	104873283	1561	20	0.0000648793	0.000000074285
11	104873284	106520893	2516	20	0.0001375870	0.000000116368
11	106520894	107844199	2579	20	0.0000763891	0.000000113917
11	107844200	108437036	676	20	0.0002919117	0.000000052773
11	108437037	109866115	1772	20	0.0001474063	0.000000116761
11	109866116	111114396	2342	20	0.0001343446	0.000000116238
11	111114397	112459487	1553	20	0.0003845952	0.000000126260
11	112459488	114257727	3202	20	0.0001563182	0.000000117118
11	114257728	114830665	1078	20	0.0003477965	0.000000084868
11	114830666	116383347	2469	20	-0.0000108483	0.000000110423
11	116383348	117747109	2803	20	0.0002335960	0.000000120213
11	117747110	119215475	2410	20	0.0001741467	0.000000117832
11	119215476	120766805	2926	20	0.0001198036	0.000000115655
11	120766806	121175942	782	20	0.0000423931	0.000000067899
11	121175943	122591909	2140	20	0.0002594585	0.000000121248
11	122591910	123500116	1847	20	0.0000451420	0.000000112665
11	123500117	124495527	2460	20	0.0002028895	0.000000118983
11	124495528	126311319	3663	20	0.0001270880	0.000000115947
11	126311320	127316678	2167	20	0.0002344242	0.000000120246
11	127316679	128188536	1545	20	0.0002417256	0.000000120043
11	128188537	130342574	3734	20	0.0001270660	0.000000115946
11	130342575	131074611	1580	20	-0.0000568045	0.000000108582
11	131074612	133000045	3919	20	0.0000454120	0.000000112676
11	133000046	134205992	2065	20	0.0001656987	0.000000117493
11	134205993	134946451	2353	20	0.0001072225	0.000000115151
12	61107	1080330	1793	20	0.0001847508	0.000000118256
12	1080331	2544785	2574	20	0.0001821805	0.000000118153
12	2544786	3677036	2355	20	0.0001362526	0.000000116314
12	3677037	4417678	1546	20	0.0001531611	0.000000116991
12	4417679	5321471	1720	20	0.0000178618	0.000000111573
12	5321472	6419752	2330	20	0.0003241074	0.000000123837
12	6419753	8377535	3334	20	0.0003484819	0.000000124814
12	8377536	9031394	1454	20	0.0002619980	0.000000121350
12	9031395	10481533	3081	20	0.0003361611	0.000000124320
12	10481534	11754845	2711	20	0.0001497789	0.000000116856
12	11754846	12733527	2024	20	0.0002718436	0.000000121744
12	12733528	15241483	4651	20	0.0001641590	0.000000117432
12	15241484	16310459	1075	20	0.0001606014	0.000000113092
12	16310460	18087872	2856	20	0.0001777199	0.000000117975
12	18087873	20863942	5884	20	0.0002467484	0.000000120739
12	20863943	23820633	5441	20	0.0000417532	0.000000112530
12	23820634	25371082	3041	20	0.0001235886	0.000000115807
12	25371083	27799772	4988	20	0.0003343391	0.000000124247
12	27799773	29651254	3666	20	0.0000468170	0.000000112732
12	29651255	30512405	2608	20	0.0000265057	0.000000111919
12	30512406	32165591	3999	20	0.0003372059	0.000000124362
12	32165592	33076988	2565	20	0.0001104812	0.000000115282
12	33076989	37856716	3361	20	0.0003992845	0.000000126600
12	37856717	39227168	2081	20	0.0003230271	0.000000106700
12	39227169	40816184	2538	20	0.0006378592	0.000000136403
12	40816185	41658585	1762	20	0.0003651443	0.000000109346
12	41658586	43984473	4810	20	0.0001549452	0.000000117063
12	43984474	46024228	2743	20	0.0002945747	0.000000122655
12	46024229	47714792	2445	20	0.0001920528	0.000000118549
12	47714793	49001865	3175	20	0.0004038331	0.000000127030
12	49001866	51776493	3386	20	0.0001337042	0.000000116212
12	51776494	53039003	2597	20	0.0001606776	0.000000117292
12	53039004	54778822	2601	20	0.0002684270	0.000000121608
12	54778823	55665836	1633	20	0.0000452355	0.000000112421
12	55665837	57548859	2180	20	0.0000154001	0.000000111474
12	57548860	59308665	2327	20	0.0004865280	0.000000130342
12	59308666	61123728	2702	20	0.0001323136	0.000000115909
12	61123729	64032460	5942	20	0.0001831327	0.000000118192
12	64032461	65559694	2190	20	0.0001714917	0.000000117725
12	65559695	67181143	2346	20	-0.0000064540	0.000000110599
12	67181144	67909728	1381	20	0.0001365052	0.000000095893
12	67909729	69826541	3395	20	0.0010325178	0.000000152209
12	69826542	70957986	2621	20	0.0001209668	0.000000115702
12	70957987	72645074	2684	20	0.0001607742	0.000000117296
12	72645075	73818453	2074	20	0.0000829029	0.000000114178
12	73818454	76511313	4328	20	0.0001368484	0.000000116338
12	76511314	78570569	3856	20	0.0001246742	0.000000115850
12	78570570	80448149	2067	20	0.0002725054	0.000000121771
12	80448150	81467766	1749	20	0.0002736184	0.000000117370
12	81467767	83502665	3393	20	0.0000800895	0.000000114065
12	83502666	84303843	1669	20	0.0000941048	0.000000082867
12	84303844	85990425	2498	20	0.0000865359	0.000000114323
12	85990426	89682121	5190	20	0.0002461661	0.000000120716
12	89682122	92066154	3303	20	0.0002066935	0.000000119135
12	92066155	94514566	4338	20	0.0000073499	0.000000111152
12	94514567	96020784	3592	20	0.0001362019	0.000000116312
12	96020785	97108838	2272	20	0.0003730082	0.000000125796
12	97108839	99305986	3962	20	0.0000895862	0.000000114445
12	99305987	101447640	3242	20	0.0001914972	0.000000118527
12	101447641	101862689	708	20	0.0001095267	0.000000060663
12	101862690	102964985	1599	20	0.0001852155	0.000000118275
12	102964986	104848695	3778	20	0.0002192251	0.000000119637
12	104848696	106436212	3195	20	0.0000911721	0.000000114509
12	106436213	106958747	833	20	0.0001634327	0.000000089384
12	106958748	109025900	3695	20	0.0001859173	0.000000118303
12	109025901	110336718	2180	20	0.0001471592	0.000000116751
12	110336719	113263517	2212	20	0.0005068038	0.000000131154
12	113263518	113986708	1146	20	0.0001785173	0.000000118007
12	113986709	115036601	2567	20	0.0001249353	0.000000115861
12	115036602	115503215	973	20	0.0000830528	0.000000113441
12	115503216	117087470	3040	20	0.0001622069	0.000000117354
12	117087471	118135374	1851	20	0.0000540447	0.000000113022
12	118135375	119754109	3344	20	0.0000709913	0.000000113700
12	119754110	122007650	3878	20	0.0000024575	0.000000110956
12	122007651	124977979	4323	20	0.0002648114	0.000000121463
12	124977980	126445504	3237	20	-0.0000420448	0.000000109174
12	126445505	127875097	3293	20	0.0001528619	0.000000116979
12	127875098	129237296	3390	20	0.0000752038	0.000000113869
12	129237297	130377920	3109	20	0.0002255892	0.000000119892
12	130377921	131786750	4135	20	0.0000665979	0.000000113525
12	131786751	132807033	2114	20	0.0002022943	0.000000118959
12	132807034	133841510	2179	20	0.0001541974	0.000000117033
13	19020013	20686719	3869	20	0.0000166093	0.000000111523
13	20686720	22242173	3410	20	0.0001420846	0.000000116548
13	22242174	23594701	3466	20	0.0001536298	0.000000117010
13	23594702	24531936	2833	20	0.0000499525	0.000000112858
13	24531937	25784361	3670	20	0.0000716027	0.000000113725
13	25784362	27284361	2739	20	0.0001152975	0.000000115475
13	27284362	29257550	4329	20	0.0000326469	0.000000112165
13	29257551	30483266	2643	20	-0.0000553364	0.000000108641
13	30483267	32301814	3675	20	0.0001381134	0.000000116389
13	32301815	33776902	2390	20	0.0001897362	0.000000118456
13	33776903	35026463	2018	20	0.0001653535	0.000000117480
13	35026464	36046366	1236	20	0.0001648564	0.000000112034
13	36046367	37498184	2869	20	0.0002150884	0.000000119471
13	37498185	38878162	2978	20	0.0000604064	0.000000113277
13	38878163	41069262	3897	20	0.0004053725	0.000000127092
13	41069263	43101026	3221	20	0.0005266167	0.000000131948
13	43101027	44901408	3089	20	0.0003446558	0.000000124660
13	44901409	46495213	2295	20	0.0001032466	0.000000114992
13	46495214	47431078	1615	20	0.0004010819	0.000000126920
13	47431079	49383961	3307	20	0.0001200671	0.000000115666
13	49383962	51591090	3481	20	0.0002740561	0.000000121833
13	51591091	53339621	1675	20	0.0001464449	0.000000116722
13	53339622	54682863	2232	20	0.0001211794	0.000000115710
13	54682864	55817130	2058	20	0.0000983751	0.000000111340
13	55817131	57554216	2356	20	0.0001217468	0.000000106884
13	57554217	58410625	1318	20	0.0002269994	0.000000072299
13	58410626	59302270	1518	20	0.0000205957	0.000000076678
13	59302271	60854777	2781	20	0.0004181968	0.000000127606
13	60854778	61591948	1702	20	0.0003861580	0.000000121137
13	61591949	63971558	5089	20	0.0001501945	0.000000116872
13	63971559	65200601	2825	20	0.0004446918	0.000000128667
13	65200602	67844452	3954	20	0.0000552537	0.000000113070
13	67844453	70724515	6181	20	0.0003181160	0.000000123598
13	70724516	71526790	1799	20	0.0001371735	0.000000116351
13	71526791	73934088	4211	20	0.0000831482	0.000000114187
13	73934089	75670142	3284	20	0.0002957746	0.000000122703
13	75670143	77410554	3382	20	0.0000398652	0.000000112454
13	77410555	78808812	2125	20	0.0002796167	0.000000122056
13	78808813	80585675	2560	20	0.0001237186	0.000000115812
13	80585676	82581813	3769	20	0.0001769496	0.000000117944
13	82581814	84133143	2824	20	0.0000995813	0.000000114845
13	84133144	85610915	2866	20	0.0001278128	0.000000115976
13	85610916	88559881	5993	20	0.0000455934	0.000000112683
13	88559882	90521310	3415	20	0.0001055032	0.000000115083
13	90521311	93129690	5135	20	0.0001290099	0.000000116024
13	93129691	93586454	696	20	0.0001896862	0.000000060517
13	93586455	96087557	5290	20	0.0000682757	0.000000113592
13	96087558	97519209	1868	20	0.0000363330	0.000000112312
13	97519210	98938918	1947	20	0.0001709882	0.000000117705
13	98938919	100574094	3389	20	0.0006860611	0.000000138333
13	100574095	102300522	3366	20	0.0000757569	0.000000113891
13	102300523	104066709	3520	20	0.0001681240	0.000000117591
13	104066710	104844113	1588	20	0.0002275321	0.000000119970
13	104844114	106247553	2840	20	0.0001142337	0.000000115432
13	106247554	106749999	1311	20	0.0002092738	0.000000119239
13	106750000	108189876	2578	20	0.0002598307	0.000000121263
13	108189877	109121209	1982	20	0.0001878818	0.000000118382
13	109121210	109815111	1621	20	0.0000636320	0.000000113406
13	109815112	111232072	3531	20	0.0000852580	0.000000114272
13	111232073	112247591	2422	20	0.0001290331	0.000000116025
13	112247592	113572487	2489	20	0.0000281314	0.000000111984
13	113572488	115109852	2974	20	0.0002312150	0.000000120117
14	19002084	21589401	3914	20	0.0002231961	0.000000119796
14	21589402	23018664	3732	20	0.0000826734	0.000000114168
14	23018665	24905122	3443	20	0.0002650734	0.000000121473
14	24905123	26135685	2880	20	0.0001251094	0.000000115868
14	26135686	28466532	3858	20	0.0001185766	0.000000115606
14	28466533	29972144	2224	20	0.0001011606	0.000000114909
14	29972145	32383264	3333	20	0.0001940800	0.000000118630
14	32383265	34846250	4981	20	0.0001778559	0.000000117980
14	34846251	35859592	2242	20	0.0002420495	0.000000120551
14	35859593	38667724	3863	20	-0.0000276947	0.000000109748
14	38667725	40341989	3192	20	0.0003223215	0.000000123766
14	40341990	41615501	3181	20	0.0001625646	0.000000117368
14	41615502	43137388	2744	20	0.0000256463	0.000000111884
14	43137389	44543226	2748	20	0.0001547257	0.000000117054
14	44543227	46081895	2269	20	0.0002664618	0.000000121529
14	46081896	46749129	1353	20	0.0001054391	0.000000063406
14	46749130	48573585	3748	20	-0.0000062577	0.000000110607
14	48573586	49005470	926	20	0.0000769596	0.000000050539
14	49005471	50507759	2466	20	0.0001628586	0.000000117380
14	50507760	51493571	1627	20	0.0000919812	0.000000114541
14	51493572	53474382	4118	20	0.0000318609	0.000000112133
14	53474383	53997830	1062	20	0.0001029354	0.000000068719
14	53997831	55233680	1735	20	0.0002995075	0.000000122852
14	55233681	56216879	1832	20	-0.0000020843	0.000000104863
14	56216880	57481261	2625	20	0.0001464930	0.000000116724
14	57481262	59448335	3407	20	0.0002056767	0.000000119094
14	59448336	61680423	3301	20	0.0000714899	0.000000113720
14	61680424	63790014	3733	20	0.0001299160	0.000000116060
14	63790015	65220297	1950	20	0.0001814305	0.000000118123
14	65220298	66399554	2014	20	0.0001728318	0.000000117779
14	66399555	67992316	2120	20	0.0005032614	0.000000130516
14	67992317	71131956	5533	20	0.0005214864	0.000000131742
14	71131957	72889614	2991	20	-0.0000341179	0.000000109491
14	72889615	76444766	5682	20	0.0000898215	0.000000114455
14	76444767	77229471	1613	20	0.0001082254	0.000000115192
14	77229472	78561944	3115	20	0.0000438253	0.000000112613
14	78561945	80186578	2310	20	0.0001231257	0.000000115788
14	80186579	81579713	2533	20	0.0000665921	0.000000113524
14	81579714	83138096	2517	20	0.0003777671	0.000000125987
14	83138097	84241632	2130	20	0.0001617372	0.000000117335
14	84241633	85746318	2825	20	0.0000301174	0.000000112064
14	85746319	86647001	1597	20	0.0000239668	0.000000111817
14	86647002	87635340	1758	20	0.0002452340	0.000000120679
14	87635341	89497642	3211	20	0.0004977460	0.000000130792
14	89497643	91296859	3390	20	0.0001368722	0.000000116339
14	91296860	93132298	3668	20	0.0002335980	0.000000120213
14	93132299	94325284	2066	20	0.0001984875	0.000000118807
14	94325285	95750866	3762	20	-0.0000366466	0.000000109390
14	95750867	96262414	1479	20	0.0002584622	0.000000121208
14	96262415	98341161	3835	20	0.0000189244	0.000000111615
14	98341162	99138531	1959	20	0.0003247807	0.000000123617
14	99138532	101534306	3976	20	0.0001413632	0.000000116519
14	101534307	103012101	2424	20	0.0003113133	0.000000123325
14	103012102	105001722	3381	20	0.0002735340	0.000000121812
14	105001723	106340357	2152	20	0.0003194224	0.000000123650
14	106340358	107289453	3125	20	0.0001000954	0.000000114866
15	20001200	21131603	221	14	0.0000472922	0.000000021631
15	21131604	24195126	2391	20	0.0000672673	0.000000113551
15	24195127	25108589	3663	20	0.0001664616	0.000000117524
15	25108590	27298111	4357	20	0.0000290784	0.000000112022
15	27298112	29338501	2791	20	0.0000588811	0.000000113215
15	29338502	30165567	1441	20	0.0001307060	0.000000116092
15	30165568	31591820	1642	20	-0.0000440982	0.000000109091
15	31591821	32441810	1402	20	0.0001402675	0.000000116475
15	32441811	34015424	2809	20	0.0000133882	0.000000111394
15	34015425	35083250	2559	20	-0.0000616425	0.000000108389
15	35083251	37456501	4174	20	0.0000198536	0.000000111652
15	37456502	38530776	1955	20	0.0002371474	0.000000120355
15	38530777	40384131	3381	20	0.0001658836	0.000000117501
15	40384132	41177513	1160	20	0.0000023320	0.000000105775
15	41177514	42776398	2384	20	0.0001824262	0.000000118163
15	42776399	44198048	1111	20	0.0003659739	0.000000089752
15	44198049	46618786	2634	20	0.0000149059	0.000000111454
15	46618787	48136047	2679	20	0.0001182932	0.000000115595
15	48136048	50008042	2076	20	0.0000792339	0.000000114031
15	50008043	51677559	2993	20	0.0003848580	0.000000126270
15	51677560	53069095	1940	20	0.0003020105	0.000000122953
15	53069096	54508527	3064	20	-0.0000632890	0.000000108323
15	54508528	55136268	1455	20	0.0000331643	0.000000111691
15	55136269	56901772	3811	20	0.0002475633	0.000000120772
15	56901773	58441365	2485	20	0.0002267731	0.000000119939
15	58441366	59694115	2210	20	0.0000475453	0.000000112761
15	59694116	61265835	2677	20	0.0003137109	0.000000123421
15	61265836	63215221	3478	20	0.0001328383	0.000000116177
15	63215222	65104667	2615	20	0.0003708672	0.000000125710
15	65104668	67094766	3115	20	0.0001221056	0.000000115748
15	67094767	69017998	3087	20	0.0006164088	0.000000135544
15	69017999	70133340	1257	20	0.0003031000	0.000000122996
15	70133341	71922648	3043	20	0.0000344261	0.000000112236
15	71922649	73628713	1639	20	0.0000166851	0.000000111278
15	73628714	76398623	3088	20	0.0001490533	0.000000116827
15	76398624	78516052	3324	20	0.0003199660	0.000000123672
15	78516053	80860977	4974	20	0.0001023583	0.000000114957
15	80860978	84260467	3939	20	0.0002775761	0.000000121974
15	84260468	86652904	4393	20	0.0002504513	0.000000120888
15	86652905	88369942	3459	20	-0.0000302983	0.000000109644
15	88369943	90475550	3448	20	0.0002676639	0.000000121577
15	90475551	92164391	3487	20	0.0001336539	0.000000116210
15	92164392	93780901	3710	20	0.0002714266	0.000000121728
15	93780902	94924329	3066	20	0.0001941709	0.000000118634
15	94924330	96141595	2471	20	0.0001835471	0.000000118208
15	96141596	98030909	3375	20	0.0001510270	0.000000116906
15	98030910	99244058	3127	20	0.0000049385	0.000000111055
15	99244059	100636846	3209	20	0.0000430142	0.000000112580
15	100636847	101552693	2223	20	0.0001137132	0.000000115411
15	101552694	102520965	1958	20	0.0000513662	0.000000112915
16	60054	1207205	2661	20	0.0000239060	0.000000111815
16	1207206	2764828	2985	20	0.0000487861	0.000000112811
16	2764829	4001195	1942	20	0.0000005161	0.000000110878
16	4001196	5118344	2073	20	0.0002987904	0.000000122824
16	5118345	5891579	2282	20	0.0001365770	0.000000116327
16	5891580	6893550	3030	20	0.0000084201	0.000000111195
16	6893551	7529120	2423	20	0.0000966547	0.000000114728
16	7529121	8338518	2738	20	0.0002452418	0.000000120679
16	8338519	9799418	4103	20	0.0001486074	0.000000116809
16	9799419	10426031	1710	20	0.0002347455	0.000000120259
16	10426032	11520160	2712	20	0.0008626493	0.000000145405
16	11520161	12613097	2280	20	0.0003485498	0.000000124816
16	12613098	13154436	1772	20	0.0001280195	0.000000115984
16	13154437	14464001	2715	20	0.0001454959	0.000000116684
16	14464002	16154059	1578	20	0.0002371877	0.000000120356
16	16154060	17644748	2093	20	0.0001507863	0.000000116896
16	17644749	18643606	1173	20	0.0002944609	0.000000122650
16	18643607	20150570	2544	20	0.0002378012	0.000000120381
16	20150571	22448903	2401	20	0.0001593065	0.000000117237
16	22448904	24136874	2442	20	0.0005223707	0.000000131778
16	24136875	25986861	3931	20	0.0003260038	0.000000123913
16	25986862	27445754	3293	20	0.0001764094	0.000000117922
16	27445755	29036612	1562	20	0.0006582466	0.000000137219
16	29036613	31382942	2125	20	0.0002302632	0.000000120079
16	31382943	46399472	1178	20	-0.0000337266	0.000000109507
16	46399473	49007925	1591	20	0.0002625393	0.000000121372
16	49007926	52035822	4661	20	0.0010199686	0.000000151706
16	52035823	53382571	2209	20	0.0002496527	0.000000120856
16	53382572	55903773	5181	20	0.0001098743	0.000000115258
16	55903774	57664329	3052	20	0.0003097105	0.000000123261
16	57664330	59045404	2991	20	0.0000520037	0.000000112940
16	59045405	60745693	3047	20	0.0000982027	0.000000114790
16	60745694	62229848	1954	20	0.0001918568	0.000000118541
16	62229849	63691588	2450	20	-0.0000112900	0.000000110405
16	63691589	65938565	4132	20	-0.0000167872	0.000000110185
16	65938566	68841362	3037	20	0.0003844238	0.000000126253
16	68841363	71054027	2451	20	0.0005606332	0.000000133310
16	71054028	72935149	2310	20	0.0000762176	0.000000113910
16	72935150	74971502	3514	20	0.0000589227	0.000000113217
16	74971503	75977953	1751	20	0.0001533283	0.000000116998
16	75977954	77523677	3934	20	0.0001373282	0.000000116357
16	77523678	78456291	3439	20	0.0002799047	0.000000122067
16	78456292	79134814	2244	20	0.0001769386	0.000000117944
16	79134815	80297373	3037	20	0.0003029906	0.000000122992
16	80297374	81772535	3794	20	0.0003298770	0.000000124069
16	81772536	82747727	2609	20	0.0003210572	0.000000123715
16	82747728	83477207	2522	20	0.0001089335	0.000000115220
16	83477208	84445882	3133	20	0.0000496044	0.000000112844
16	84445883	85148684	2416	20	0.0002077258	0.000000119177
16	85148685	86156598	2467	20	0.0005690108	0.000000133646
16	86156599	86815410	2034	20	0.0003063303	0.000000123126
16	86815411	87647348	1682	20	0.0001465975	0.000000116728
16	87647349	89041164	4030	20	0.0003326852	0.000000124181
16	89041165	90292811	2684	20	0.0001395485	0.000000116446
17	56	1172398	2910	20	0.0000331235	0.000000112184
17	1172399	1928730	1857	20	0.0003369251	0.000000124351
17	1928731	3702311	3757	20	0.0000455868	0.000000112683
17	3702312	4696260	2181	20	0.0002204859	0.000000119688
17	4696261	5741333	2355	20	0.0003266946	0.000000123941
17	5741334	7317397	3413	20	0.0001898513	0.000000118461
17	7317398	8306424	1629	20	0.0000720793	0.000000113744
17	8306425	9965920	3313	20	0.0001278577	0.000000115978
17	9965921	11102814	2256	20	0.0000108682	0.000000111293
17	11102815	12534768	2594	20	0.0002425321	0.000000120570
17	12534769	13180371	1615	20	0.0001301779	0.000000116071
17	13180372	13894636	1942	20	0.0002294120	0.000000120045
17	13894637	15019096	3025	20	0.0002904440	0.000000122489
17	15019097	16412341	1958	20	0.0001132954	0.000000115395
17	16412342	18856319	3515	20	0.0001391641	0.000000116431
17	18856320	21290356	2395	20	0.0000707262	0.000000113690
17	21290357	27334243	3202	20	0.0003034642	0.000000123011
17	27334244	29786490	2488	20	0.0000211955	0.000000111706
17	29786491	31538424	2806	20	-0.0000575957	0.000000108551
17	31538425	32912797	3218	20	0.0003357839	0.000000124305
17	32912798	34469035	2493	20	-0.0000022137	0.000000110769
17	34469036	36809343	2771	20	0.0003590452	0.000000125237
17	36809344	38877403	2407	20	0.0013994752	0.000000166905
17	38877404	39899809	2228	20	0.0003361312	0.000000124319
17	39899810	41772086	2190	20	0.0009999499	0.000000150904
17	41772087	43056904	1749	20	0.0000980169	0.000000114783
17	43056905	45876021	2509	20	0.0003508194	0.000000124907
17	45876022	47517399	2725	20	0.0002319340	0.000000120146
17	47517400	49898956	3600	20	0.0000632743	0.000000113391
17	49898957	50719054	1309	20	-0.0000139607	0.000000073217
17	50719055	51826117	2094	20	0.0002927987	0.000000121345
17	51826118	53599431	3049	20	0.0003248294	0.000000123866
17	53599432	55357540	2890	20	0.0002814093	0.000000122127
17	55357541	57487511	2815	20	0.0002872887	0.000000122363
17	57487512	59312754	1279	20	0.0002549828	0.000000099910
17	59312755	61545588	2343	20	0.0001690801	0.000000117629
17	61545589	63148127	1533	20	0.0002466707	0.000000120736
17	63148128	64800429	3572	20	0.0000458505	0.000000112694
17	64800430	67858769	5026	20	0.0002397484	0.000000120459
17	67858770	69387816	3072	20	0.0002278842	0.000000119984
17	69387817	72672202	6598	20	0.0001598161	0.000000117258
17	72672203	74375559	2501	20	0.0001268139	0.000000115936
17	74375560	76263412	4262	20	0.0000508159	0.000000112892
17	76263413	77298635	2624	20	0.0006064499	0.000000135145
17	77298636	78837587	3615	20	-0.0000147324	0.000000110267
17	78837588	80034407	2654	20	0.0001679017	0.000000117582
17	80034408	81194907	2621	20	0.0003231302	0.000000123798
18	10644	912485	2323	20	0.0000890258	0.000000114423
18	912486	1942910	2178	20	0.0001189251	0.000000115620
18	1942911	3891657	4700	20	0.0000929873	0.000000114581
18	3891658	5834179	4178	20	0.0000641648	0.000000113427
18	5834180	7090484	2402	20	0.0001218769	0.000000115738
18	7090485	8498930	2666	20	0.0001425440	0.000000116566
18	8498931	11075912	6313	20	0.0001250864	0.000000115867
18	11075913	11905439	1732	20	0.0001255422	0.000000115885
18	11905440	14440798	5376	20	0.0002855947	0.000000122295
18	14440799	19485843	1406	20	0.0001701198	0.000000117670
18	19485844	20649471	1683	20	0.0002325283	0.000000120170
18	20649472	22996650	3386	20	0.0000679138	0.000000113577
18	22996651	24026190	1430	20	0.0004439580	0.000000128637
18	24026191	25927681	3001	20	-0.0000010724	0.000000110814
18	25927682	26875586	1346	20	0.0000594853	0.000000079622
18	26875587	27866477	1852	20	0.0001935596	0.000000113920
18	27866478	30264065	4247	20	0.0000613568	0.000000113315
18	30264066	31780066	1794	20	0.0003367393	0.000000124095
18	31780067	33861963	2995	20	0.0001847031	0.000000118255
18	33861964	35075249	1836	20	0.0000081805	0.000000111185
18	35075250	36365489	2204	20	0.0001430657	0.000000116587
18	36365490	37684366	1773	20	0.0002527522	0.000000118506
18	37684367	39892647	3818	20	0.0001707218	0.000000117695
18	39892648	42922105	4845	20	0.0001807373	0.000000118096
18	42922106	44299245	2705	20	0.0001013291	0.000000114915
18	44299246	45939731	2811	20	0.0001097835	0.000000115254
18	45939732	47730583	3610	20	0.0002844193	0.000000122248
18	47730584	51062184	5895	20	0.0004596071	0.000000129264
18	51062185	51554174	1478	20	0.0000767393	0.000000060251
18	51554175	55213837	5101	20	0.0002671460	0.000000121556
18	55213838	56530219	3040	20	0.0004007462	0.000000126907
18	56530220	57630482	2586	20	0.0002878389	0.000000122385
18	57630483	59020750	2148	20	-0.0000614474	0.000000108396
18	59020751	60277714	2708	20	0.0001386748	0.000000116411
18	60277715	61820251	2665	20	0.0002884241	0.000000122408
18	61820252	63463401	3051	20	0.0000495070	0.000000112840
18	63463402	64252800	1599	20	0.0001438291	0.000000096902
18	64252801	66125816	4160	20	0.0001691256	0.000000117631
18	66125817	67175819	1702	20	0.0001163947	0.000000115519
18	67175820	68621178	2377	20	0.0002126378	0.000000119373
18	68621179	69621617	2440	20	0.0001006723	0.000000114889
18	69621618	71038473	3237	20	0.0001220381	0.000000115745
18	71038474	71971461	2302	20	0.0001252967	0.000000115875
18	71971462	73526986	2654	20	0.0001245104	0.000000115844
18	73526987	74813814	2928	20	0.0001026863	0.000000114970
18	74813815	75976316	3517	20	0.0002130126	0.000000119388
18	75976317	77149990	3005	20	0.0001717400	0.000000117735
18	77149991	78017157	2204	20	0.0008791094	0.000000146065
19	80840	610728	1167	20	0.0001749294	0.000000117863
19	610729	2098395	3385	20	0.0002305250	0.000000120090
19	2098396	3019659	2220	20	0.0000606240	0.000000113285
19	3019660	4348966	3003	20	0.0001201467	0.000000115669
19	4348967	5811851	3098	20	0.0000033350	0.000000110991
19	5811852	6684884	1668	20	0.0000917657	0.000000114532
19	6684885	8347512	4251	20	0.0000091465	0.000000111224
19	8347513	9238392	1754	20	0.0001731734	0.000000117793
19	9238393	11284027	3747	20	0.0006203547	0.000000135702
19	11284028	13471126	3005	20	0.0001153413	0.000000115477
19	13471127	14486346	1675	20	0.0001182790	0.000000115594
19	14486347	15648609	2516	20	0.0003655838	0.000000125499
19	15648610	16374415	2651	20	0.0000820623	0.000000114144
19	16374416	18409861	4153	20	0.0001868120	0.000000118339
19	18409862	19877470	2103	20	0.0003544121	0.000000125051
19	19877471	20905756	2360	20	0.0001364987	0.000000116324
19	20905757	22732895	4885	20	0.0000494003	0.000000112836
19	22732896	23467745	1836	20	0.0000799447	0.000000092204
19	23467746	28557892	2915	20	0.0000508305	0.000000112893
19	28557893	29790946	3133	20	0.0000477895	0.000000112771
19	29790947	30727953	1956	20	0.0001652821	0.000000117477
19	30727954	32746519	2713	20	0.0002746461	0.000000121857
19	32746520	34262951	3296	20	0.0002454269	0.000000120686
19	34262952	36469294	3950	20	0.0001645763	0.000000117448
19	36469295	37527032	1823	20	0.0002389847	0.000000119190
19	37527033	40170618	4171	20	0.0004063922	0.000000127133
19	40170619	40984600	1176	20	0.0000625350	0.000000113362
19	40984601	42131572	2048	20	0.0004396337	0.000000128464
19	42131573	43862454	2902	20	0.0002192947	0.000000119640
19	43862455	44744107	1612	20	0.0000663135	0.000000113513
19	44744108	46102696	2545	20	0.0000603012	0.000000113272
19	46102697	47150081	2124	20	0.0005484750	0.000000132823
19	47150082	49282226	3862	20	0.0003091890	0.000000123240
19	49282227	51532566	4247	20	-0.0000348280	0.000000109463
19	51532567	52985289	3516	20	0.0001579040	0.000000117181
19	52985290	54602361	5483	20	0.0001001395	0.000000114868
19	54602362	55728079	3215	20	0.0001244143	0.000000115840
19	55728080	57521334	4156	20	0.0000092346	0.000000111227
19	57521335	59118838	3173	20	0.0001964968	0.000000118727
20	60479	697599	1342	20	0.0001364095	0.000000116320
20	697600	2469500	4250	20	0.0002279008	0.000000119985
20	2469501	3828412	2743	20	0.0000292880	0.000000112030
20	3828413	5477849	4169	20	-0.0000119701	0.000000110378
20	5477850	7084072	3429	20	0.0002613809	0.000000121325
20	7084073	8117010	2009	20	0.0000193335	0.000000111632
20	8117011	9730920	2989	20	0.0000684030	0.000000113597
20	9730921	11249535	3044	20	0.0001993150	0.000000118840
20	11249536	12447498	2433	20	0.0001447945	0.000000116409
20	12447499	13689863	2627	20	0.0003377240	0.000000124383
20	13689864	15958358	3964	20	0.0000906998	0.000000114490
20	15958359	17487231	3680	20	0.0002811565	0.000000122117
20	17487232	18972202	3239	20	0.0000990083	0.000000114823
20	18972203	20959709	3153	20	0.0003635191	0.000000125416
20	20959710	22491455	1903	20	0.0001692593	0.000000117636
20	22491456	23293789	1436	20	0.0001942427	0.000000118637
20	23293790	24717723	2868	20	0.0001404224	0.000000116481
20	24717724	25344230	1507	20	0.0000768848	0.000000088051
20	25344231	31614822	4041	20	0.0004834983	0.000000130221
20	31614823	32813440	1238	20	0.0001545834	0.000000117048
20	32813441	34960445	2227	20	0.0002719150	0.000000121747
20	34960446	36909529	2305	20	-0.0000499323	0.000000108858
20	36909530	38436760	2294	20	0.0003900203	0.000000126477
20	38436761	39610855	2022	20	0.0004952807	0.000000130693
20	39610856	40585688	1343	20	0.0002395608	0.000000107707
20	40585689	41615459	1916	20	0.0002861791	0.000000122319
20	41615460	42680175	1849	20	0.0001231286	0.000000115789
20	42680176	44839055	3607	20	0.0005901201	0.000000134491
20	44839056	47199979	4283	20	0.0000732328	0.000000113790
20	47199980	49239657	3780	20	0.0002440802	0.000000120632
20	49239658	52472548	6319	20	0.0001452535	0.000000116675
20	52472549	54055265	2898	20	0.0002748549	0.000000121865
20	54055266	56447958	5055	20	0.0000267593	0.000000111929
20	56447959	58406571	3313	20	0.0002409954	0.000000120509
20	58406572	59561723	2003	20	0.0002252105	0.000000119877
20	59561724	61301854	4417	20	0.0002575411	0.000000121172
20	61301855	62190179	2387	20	0.0002561629	0.000000121116
20	62190180	62965162	1660	20	0.0012788806	0.000000162075
21	9411243	15950981	3001	20	0.0001144568	0.000000115441
21	15950982	18053164	3169	20	0.0009978417	0.000000150820
21	18053165	19480374	2770	20	0.0000674648	0.000000113559
21	19480375	20962338	3499	20	-0.0000341041	0.000000109492
21	20962339	22072763	2584	20	0.0000644072	0.000000113437
21	22072764	23362874	2973	20	0.0000156151	0.000000111483
21	23362875	24696230	2547	20	0.0000238159	0.000000111811
21	24696231	26469121	4197	20	0.0000300698	0.000000112062
21	26469122	27271018	1248	20	0.0001309994	0.000000092342
21	27271019	29125225	4161	20	0.0002503326	0.000000120883
21	29125226	31197024	3995	20	0.0001796270	0.000000118051
21	31197025	32668641	2696	20	0.0001890416	0.000000118428
21	32668642	34376998	3360	20	0.0001879531	0.000000118385
21	34376999	35225464	1287	20	0.0003541651	0.000000125041
21	35225465	36524372	2365	20	0.0001673282	0.000000117559
21	36524373	37870778	2675	20	0.0000339902	0.000000112219
21	37870779	38711703	1618	20	0.0003636230	0.000000125420
21	38711704	40482901	3477	20	0.0005887546	0.000000134436
21	40482902	41389526	2470	20	0.0001661298	0.000000117511
21	41389527	43321527	4606	20	0.0001052350	0.000000115072
21	43321528	44506267	3435	20	0.0001797083	0.000000118054
21	44506268	46177104	3275	20	0.0006075450	0.000000135189
21	46177105	47492225	3099	20	0.0002481150	0.000000120794
21	47492226	48119751	1690	20	0.0000894745	0.000000114441
22	16050408	17674294	1673	20	0.0001166874	0.000000115531
22	17674295	18296087	1482	20	0.0002849062	0.000000122268
22	18296088	19912357	2924	20	0.0001112229	0.000000115312
22	19912358	22357324	3271	20	0.0005893481	0.000000134460
22	22357325	23712646	3560	20	0.0001414538	0.000000116522
22	23712647	24984203	2302	20	0.0001627901	0.000000117377
22	24984204	26791627	3560	20	0.0001845119	0.000000118247
22	26791628	27834751	2656	20	0.0002578601	0.000000121184
22	27834752	29651798	2376	20	0.0002050579	0.000000119070
22	29651799	31439917	2632	20	0.0006043648	0.000000135061
22	31439918	32664985	1779	20	0.0002958422	0.000000122706
22	32664986	34494913	3916	20	0.0001699125	0.000000117662
22	34494914	35530984	2449	20	0.0000354197	0.000000112276
22	35530985	37570268	4064	20	0.0002977453	0.000000122782
22	37570269	39307893	2705	20	0.0002364304	0.000000120326
22	39307894	40545796	1897	20	0.0013895060	0.000000166506
22	40545797	42690817	2569	20	0.0003411701	0.000000124521
22	42690818	43714199	2350	20	0.0003078545	0.000000123187
22	43714200	44995307	3141	20	0.0000347781	0.000000112250
22	44995308	46470494	3647	20	0.0003237590	0.000000123824
22	46470495	47596317	2649	20	0.0001086762	0.000000115210
22	47596318	48903702	3245	20	0.0000195109	0.000000111639
22	48903703	49824533	4122	20	0.0000951859	0.000000114669
22	49824534	51243297	3167	20	0.0003073556	0.000000123167
