chr	start	end	num_snp	k	local_h2g	var
1	10583	1892606	135	20	0.0001809882	0.000000020161
1	1892607	3582735	744	27	0.0002356230	0.000000070209
1	3582736	4380810	536	27	0.0000630197	0.000000046610
1	4380811	5913892	1866	27	0.0000864439	0.000000061814
1	5913893	7247334	731	27	0.0002388134	0.000000060233
1	7247335	9365198	1235	27	0.0001148373	0.000000060642
1	9365199	10806983	520	27	0.0002353990	0.000000043347
1	10806984	11777840	380	27	0.0003111278	0.000000044076
1	11777841	12779465	560	27	0.0001792977	0.000000036590
1	12779466	14891510	1186	27	0.0001268759	0.000000062318
1	14891511	16897729	1081	27	0.0001272484	0.000000061625
1	16897730	18662898	1111	27	0.0001554105	0.000000062392
1	18662899	20469148	1172	27	0.0000926025	0.000000061465
1	20469149	21736587	789	27	0.0002866421	0.000000062078
1	21736588	23086882	917	27	0.0002462663	0.000000066064
1	23086883	23920589	336	27	0.0000778656	0.000000024543
1	23920590	25516844	869	27	0.0001646887	0.000000062276
1	25516845	27401866	704	27	0.0009871919	0.000000068880
1	27401867	30161880	920	27	0.0001837014	0.000000063590
1	30161881	32438684	1841	27	0.0002917737	0.000000067503
1	32438685	34799757	1123	27	0.0001211515	0.000000061936
1	34799758	37549182	936	27	0.0000862073	0.000000060304
1	37549183	38731846	589	27	0.0001333473	0.000000046454
1	38731847	40200566	720	27	0.0001482185	0.000000056026
1	40200567	41975326	993	27	-0.0000250042	0.000000057159
1	41975327	43758456	1068	27	0.0002904140	0.000000064556
1	43758457	44969182	595	27	-0.0000462969	0.000000035470
1	44969183	46899500	783	27	0.0000939363	0.000000038533
1	46899501	48002575	496	27	0.0001273572	0.000000032264
1	48002576	48978187	550	27	0.0002994089	0.000000049881
1	48978188	49894176	449	27	0.0002441040	0.000000034678
1	49894177	51713725	476	27	0.0002445526	0.000000028612
1	51713726	54226261	951	27	0.0001334095	0.000000059828
1	54226262	56413116	1410	27	0.0016946811	0.000000103955
1	56413117	57021727	564	27	0.0001536924	0.000000029068
1	57021728	58865398	1511	27	0.0001195354	0.000000062473
1	58865399	59890408	752	27	0.0000913303	0.000000044967
1	59890409	61922364	1195	27	0.0003297400	0.000000067050
1	61922365	63455088	1055	27	0.0013767330	0.000000080614
1	63455089	65041703	1305	27	0.0004294049	0.000000071623
1	65041704	66939403	1315	27	0.0000173891	0.000000058242
1	66939404	68477894	1317	27	0.0002881787	0.000000067180
1	68477895	69687615	751	27	0.0001241412	0.000000048405
1	69687616	71372469	1083	27	0.0000823936	0.000000061712
1	71372470	71684404	174	13	0.0000660079	0.000000009578
1	71684405	74326906	1693	27	0.0000858600	0.000000050477
1	74326907	76728134	1654	27	0.0001060131	0.000000058519
1	76728135	79661197	1930	27	0.0003095595	0.000000065641
1	79661198	81354190	1180	27	0.0001397136	0.000000061734
1	81354191	83991747	2159	27	0.0001220774	0.000000061668
1	83991748	84844494	553	27	0.0001359616	0.000000033787
1	84844495	86454750	1252	27	0.0001367525	0.000000061243
1	86454751	88128630	1104	27	0.0001421603	0.000000062557
1	88128631	90066302	992	27	0.0000902559	0.000000058908
1	90066303	91886316	1039	27	0.0001772402	0.000000064004
1	91886317	93536458	1032	27	0.0008359048	0.000000072232
1	93536459	94506190	505	27	0.0001499731	0.000000026066
1	94506191	96150892	1094	27	0.0001391592	0.000000061605
1	96150893	97885248	1116	27	0.0000280096	0.000000053806
1	97885249	99800603	1259	27	0.0001404363	0.000000063258
1	99800604	100826404	640	27	0.0000960446	0.000000034404
1	100826405	102041015	872	27	0.0002113421	0.000000055088
1	102041016	102898744	677	27	0.0000710671	0.000000035005
1	102898745	103914210	591	27	0.0001399192	0.000000025589
1	103914211	106087841	1233	27	-0.0000397255	0.000000057980
1	106087842	108409664	1630	27	0.0001691371	0.000000063370
1	108409665	110303930	1159	27	0.0067231698	0.000000224609
1	110303931	111741736	948	27	0.0004771668	0.000000069442
1	111741737	113273305	1280	27	0.0001586693	0.000000060576
1	113273306	114873844	869	27	0.0002429674	0.000000065000
1	114873845	115880592	575	27	0.0001841064	0.000000037836
1	115880593	118839066	1582	27	0.0000827673	0.000000060400
1	118839067	144977493	1315	27	0.0001026769	0.000000046554
1	144977494	148361252	765	27	0.0002874280	0.000000054060
1	148361253	151538880	531	27	0.0004480746	0.000000042095
1	151538881	153180828	937	27	0.0000474951	0.000000044384
1	153180829	154770402	744	27	0.0001295388	0.000000052305
1	154770403	156336132	430	27	0.0004679455	0.000000045810
1	156336133	158027411	1131	27	0.0000230269	0.000000060348
1	158027412	159913047	1284	27	0.0001524667	0.000000060063
1	159913048	162346720	1690	27	0.0002830346	0.000000052388
1	162346721	165191701	2417	27	0.0000738527	0.000000059067
1	165191702	166460516	978	27	0.0002147074	0.000000064417
1	166460517	169086323	1944	27	0.0000149061	0.000000057958
1	169086324	170557775	1438	27	0.0000704224	0.000000051617
1	170557776	173097906	1746	27	0.0002319338	0.000000058368
1	173097907	175089767	715	27	0.0002104981	0.000000035751
1	175089768	177433380	1491	27	0.0000517080	0.000000059215
1	177433381	178944308	1008	27	0.0000992626	0.000000045913
1	178944309	178954469	3	1	-0.0000092306	0.000000000183
1	178954470	181144120	1436	27	0.0001857354	0.000000064373
1	181144121	182755355	1054	27	0.0001475414	0.000000061597
1	182755356	184595512	1246	27	0.0002755507	0.000000065605
1	184595513	186810022	843	27	0.0001154360	0.000000050975
1	186810023	188759944	1474	27	0.0001937790	0.000000064774
1	188759945	189904129	600	23	0.0001132867	0.000000024159
1	189904130	191868929	1494	27	0.0000942510	0.000000056212
1	191868930	194107441	1312	27	0.0000822781	0.000000061345
1	194107442	196176200	1577	27	0.0001924883	0.000000063951
1	196176201	197311513	484	23	0.0000553818	0.000000021504
1	197311514	199239883	1012	27	0.0001729879	0.000000059737
1	199239884	200137648	620	27	0.0002267889	0.000000040206
1	200137649	201589974	1209	27	0.0001455250	0.000000062061
1	201589975	203334733	1013	27	-0.0000156126	0.000000057333
1	203334734	204681067	802	27	0.0002626673	0.000000065538
1	204681068	206073264	1023	27	0.0000786749	0.000000058285
1	206073265	208410363	1106	27	0.0002036589	0.000000060605
1	208410364	210787749	1684	27	0.0001047857	0.000000060328
1	210787750	212842329	1260	27	0.0002210223	0.000000062584
1	212842330	214578265	1091	27	0.0003502100	0.000000065535
1	214578266	216243633	1238	27	0.0001561043	0.000000064686
1	216243634	218705512	2264	27	0.0000233466	0.000000057407
1	218705513	219590570	643	27	0.0000444601	0.000000032636
1	219590571	221858230	1570	27	0.0005002140	0.000000065311
1	221858231	222230219	332	26	0.0000344066	0.000000023430
1	222230220	224938519	1052	27	0.0002239892	0.000000065081
1	224938520	226810859	882	27	0.0003690590	0.000000068377
1	226810860	229156247	1347	27	0.0000142677	0.000000058120
1	229156248	230685254	1031	27	0.0000245067	0.000000050296
1	230685255	232090251	1021	27	0.0001327267	0.000000060088
1	232090252	233429283	1098	27	-0.0000053590	0.000000058077
1	233429284	234599433	1001	27	0.0001978129	0.000000064002
1	234599434	235819435	696	27	0.0008355415	0.000000079161
1	235819436	237555627	1301	27	0.0000876713	0.000000061327
1	237555628	238567806	853	27	0.0000324165	0.000000060430
1	238567807	239925313	1087	27	0.0001615195	0.000000063517
1	239925314	240564090	640	27	0.0001010801	0.000000047196
1	240564091	241582219	913	27	0.0001758553	0.000000064608
1	241582220	242071601	363	27	0.0000053641	0.000000027672
1	242071602	244109498	1101	27	0.0001186851	0.000000062734
1	244109499	245506745	888	27	0.0000231762	0.000000060732
1	245506746	247344517	1317	27	0.0001582254	0.000000061997
1	247344518	249239465	816	27	0.0000651034	0.000000056430
2	10133	1781021	1527	27	0.0001253163	0.000000050783
2	1781022	3973778	1792	27	0.0000035595	0.000000058484
2	3973779	5708336	1387	27	0.0000402662	0.000000059305
2	5708337	6836253	1255	27	0.0001283930	0.000000061926
2	6836254	8422146	1315	27	0.0000239825	0.000000060029
2	8422147	10298468	1307	27	0.0001942090	0.000000065206
2	10298469	12419149	1819	27	0.0000022134	0.000000058174
2	12419150	14335307	1552	27	0.0002250717	0.000000065046
2	14335308	16329734	1720	27	0.0001378213	0.000000062910
2	16329735	18647422	1817	27	0.0002394488	0.000000065692
2	18647423	19692403	789	27	0.0001618693	0.000000051692
2	19692404	21050489	1265	27	0.0006189660	0.000000073544
2	21050490	23341382	1558	27	0.0081609241	0.000000260263
2	23341383	24686917	839	27	0.0003196886	0.000000057679
2	24686918	26894984	1006	27	0.0001543298	0.000000058345
2	26894985	28598776	963	27	0.0004265762	0.000000038294
2	28598777	29217558	489	27	0.0002480003	0.000000036976
2	29217559	30463710	1168	27	0.0003396840	0.000000068043
2	30463711	31550449	1124	27	0.0001539992	0.000000062332
2	31550450	33363776	785	27	0.0002053670	0.000000062033
2	33363777	35345027	1737	27	0.0001939511	0.000000064252
2	35345028	36122005	837	27	0.0000842950	0.000000044248
2	36122006	38132711	1845	27	0.0001389330	0.000000061270
2	38132712	39031336	607	27	0.0001579506	0.000000054273
2	39031337	40281482	610	27	0.0000219262	0.000000043712
2	40281483	43309589	2753	27	0.0002661276	0.000000060654
2	43309590	44313802	1004	27	0.0035848727	0.000000122666
2	44313803	46482633	1910	27	0.0001588951	0.000000059862
2	46482634	47318771	762	27	0.0001225039	0.000000060176
2	47318772	48213000	505	27	-0.0000212832	0.000000048595
2	48213001	50022256	1488	27	0.0001549865	0.000000062569
2	50022257	50818927	805	27	0.0001288417	0.000000046478
2	50818928	52491132	1633	27	0.0000556716	0.000000059218
2	52491133	53508451	1090	27	0.0000325350	0.000000059300
2	53508452	54685225	860	27	0.0001243436	0.000000061981
2	54685226	56203344	1188	27	0.0001345190	0.000000057152
2	56203345	57429099	948	27	0.0000732692	0.000000054422
2	57429100	58297314	646	27	0.0001270010	0.000000039270
2	58297315	60291999	1305	27	0.0000337083	0.000000056803
2	60292000	62429043	1043	27	0.0002283681	0.000000060604
2	62429044	64625912	1106	27	0.0008269934	0.000000080675
2	64625913	65933443	858	27	0.0001691756	0.000000061223
2	65933444	67226165	1140	27	0.0000952062	0.000000061173
2	67226166	68010175	921	27	0.0003048750	0.000000058243
2	68010176	69139563	1008	27	0.0002833236	0.000000064499
2	69139564	70755197	945	27	0.0002035050	0.000000062892
2	70755198	73174847	1745	27	0.0002138891	0.000000064723
2	73174848	75630085	1414	27	0.0000688950	0.000000060559
2	75630086	76913660	1063	27	0.0000680302	0.000000059432
2	76913661	78079263	905	27	0.0002732605	0.000000068028
2	78079264	80050402	1987	27	0.0002028916	0.000000064551
2	80050403	81620840	1115	27	0.0001250522	0.000000060828
2	81620841	85140679	2377	27	0.0000534950	0.000000060746
2	85140680	88038506	1194	27	0.0002114458	0.000000063920
2	88038507	89154525	434	27	0.0001250441	0.000000029606
2	89154526	95326451	40	4	0.0000501499	0.000000009745
2	95326452	98995200	833	27	0.0002486297	0.000000057917
2	98995201	101822328	1864	27	0.0001106179	0.000000062477
2	101822329	102688764	589	27	0.0001438706	0.000000034919
2	102688765	103588214	937	27	0.0002539614	0.000000044773
2	103588215	105125033	776	27	0.0002770617	0.000000049554
2	105125034	106210057	837	27	-0.0000002303	0.000000050709
2	106210058	107408266	931	27	0.0000743720	0.000000057720
2	107408267	108429176	902	27	0.0001827945	0.000000044347
2	108429177	110572431	1107	27	0.0004191379	0.000000071470
2	110572432	113921855	1350	27	0.0002259192	0.000000064118
2	113921856	116772469	1631	27	0.0001390100	0.000000062411
2	116772470	118367465	1004	27	0.0003939260	0.000000053645
2	118367466	121303782	1995	27	0.0006205503	0.000000076747
2	121303783	123302905	1200	27	0.0002870560	0.000000067557
2	123302906	124732249	1155	27	0.0001319844	0.000000048480
2	124732250	125840920	867	27	0.0001872040	0.000000053140
2	125840921	127373763	1058	27	0.0000775160	0.000000042887
2	127373764	128034346	546	27	0.0003339618	0.000000043662
2	128034347	129474440	824	27	0.0002171030	0.000000055023
2	129474441	130067169	451	27	0.0003025823	0.000000031852
2	130067170	130658084	446	27	0.0000528686	0.000000025766
2	130658085	133042783	488	27	0.0003594693	0.000000049201
2	133042784	135158577	1713	27	0.0001229015	0.000000062027
2	135158578	137042793	821	27	0.0005111168	0.000000055089
2	137042794	138698116	1201	27	0.0001960034	0.000000062784
2	138698117	140100270	1000	27	0.0001498227	0.000000047739
2	140100271	141805350	1362	27	0.0000871647	0.000000061971
2	141805351	142518601	704	27	0.0000821868	0.000000040114
2	142518602	144519483	1455	27	0.0001612986	0.000000062026
2	144519484	146445569	853	27	0.0000692398	0.000000052067
2	146445570	147277161	374	24	0.0001708489	0.000000024131
2	147277162	150210291	1451	27	0.0001707565	0.000000062995
2	150210292	151731461	1026	27	0.0001409296	0.000000061415
2	151731462	152486781	565	27	0.0000277669	0.000000030217
2	152486782	154005055	994	27	0.0001082006	0.000000058090
2	154005056	155391134	1130	27	0.0002440630	0.000000064960
2	155391135	157560634	1194	27	0.0001255270	0.000000061914
2	157560635	158533217	342	27	0.0002140275	0.000000030713
2	158533218	159577081	698	27	0.0003029224	0.000000049727
2	159577082	161769732	1338	27	0.0000362951	0.000000057373
2	161769733	163503550	696	27	0.0001150520	0.000000038275
2	163503551	164466637	514	27	0.0000256051	0.000000029406
2	164466638	165178839	403	27	0.0000803091	0.000000025197
2	165178840	167160269	1408	27	0.0002707438	0.000000060854
2	167160270	167355969	167	13	0.0001239494	0.000000012906
2	167355970	169968235	1620	27	0.0003030024	0.000000062153
2	169968236	171226244	946	27	0.0001010443	0.000000060891
2	171226245	173138904	987	27	0.0001430398	0.000000060788
2	173138905	175588928	1585	27	0.0000538170	0.000000059032
2	175588929	177363635	959	27	0.0001251687	0.000000061185
2	177363636	178553182	1009	27	0.0001015763	0.000000053901
2	178553183	181312738	2152	27	0.0000902425	0.000000059584
2	181312739	182266030	685	27	0.0001118598	0.000000036949
2	182266031	184357607	1271	27	0.0001132225	0.000000061594
2	184357608	185280172	608	27	-0.0000047564	0.000000028080
2	185280173	189882064	2429	27	0.0001492739	0.000000062076
2	189882065	191973356	1028	27	0.0002217421	0.000000056299
2	191973357	195861163	1659	27	0.0002973046	0.000000067223
2	195861164	196447455	331	25	0.0001630755	0.000000022960
2	196447456	198078109	863	27	0.0000373896	0.000000042414
2	198078110	199311124	590	27	0.0002903144	0.000000035411
2	199311125	201576283	1214	27	0.0001336594	0.000000062063
2	201576284	202818636	497	27	0.0002705850	0.000000042331
2	202818637	205799240	1506	27	0.0005207170	0.000000064131
2	205799241	206735703	653	27	0.0003100154	0.000000065499
2	206735704	208645398	1139	27	0.0000751797	0.000000059528
2	208645399	209941528	706	27	0.0001910121	0.000000048662
2	209941529	212379517	1656	27	-0.0000030204	0.000000057415
2	212379518	214014281	1419	27	0.0001616272	0.000000062546
2	214014282	215573794	1023	27	0.0000911206	0.000000056689
2	215573795	217715660	1448	27	0.0001974660	0.000000062886
2	217715661	218395479	507	27	0.0001455235	0.000000041355
2	218395480	220454550	867	27	0.0002827754	0.000000063882
2	220454551	222521175	1785	27	0.0001269657	0.000000061903
2	222521176	224859418	1641	27	-0.0000291219	0.000000058158
2	224859419	225840003	720	27	0.0002283357	0.000000044165
2	225840004	228119841	1619	27	0.0000857422	0.000000055931
2	228119842	229370786	900	27	0.0001539604	0.000000054186
2	229370787	231843388	1802	27	0.0000387214	0.000000059546
2	231843389	233550002	757	27	0.0001115947	0.000000056640
2	233550003	235150986	1387	27	0.0002737097	0.000000065853
2	235150987	236043549	754	27	0.0002723984	0.000000067329
2	236043550	237449031	851	27	0.0001927668	0.000000064037
2	237449032	238760980	1037	27	-0.0000248499	0.000000057633
2	238760981	239952642	793	27	0.0000552764	0.000000057006
2	239952643	241560083	1151	27	0.0001458841	0.000000062748
2	241560084	242149920	341	27	0.0001866176	0.000000029660
2	242149921	243188919	243	22	0.0001432157	0.000000022390
3	60157	1441778	1208	27	-0.0000014451	0.000000057726
3	1441779	2992119	1638	27	0.0001129922	0.000000061116
3	2992120	4431646	1480	27	0.0001247060	0.000000062925
3	4431647	6083182	1410	27	0.0001230116	0.000000063168
3	6083183	7083386	897	27	0.0000139698	0.000000059589
3	7083387	8648560	1707	27	0.0000756069	0.000000059281
3	8648561	9543182	778	27	0.0000363590	0.000000060664
3	9543183	11019664	897	27	0.0002039730	0.000000063430
3	11019665	13070798	1333	27	0.0008172139	0.000000073449
3	13070799	14816899	1392	27	-0.0000081535	0.000000058498
3	14816900	16282441	1097	27	0.0002431654	0.000000053586
3	16282442	17891117	1009	27	0.0002458457	0.000000064611
3	17891118	19125143	745	27	0.0002574724	0.000000049349
3	19125144	20091347	322	27	-0.0000547646	0.000000022060
3	20091348	21643706	1296	27	0.0000642450	0.000000059155
3	21643707	22204243	871	27	0.0001342500	0.000000063019
3	22204244	23804864	1123	27	-0.0000134069	0.000000058342
3	23804865	25461557	1396	27	0.0002633541	0.000000064352
3	25461558	26877768	957	27	0.0003221385	0.000000067302
3	26877769	27840909	638	27	0.0001119622	0.000000038834
3	27840910	29142259	912	27	0.0001939645	0.000000064910
3	29142260	30717954	1326	27	0.0000801435	0.000000057877
3	30717955	32351714	1226	27	0.0000271364	0.000000058192
3	32351715	33255591	448	27	0.0002816384	0.000000046152
3	33255592	35283457	1206	27	0.0000750392	0.000000060506
3	35283458	36486841	861	27	0.0001462866	0.000000053550
3	36486842	38356115	1012	27	0.0002263720	0.000000063567
3	38356116	40221297	1421	27	0.0000706298	0.000000051843
3	40221298	41064527	298	22	0.0000172758	0.000000019702
3	41064528	42540001	968	27	0.0001814083	0.000000058350
3	42540002	45165152	1259	27	0.0001651456	0.000000061636
3	45165153	46657499	982	27	0.0001510087	0.000000062196
3	46657500	47727211	295	20	0.0000877990	0.000000017785
3	47727212	49316971	339	16	0.0000586541	0.000000014666
3	49316972	51832014	641	27	0.0002703752	0.000000030357
3	51832015	54081389	1128	27	0.0001842232	0.000000049807
3	54081390	55348859	1105	27	0.0000178505	0.000000058245
3	55348860	56433906	703	27	0.0000912311	0.000000048928
3	56433907	58157518	931	27	0.0001021075	0.000000058223
3	58157519	60272905	1757	27	0.0001588695	0.000000061839
3	60272906	62355665	1744	27	0.0001118947	0.000000060950
3	62355666	63669285	1260	27	0.0001712264	0.000000062842
3	63669286	65273537	1338	27	0.0001132691	0.000000058040
3	65273538	66270446	585	27	0.0000698773	0.000000056667
3	66270447	68286913	1330	27	0.0002449482	0.000000065315
3	68286914	69276761	682	27	0.0000399173	0.000000051739
3	69276762	70449027	825	27	0.0000369414	0.000000056062
3	70449028	72529328	1390	27	0.0001230461	0.000000059943
3	72529329	74321816	1431	27	-0.0000118584	0.000000057575
3	74321817	75704948	580	27	0.0001547622	0.000000040884
3	75704949	77508834	1104	27	0.0001736884	0.000000065284
3	77508835	79024540	889	27	0.0001523369	0.000000055000
3	79024541	81427309	1276	27	0.0000535799	0.000000052016
3	81427310	82643885	705	27	0.0001648726	0.000000034205
3	82643886	84367478	841	27	0.0000913480	0.000000039381
3	84367479	85582230	628	27	0.0001894776	0.000000034599
3	85582231	87409731	1349	27	0.0001338583	0.000000047499
3	87409732	88298372	505	27	0.0002986859	0.000000027501
3	88298373	94255315	1218	27	0.0003515337	0.000000061102
3	94255316	95311970	750	26	0.0001279885	0.000000030329
3	95311971	98215949	1518	27	0.0001428829	0.000000064104
3	98215950	99373761	782	27	0.0002574700	0.000000042984
3	99373762	100592216	585	27	0.0001703952	0.000000033456
3	100592217	103084959	1418	27	0.0002229194	0.000000064765
3	103084960	104581612	1147	27	0.0000521582	0.000000048189
3	104581613	106982810	1590	27	0.0001559922	0.000000064284
3	106982811	109522394	1683	27	0.0004411664	0.000000070924
3	109522395	110513769	688	27	0.0002183399	0.000000033832
3	110513770	112815698	1464	27	0.0000960352	0.000000061477
3	112815699	113947862	659	27	0.0001790739	0.000000044625
3	113947863	115447079	759	27	0.0001143741	0.000000055298
3	115447080	116800152	1025	27	0.0002209860	0.000000065041
3	116800153	118530250	1316	27	0.0000228306	0.000000059286
3	118530251	120523054	1154	27	0.0001711453	0.000000061419
3	120523055	121974096	744	27	0.0001665502	0.000000035404
3	121974097	123517767	1082	27	0.0003855194	0.000000062906
3	123517768	124936641	1150	27	0.0002792636	0.000000066396
3	124936642	126214942	887	27	0.0003206511	0.000000059178
3	126214943	128194860	1211	27	0.0001141532	0.000000061258
3	128194861	130244734	745	27	0.0002372681	0.000000050677
3	130244735	131836515	1110	27	0.0003941941	0.000000063741
3	131836516	133252172	1047	27	0.0005138574	0.000000066672
3	133252173	135456905	1602	27	0.0000579055	0.000000058740
3	135456906	137371082	841	27	0.0002071011	0.000000044423
3	137371083	139954596	1646	27	0.0000653423	0.000000056382
3	139954597	141339096	826	27	0.0002813274	0.000000061801
3	141339097	143164627	1076	27	0.0002590219	0.000000065774
3	143164628	144410815	808	27	0.0001056138	0.000000049397
3	144410816	145664618	1030	27	0.0003832128	0.000000055880
3	145664619	146726628	848	27	0.0000363531	0.000000041634
3	146726629	149043236	1377	27	0.0001043761	0.000000062242
3	149043237	150252003	803	27	0.0000986320	0.000000056758
3	150252004	151348729	644	27	0.0001271298	0.000000048841
3	151348730	153256570	1243	27	0.0001677234	0.000000063078
3	153256571	154714217	952	27	0.0001217386	0.000000041900
3	154714218	156008699	674	27	0.0001985844	0.000000047396
3	156008700	157312027	890	27	0.0001136070	0.000000047634
3	157312028	159477889	1402	27	0.0000615174	0.000000059466
3	159477890	161524503	1228	27	0.0002911602	0.000000059933
3	161524504	163253204	1568	27	0.0000442372	0.000000048542
3	163253205	165055468	1160	27	-0.0000180688	0.000000038316
3	165055469	167117428	1163	27	-0.0000218024	0.000000047785
3	167117429	168580959	745	27	0.0001015298	0.000000042928
3	168580960	170964908	1530	27	0.0003523540	0.000000057981
3	170964909	172295730	886	27	0.0002122229	0.000000064146
3	172295731	173477284	738	27	0.0000675245	0.000000057738
3	173477285	175116538	1303	27	0.0002971013	0.000000067043
3	175116539	176320286	810	27	0.0000550065	0.000000043843
3	176320287	178107164	1089	27	0.0000311401	0.000000058918
3	178107165	179374585	777	27	0.0001135138	0.000000048978
3	179374586	181511165	909	27	0.0002030501	0.000000057646
3	181511166	183769682	1174	27	0.0001676687	0.000000063131
3	183769683	185068254	713	27	0.0000285903	0.000000054556
3	185068255	186890343	1119	27	0.0001134150	0.000000053480
3	186890344	188856213	1471	27	0.0001336747	0.000000062349
3	188856214	190226606	1356	27	0.0001678537	0.000000063242
3	190226607	192343813	1541	27	0.0001796037	0.000000062988
3	192343814	194059670	704	27	0.0000048289	0.000000059089
3	194059671	194786673	366	27	0.0001152916	0.000000037185
3	194786674	195971407	309	27	0.0001404070	0.000000031773
3	195971408	197075986	361	27	0.0001938358	0.000000035245
3	197075987	197946621	326	27	0.0000554244	0.000000029810
4	10240	694714	187	16	0.0001012520	0.000000017394
4	694715	1478710	387	27	0.0002084013	0.000000029690
4	1478711	2842978	426	27	0.0000396135	0.000000036652
4	2842979	3846039	474	27	0.0003322000	0.000000052632
4	3846040	4684115	413	27	0.0003269782	0.000000047091
4	4684116	5502387	684	27	0.0000314837	0.000000058261
4	5502388	6773042	1174	27	0.0000563234	0.000000058035
4	6773043	7539691	660	27	0.0001591047	0.000000065925
4	7539692	8152234	537	27	0.0000811353	0.000000054907
4	8152235	9326478	442	27	0.0003310730	0.000000048177
4	9326479	10699151	1136	27	0.0000999179	0.000000061115
4	10699152	12323033	1365	27	0.0000913334	0.000000060499
4	12323034	14272000	1622	27	0.0000919411	0.000000061047
4	14272001	15147445	719	27	0.0001711096	0.000000053249
4	15147446	15927008	487	27	0.0000675439	0.000000035580
4	15927009	17383321	1217	27	0.0001373333	0.000000062550
4	17383322	18841873	916	27	0.0000822693	0.000000054191
4	18841874	20544556	1106	27	0.0000804030	0.000000052139
4	20544557	22319346	1401	27	0.0000636976	0.000000058957
4	22319347	24135528	1249	27	0.0001418122	0.000000061928
4	24135529	25609321	1045	27	0.0001401865	0.000000061831
4	25609322	27343721	1001	27	0.0004282165	0.000000069548
4	27343722	27965867	472	27	0.0000356984	0.000000030599
4	27965868	29762207	1376	27	0.0002055716	0.000000064673
4	29762208	30454534	373	27	0.0000184289	0.000000022019
4	30454535	31782980	908	27	0.0000979678	0.000000058490
4	31782981	33172765	807	27	-0.0000620368	0.000000040577
4	33172766	35151414	933	27	0.0000711906	0.000000036063
4	35151415	36020435	771	27	0.0000508439	0.000000035293
4	36020436	37255046	1042	27	0.0001007090	0.000000050296
4	37255047	38907021	1360	27	0.0001332374	0.000000060325
4	38907022	40202608	656	27	0.0002462125	0.000000048663
4	40202609	42213057	1261	27	0.0000138805	0.000000059239
4	42213058	43965044	1152	27	-0.0000406971	0.000000055967
4	43965045	45189156	972	27	0.0001807584	0.000000039555
4	45189157	47411895	1106	27	0.0000889504	0.000000052927
4	47411896	48123599	457	27	0.0000495846	0.000000024588
4	48123600	53877432	877	27	0.0000851733	0.000000048143
4	53877433	55429555	985	27	0.0001382875	0.000000060608
4	55429556	56547643	725	27	-0.0000244793	0.000000045099
4	56547644	58935007	1557	27	0.0000991995	0.000000060954
4	58935008	60741086	1195	27	0.0002792811	0.000000066511
4	60741087	62371762	1052	27	0.0001037014	0.000000054594
4	62371763	64341000	1062	27	0.0001898566	0.000000062039
4	64341001	66600491	1256	27	0.0001427879	0.000000062311
4	66600492	68059496	888	27	0.0002241039	0.000000051160
4	68059497	68854764	495	27	0.0001461061	0.000000030454
4	68854765	71049151	1167	27	0.0003968871	0.000000061201
4	71049152	72140557	493	27	0.0002202104	0.000000028624
4	72140558	74592389	1011	27	0.0003568437	0.000000062056
4	74592390	77130706	1457	27	0.0002205570	0.000000066086
4	77130707	79093978	1306	27	0.0002685924	0.000000066540
4	79093979	80990296	1162	27	0.0001588239	0.000000060276
4	80990297	82125314	527	27	0.0001655593	0.000000030599
4	82125315	83372592	718	27	0.0001931201	0.000000046876
4	83372593	84799655	873	27	0.0001606299	0.000000057187
4	84799656	86930608	1221	27	0.0001331815	0.000000062524
4	86930609	87534647	277	22	0.0001132067	0.000000015666
4	87534648	89238027	1139	27	0.0002085882	0.000000055334
4	89238028	90231563	598	27	0.0000948171	0.000000040234
4	90231564	91560676	770	27	0.0000997020	0.000000043573
4	91560677	94233298	1186	27	0.0002093457	0.000000062670
4	94233299	96182187	1264	27	0.0003759944	0.000000069298
4	96182188	97540702	1136	27	0.0001659478	0.000000062949
4	97540703	99424066	999	27	0.0001752311	0.000000045149
4	99424067	100678359	768	27	0.0005547604	0.000000058702
4	100678360	103221355	1666	27	0.0000501901	0.000000054986
4	103221356	105305293	1052	27	0.0001024902	0.000000051345
4	105305294	107501304	1151	27	0.0001851776	0.000000062840
4	107501305	108815347	746	27	0.0002215728	0.000000043977
4	108815348	111256566	1449	27	0.0001218665	0.000000061260
4	111256567	113870101	1410	27	0.0001876005	0.000000062541
4	113870102	115666245	1126	27	0.0001044106	0.000000061028
4	115666246	117276928	875	27	0.0002269298	0.000000040129
4	117276929	118479917	1014	27	0.0000358690	0.000000044433
4	118479918	119933511	1080	27	0.0001853824	0.000000051043
4	119933512	120392683	302	19	0.0001323694	0.000000017239
4	120392684	122657986	1550	27	0.0000983633	0.000000060397
4	122657987	124286480	856	27	0.0003938899	0.000000049192
4	124286481	125210861	500	27	0.0001893432	0.000000036448
4	125210862	126480885	841	27	0.0001935576	0.000000051400
4	126480886	127275476	560	27	0.0003146706	0.000000039731
4	127275477	127830292	413	27	0.0001357418	0.000000027002
4	127830293	128996664	441	21	0.0000570925	0.000000024077
4	128996665	130591884	907	27	0.0003149664	0.000000063504
4	130591885	131283820	449	27	0.0001972065	0.000000031220
4	131283821	132954032	920	27	0.0002799125	0.000000055723
4	132954033	134628433	1118	27	0.0002797071	0.000000053909
4	134628434	136566406	1141	27	-0.0000110773	0.000000049492
4	136566407	138541970	1252	27	0.0000077196	0.000000057654
4	138541971	139556510	709	27	0.0002336625	0.000000052106
4	139556511	141084630	806	27	0.0003113376	0.000000066062
4	141084631	143443264	1453	27	0.0000650425	0.000000060217
4	143443265	146178186	1159	27	0.0000865456	0.000000052082
4	146178187	148521872	1179	27	0.0001418994	0.000000059062
4	148521873	150683579	1120	27	0.0000981943	0.000000062154
4	150683580	152782183	890	27	0.0001321680	0.000000045987
4	152782184	154477640	825	27	0.0001814831	0.000000060707
4	154477641	155056125	389	27	0.0002875658	0.000000036244
4	155056126	157485096	1619	27	0.0001621646	0.000000060851
4	157485097	158743717	659	27	0.0000619249	0.000000040189
4	158743718	161058863	1086	27	0.0000482471	0.000000056515
4	161058864	161826434	596	27	0.0000759124	0.000000038589
4	161826435	163243678	1041	27	0.0002435450	0.000000060496
4	163243679	164478233	738	27	0.0000647788	0.000000043704
4	164478234	165823447	938	27	0.0001655414	0.000000064219
4	165823448	167018857	709	27	0.0000395818	0.000000052000
4	167018858	167852916	485	27	0.0000331691	0.000000025215
4	167852917	169676824	1195	27	0.0002731767	0.000000065697
4	169676825	170776509	526	27	0.0000556873	0.000000035478
4	170776510	172558634	1018	27	0.0002840656	0.000000059294
4	172558635	174264131	909	27	0.0002375719	0.000000054704
4	174264132	176570715	1329	27	-0.0000008295	0.000000059173
4	176570716	178991909	1706	27	0.0000050190	0.000000058210
4	178991910	180122042	761	27	0.0000862948	0.000000053138
4	180122043	182066806	1655	27	0.0002911172	0.000000066051
4	182066807	183371274	1293	27	0.0001925045	0.000000063792
4	183371275	184929454	989	27	0.0002616404	0.000000068511
4	184929455	186909089	1425	27	-0.0000417614	0.000000057906
4	186909090	188472980	1081	27	0.0000003331	0.000000057261
4	188472981	189693510	774	27	0.0000631343	0.000000061288
4	189693511	191043593	603	27	0.0002912115	0.000000055895
5	11940	982251	404	27	0.0004660690	0.000000042551
5	982252	2132441	822	27	0.0000534175	0.000000059937
5	2132442	3361940	1594	27	0.0002044649	0.000000066275
5	3361941	4632109	1089	27	0.0001399182	0.000000063753
5	4632110	5973232	1436	27	0.0000935908	0.000000061299
5	5973233	7143217	1129	27	0.0002629049	0.000000065157
5	7143218	8446335	1208	27	0.0001403646	0.000000062935
5	8446336	9718831	1270	27	0.0001761371	0.000000064617
5	9718832	11173270	1355	27	0.0000990380	0.000000061026
5	11173271	13464831	1153	27	0.0001382216	0.000000063400
5	13464832	14757803	1092	27	0.0001534610	0.000000064424
5	14757804	16963612	1362	27	-0.0000630807	0.000000055328
5	16963613	18051591	551	27	0.0001570079	0.000000046522
5	18051592	19917715	1303	27	0.0002448882	0.000000065967
5	19917716	22152072	1062	27	0.0001864699	0.000000056961
5	22152073	23494323	912	27	0.0002614256	0.000000055145
5	23494324	26184850	1791	27	0.0001607437	0.000000062538
5	26184851	26857603	415	27	0.0001056297	0.000000026002
5	26857604	27984512	583	27	0.0001111620	0.000000036465
5	27984513	29714819	1179	27	0.0001305721	0.000000056345
5	29714820	31390248	1383	27	0.0003120613	0.000000067083
5	31390249	33500179	1415	27	0.0001952433	0.000000057642
5	33500180	35048969	1002	27	0.0000871601	0.000000061744
5	35048970	36433953	987	27	0.0001936945	0.000000058889
5	36433954	38802409	1484	27	0.0001700448	0.000000063299
5	38802410	40287728	1124	27	-0.0000150772	0.000000052559
5	40287729	41888709	1230	27	0.0002422681	0.000000055011
5	41888710	43983498	897	27	0.0001647465	0.000000044239
5	43983499	50163397	961	27	0.0002669167	0.000000047212
5	50163398	52134621	1344	27	0.0001949414	0.000000062590
5	52134622	53703043	1300	27	0.0002592711	0.000000063958
5	53703044	55417348	1114	27	0.0000615548	0.000000059598
5	55417349	56621101	972	27	0.0003458661	0.000000063882
5	56621102	57340072	582	27	0.0001227250	0.000000032389
5	57340073	58524621	1146	27	0.0000881217	0.000000060670
5	58524622	60935906	1432	27	0.0001520276	0.000000062636
5	60935907	61672994	518	27	0.0001077365	0.000000030720
5	61672995	63218986	1040	27	0.0001409511	0.000000050862
5	63218987	63968303	353	26	0.0000509946	0.000000020685
5	63968304	65911285	1208	27	0.0000574287	0.000000058886
5	65911286	67850859	1476	27	0.0001897100	0.000000063589
5	67850860	71240455	852	27	0.0000255196	0.000000052132
5	71240456	73759325	1793	27	0.0003332829	0.000000067377
5	73759326	75798865	1459	27	0.0025958969	0.000000117587
5	75798866	77623331	1305	27	0.0001462680	0.000000059799
5	77623332	79393143	1136	27	0.0001561732	0.000000062834
5	79393144	80481470	849	27	0.0001398079	0.000000060779
5	80481471	82025647	880	27	0.0001390430	0.000000060810
5	82025648	83972688	1027	27	0.0000600194	0.000000060184
5	83972689	85767289	1380	27	0.0000244321	0.000000059461
5	85767290	87389990	631	27	0.0000914379	0.000000038022
5	87389991	88891529	579	27	0.0000577888	0.000000032052
5	88891530	90422653	854	27	0.0003467592	0.000000058169
5	90422654	91840541	645	27	0.0000881822	0.000000037484
5	91840542	93809983	780	27	0.0001080516	0.000000048047
5	93809984	95963518	1289	27	0.0001952794	0.000000063658
5	95963519	97315600	925	27	0.0001584540	0.000000048033
5	97315601	99260991	1115	27	0.0000424122	0.000000055644
5	99260992	101578768	1306	27	0.0002177907	0.000000065114
5	101578769	103320004	1050	27	0.0002596377	0.000000063022
5	103320005	104851482	1030	27	0.0002453435	0.000000056715
5	104851483	105893054	399	27	0.0001383691	0.000000033092
5	105893055	107264195	1162	27	0.0001507439	0.000000061467
5	107264196	108633933	897	27	0.0000136821	0.000000048587
5	108633934	110821143	1452	27	0.0001244248	0.000000063428
5	110821144	111981561	859	27	0.0001049045	0.000000059082
5	111981562	113396284	1156	27	0.0001390391	0.000000061770
5	113396285	114830369	1090	27	0.0001408175	0.000000061640
5	114830370	115831046	881	27	0.0001342272	0.000000058296
5	115831047	117346212	1322	27	0.0003397700	0.000000068120
5	117346213	118608819	798	27	0.0002164903	0.000000061473
5	118608820	119669041	710	27	0.0001559256	0.000000049485
5	119669042	120452165	557	27	0.0000003665	0.000000032981
5	120452166	122556904	1394	27	0.0000851934	0.000000060821
5	122556905	123798099	983	27	0.0004360281	0.000000069147
5	123798100	125785648	1823	27	0.0001780395	0.000000063530
5	125785649	127344603	813	27	0.0000791512	0.000000054271
5	127344604	129519024	1526	27	0.0001146428	0.000000061419
5	129519025	132139648	1123	27	0.0002365227	0.000000052793
5	132139649	134777400	1505	27	0.0000779599	0.000000059352
5	134777401	136376049	1190	27	0.0002279627	0.000000065696
5	136376050	139265071	1194	27	0.0000998289	0.000000059625
5	139265072	140645970	570	27	0.0001935805	0.000000034939
5	140645971	142981247	1503	27	0.0003928787	0.000000068208
5	142981248	144943353	1422	27	0.0002730385	0.000000066803
5	144943354	147181997	1478	27	0.0001291639	0.000000062924
5	147181998	148662623	1152	27	0.0001773642	0.000000063524
5	148662624	150561297	1406	27	0.0003060779	0.000000065734
5	150561298	152867773	1781	27	0.0001363669	0.000000061756
5	152867774	153773087	940	27	0.0000666955	0.000000042435
5	153773088	155373504	1172	27	-0.0000058816	0.000000058140
5	155373505	156628699	847	27	0.0010367870	0.000000069353
5	156628700	158825697	1834	27	0.0001131608	0.000000052538
5	158825698	159973943	712	27	0.0001357756	0.000000058163
5	159973944	161482132	1082	27	0.0000578399	0.000000055447
5	161482133	162743907	866	27	0.0001637462	0.000000054083
5	162743908	163771581	835	27	0.0000197067	0.000000051387
5	163771582	165642394	1188	27	0.0001884250	0.000000065094
5	165642395	166847739	872	27	0.0000867983	0.000000060700
5	166847740	168525317	1280	27	0.0001590811	0.000000061289
5	168525318	169505663	865	27	0.0002250769	0.000000065195
5	169505664	171074291	1197	27	0.0003328124	0.000000067784
5	171074292	172678326	1114	27	0.0001034297	0.000000060278
5	172678327	173642870	1018	27	0.0000150207	0.000000053080
5	173642871	175450594	1484	27	0.0001580234	0.000000066055
5	175450595	177251506	516	27	0.0003221986	0.000000048178
5	177251507	178413463	778	27	0.0001881640	0.000000063811
5	178413464	179401243	589	27	0.0000344039	0.000000053623
5	179401244	180559932	567	27	0.0001322793	0.000000048596
5	180559933	180885155	80	12	0.0000243296	0.000000009723
6	73924	1452361	1273	27	0.0002161835	0.000000064553
6	1452362	2458935	818	27	0.0001770050	0.000000061779
6	2458936	3573592	1006	27	0.0000385790	0.000000060745
6	3573593	4617816	1080	27	0.0002536270	0.000000065922
6	4617817	5791471	1095	27	0.0001229780	0.000000062312
6	5791472	6785206	1087	27	0.0001497524	0.000000060220
6	6785207	7808935	904	27	0.0002544266	0.000000061037
6	7808936	9020025	1202	27	0.0004440493	0.000000071786
6	9020026	10540316	1306	27	0.0001665322	0.000000063604
6	10540317	11790815	986	27	0.0000838888	0.000000060861
6	11790816	13209387	1392	27	0.0001598295	0.000000048665
6	13209388	14802923	1336	27	0.0000351218	0.000000054341
6	14802924	17386404	1895	27	0.0004658919	0.000000069688
6	17386405	19207486	1428	27	0.0002261393	0.000000064848
6	19207487	21684064	2408	27	0.0000559674	0.000000043553
6	21684065	22748306	1076	27	0.0000800627	0.000000060714
6	22748307	23936618	1150	27	0.0000422140	0.000000059278
6	23936619	24852274	728	27	0.0002723201	0.000000062736
6	24852275	25684586	1114	27	0.0002761418	0.000000050119
6	25684587	26791232	1063	27	0.0003515866	0.000000033090
6	26791233	28017818	547	27	0.0002391109	0.000000023824
6	28017819	28917607	561	26	0.0002515621	0.000000020672
6	28917608	29737970	849	27	0.0001131106	0.000000026241
6	29737971	30798167	1697	27	0.0004916074	0.000000052740
6	30798168	31571217	1562	27	0.0006923473	0.000000055882
6	31571218	32682663	1161	27	0.0011486263	0.000000061388
6	32682664	33236496	1167	27	0.0005847984	0.000000051759
6	33236497	35455755	1285	27	0.0004568713	0.000000061268
6	35455756	37572595	1395	27	0.0000621522	0.000000056691
6	37572596	39295676	1503	27	0.0001252369	0.000000059380
6	39295677	40345114	791	27	0.0002450430	0.000000055719
6	40345115	42038720	1310	27	0.0001125513	0.000000061249
6	42038721	43756168	707	27	0.0002766173	0.000000060103
6	43756169	45406562	1157	27	0.0000769516	0.000000060464
6	45406563	47311897	1490	27	0.0001198325	0.000000062119
6	47311898	48391124	872	27	0.0000042315	0.000000036503
6	48391125	50386144	1436	27	-0.0000005059	0.000000047077
6	50386145	52210475	1566	27	0.0000159168	0.000000042384
6	52210476	53279101	809	27	0.0008122461	0.000000072334
6	53279102	55468269	2014	27	0.0003002528	0.000000066311
6	55468270	56105312	638	27	0.0002792437	0.000000029760
6	56105313	57599464	771	27	0.0001747363	0.000000049113
6	57599465	61880511	384	14	0.0000877742	0.000000017921
6	61880512	63552887	1052	27	0.0001303222	0.000000038063
6	63552888	65765741	1212	27	0.0001551460	0.000000054241
6	65765742	67329214	1598	27	0.0001949380	0.000000063573
6	67329215	68849482	1339	27	0.0000590735	0.000000056504
6	68849483	69523447	579	27	0.0002255177	0.000000032642
6	69523448	71609509	1695	27	-0.0000403050	0.000000057590
6	71609510	73450096	1605	27	0.0003177673	0.000000056059
6	73450097	75462002	1223	27	0.0000612268	0.000000060148
6	75462003	77414880	1021	27	0.0002898455	0.000000053577
6	77414881	78957727	1357	27	0.0001680456	0.000000048204
6	78957728	80691169	1315	27	0.0003338279	0.000000066307
6	80691170	81929221	1051	27	0.0000877148	0.000000033225
6	81929222	83127148	835	27	0.0000708912	0.000000044979
6	83127149	85209988	1173	27	0.0001156772	0.000000060038
6	85209989	87069499	1384	27	0.0001701362	0.000000055246
6	87069500	88822139	1195	27	0.0000496206	0.000000058946
6	88822140	89973051	880	27	-0.0000269328	0.000000053274
6	89973052	91843195	1454	27	-0.0000012655	0.000000058693
6	91843196	93428643	1260	27	0.0001192650	0.000000062094
6	93428644	94118141	699	27	0.0001216629	0.000000039454
6	94118142	94441174	203	11	0.0000469614	0.000000009539
6	94441175	97093510	1919	27	0.0001657817	0.000000063352
6	97093511	97842283	549	27	-0.0000075122	0.000000023722
6	97842284	100630145	1808	27	0.0001712584	0.000000062900
6	100630146	102636771	1295	27	0.0003284489	0.000000067684
6	102636772	103983394	927	27	-0.0000155191	0.000000037135
6	103983395	106056732	1368	27	0.0000179739	0.000000058546
6	106056733	107450305	1175	27	0.0001522860	0.000000062660
6	107450306	108464379	601	27	0.0003197301	0.000000048897
6	108464380	110304246	1040	27	0.0003619622	0.000000061541
6	110304247	112345013	1174	27	0.0001023104	0.000000061535
6	112345014	114220832	1374	27	0.0002343998	0.000000065681
6	114220833	116131395	1139	27	0.0001584004	0.000000054556
6	116131396	117672971	1025	27	0.0006071108	0.000000064553
6	117672972	118963114	1007	27	0.0000256880	0.000000028580
6	118963115	119963277	788	27	0.0001385720	0.000000034470
6	119963278	120512127	503	26	0.0000355152	0.000000020789
6	120512128	121905675	1056	27	0.0000252482	0.000000039080
6	121905676	123856180	1425	27	0.0000491087	0.000000061413
6	123856181	125424382	1242	27	0.0002023974	0.000000064368
6	125424383	127540460	1050	27	0.0002815394	0.000000054496
6	127540461	129861030	1481	27	0.0001728806	0.000000064379
6	129861031	130935453	1035	27	0.0002033020	0.000000063072
6	130935454	132765668	1348	27	0.0001046411	0.000000060348
6	132765669	134244242	1284	27	0.0004459504	0.000000063726
6	134244243	136224176	1229	27	0.0002565613	0.000000065967
6	136224177	137614217	634	27	0.0001760773	0.000000050049
6	137614218	138822628	921	27	0.0002159155	0.000000065437
6	138822629	139845435	693	27	0.0003071081	0.000000058530
6	139845436	142288478	1354	27	0.0002505851	0.000000064796
6	142288479	145319809	2127	27	0.0002243348	0.000000063263
6	145319810	146665423	885	27	0.0002033700	0.000000033807
6	146665424	148920351	1825	27	0.0001714422	0.000000062968
6	148920352	150253403	1052	27	0.0001961037	0.000000065008
6	150253404	151912702	1638	27	0.0004571641	0.000000071708
6	151912703	153094495	1021	27	0.0001909786	0.000000061511
6	153094496	154974119	1774	27	0.0001308564	0.000000061112
6	154974120	156763325	1366	27	0.0002493583	0.000000065340
6	156763326	158218718	629	27	0.0003319150	0.000000057712
6	158218719	160580496	2067	27	0.0004567154	0.000000069497
6	160580497	162169563	1503	27	0.0011352396	0.000000076204
6	162169564	162931202	696	27	0.0002012942	0.000000057432
6	162931203	164383520	1396	27	-0.0000184367	0.000000056732
6	164383521	165586863	1288	27	0.0000867027	0.000000063090
6	165586864	167024732	1518	27	0.0001296993	0.000000061258
6	167024733	168042834	868	27	0.0001655918	0.000000062253
6	168042835	169382049	1223	27	0.0000880472	0.000000062303
6	169382050	170330172	814	27	0.0001169035	0.000000045855
6	170330173	171051269	471	27	0.0002352538	0.000000041094
7	16161	972751	149	20	0.0000377010	0.000000015274
7	972752	1353066	129	18	0.0004115350	0.000000026979
7	1353067	2062397	232	27	0.0001854292	0.000000028522
7	2062398	2772226	331	27	0.0000962724	0.000000033233
7	2772227	4573427	1705	27	0.0001637455	0.000000062701
7	4573428	5416231	306	27	0.0002757525	0.000000043258
7	5416232	5854525	154	19	0.0001006411	0.000000017302
7	5854526	6573856	227	27	0.0002025312	0.000000026446
7	6573857	7808751	851	27	0.0000959681	0.000000061889
7	7808752	9123422	1529	27	0.0000069021	0.000000059599
7	9123423	9987498	847	27	0.0000960039	0.000000061914
7	9987499	11299197	1159	27	0.0000684625	0.000000060767
7	11299198	12635460	1611	27	0.0001943967	0.000000063618
7	12635461	13884201	1326	27	0.0000579119	0.000000060441
7	13884202	15143656	1742	27	0.0001132127	0.000000035097
7	15143657	16902068	1585	27	0.0000301790	0.000000058598
7	16902069	19481546	2012	27	0.0002422935	0.000000064344
7	19481547	20124907	569	27	0.0001113082	0.000000040616
7	20124908	22507628	2315	27	0.0005081026	0.000000072860
7	22507629	23471441	567	27	0.0001537539	0.000000049173
7	23471442	25077258	1313	27	0.0003244848	0.000000067507
7	25077259	25909554	946	27	0.0002668727	0.000000062926
7	25909555	28360308	2141	27	0.0003376488	0.000000055653
7	28360309	31137288	2078	27	0.0001763817	0.000000062949
7	31137289	33555767	2045	27	0.0002100539	0.000000064524
7	33555768	36213537	2030	27	0.0001475309	0.000000062123
7	36213538	37555183	1142	27	0.0001987760	0.000000064561
7	37555184	38966702	1283	27	0.0001699966	0.000000062948
7	38966703	39862669	615	27	0.0000065958	0.000000036129
7	39862670	42001810	1287	27	0.0001286898	0.000000062000
7	42001811	43159073	857	27	0.0001354455	0.000000056670
7	43159074	44763827	1049	27	0.0006676848	0.000000065405
7	44763828	45952921	680	27	0.0001783458	0.000000051342
7	45952922	46986719	1010	27	-0.0000156499	0.000000047631
7	46986720	49212277	1794	27	0.0000224273	0.000000057683
7	49212278	51675321	1905	27	0.0002169901	0.000000063614
7	51675322	53176311	1574	27	0.0000914057	0.000000060203
7	53176312	54222975	895	27	0.0001517552	0.000000046382
7	54222976	55691583	1127	27	0.0002749934	0.000000066593
7	55691584	57382637	596	27	0.0001361762	0.000000036068
7	57382638	63307358	418	25	0.0001528226	0.000000032300
7	63307359	63641124	145	9	0.0000577575	0.000000008792
7	63641125	65689808	713	27	0.0001361121	0.000000037616
7	65689809	68234073	1540	27	0.0001728610	0.000000062513
7	68234074	69085363	509	27	0.0001517204	0.000000036607
7	69085364	71874884	1571	27	0.0001333116	0.000000061465
7	71874885	73334601	395	27	0.0002492228	0.000000027626
7	73334602	76458563	568	27	0.0002486254	0.000000053712
7	76458564	78093858	1167	27	0.0001567766	0.000000061505
7	78093859	79888068	1424	27	0.0002558317	0.000000066406
7	79888069	82022685	1526	27	0.0001419360	0.000000062032
7	82022686	83801202	1416	27	0.0000440092	0.000000059838
7	83801203	85572181	1045	27	0.0003299720	0.000000053371
7	85572182	87825003	1197	27	0.0001983718	0.000000058570
7	87825004	90661783	2561	27	0.0001273919	0.000000062502
7	90661784	92493751	714	27	0.0002160509	0.000000047978
7	92493752	93966600	760	27	0.0004053438	0.000000062365
7	93966601	96073507	1311	27	0.0001398919	0.000000061820
7	96073508	97099569	613	27	-0.0000119021	0.000000038617
7	97099570	98715473	797	27	0.0002588340	0.000000057167
7	98715474	100196650	367	27	0.0002989203	0.000000029598
7	100196651	101199252	384	27	0.0001242560	0.000000034436
7	101199253	103197509	694	27	0.0000107031	0.000000048052
7	103197510	104159524	942	27	0.0000989096	0.000000058881
7	104159525	105682904	834	27	0.0002622989	0.000000063991
7	105682905	107780177	1404	27	0.0002341051	0.000000063638
7	107780178	109647593	1237	27	0.0000353038	0.000000057448
7	109647594	112618683	1615	27	0.0000932886	0.000000060518
7	112618684	113712386	544	27	0.0000955039	0.000000032016
7	113712387	116780177	1608	27	0.0001134759	0.000000053964
7	116780178	118351580	893	27	0.0003183566	0.000000043465
7	118351581	121045272	1098	27	0.0002931586	0.000000055098
7	121045273	121933629	439	27	0.0001621740	0.000000029291
7	121933630	124156804	1598	27	0.0001509653	0.000000062620
7	124156805	124167551	9	2	0.0000177837	0.000000001277
7	124167552	126519169	1809	27	0.0001180984	0.000000062809
7	126519170	126869220	380	22	0.0000509253	0.000000017727
7	126869221	128778385	1061	27	0.0001439327	0.000000059115
7	128778386	130422413	734	27	0.0001362540	0.000000053674
7	130422414	132805847	1709	27	0.0000690363	0.000000059259
7	132805848	134307595	1012	27	0.0002116992	0.000000055181
7	134307596	135591082	959	27	0.0001350854	0.000000060070
7	135591083	136876561	945	27	0.0001042747	0.000000053672
7	136876562	138744678	1090	27	0.0000856727	0.000000060722
7	138744679	139933176	493	27	0.0001356634	0.000000039852
7	139933177	140235209	169	27	0.0002386830	0.000000022102
7	140235210	141226556	519	27	0.0002749156	0.000000039991
7	141226557	142656309	683	27	0.0002873918	0.000000041433
7	142656310	144968288	1123	27	0.0002216709	0.000000064623
7	144968289	146427959	1042	27	0.0000821126	0.000000052529
7	146427960	147815317	1416	27	0.0002310801	0.000000065606
7	147815318	149840657	1037	27	0.0003405723	0.000000068470
7	149840658	150711504	589	27	0.0002218505	0.000000039423
7	150711505	152249805	710	27	0.0001282253	0.000000064468
7	152249806	153674018	949	27	0.0001038641	0.000000063843
7	153674019	154964729	951	27	0.0000631585	0.000000062969
7	154964730	156065249	871	27	0.0003825503	0.000000074590
7	156065250	157634596	915	27	0.0002185994	0.000000061709
7	157634597	159128574	819	27	-0.0000244759	0.000000057860
8	10422	1044216	688	27	0.0000625604	0.000000059305
8	1044217	1163244	125	15	0.0000025087	0.000000011490
8	1163245	2042941	722	27	0.0001836335	0.000000062156
8	2042942	2573278	557	27	0.0000536398	0.000000052028
8	2573279	3392925	1108	27	0.0001215147	0.000000060711
8	3392926	3783016	865	27	0.0002045328	0.000000064751
8	3783017	4480475	1269	27	0.0002279262	0.000000063437
8	4480476	5146926	955	27	0.0000690976	0.000000060100
8	5146927	6142796	1741	27	0.0000764289	0.000000060039
8	6142797	7153078	913	27	0.0002831476	0.000000068409
8	7153079	9154693	1126	27	0.0002956937	0.000000061751
8	9154694	9640786	582	27	0.0011244925	0.000000051915
8	9640787	10463196	922	27	0.0001415405	0.000000057546
8	10463197	11278997	856	27	0.0001483618	0.000000045333
8	11278998	13491774	1466	27	0.0000821923	0.000000057158
8	13491775	13944991	691	27	0.0001150171	0.000000049314
8	13944992	15991659	2223	27	0.0002175475	0.000000064270
8	15991660	17387875	1143	27	0.0000974971	0.000000061057
8	17387876	17836398	524	27	0.0000660474	0.000000042811
8	17836399	19492839	1819	27	0.0002701905	0.000000062799
8	19492840	20060855	762	27	0.0001087435	0.000000038573
8	20060856	21661736	1536	27	0.0000867743	0.000000061565
8	21661737	22897056	691	27	0.0005315756	0.000000073803
8	22897057	24674717	1258	27	0.0003849348	0.000000067533
8	24674718	25483453	527	27	0.0000562180	0.000000032732
8	25483454	26682524	1146	27	0.0001597416	0.000000059389
8	26682525	28162391	1490	27	0.0000637985	0.000000060001
8	28162392	29327895	650	27	0.0000252747	0.000000040344
8	29327896	31133728	1056	27	0.0001762688	0.000000062443
8	31133729	31548359	271	27	0.0002681763	0.000000024958
8	31548360	32977217	1035	27	0.0001401675	0.000000055986
8	32977218	35317231	1431	27	0.0002288629	0.000000057765
8	35317232	37379388	802	27	0.0001761377	0.000000050098
8	37379389	38938805	540	27	0.0001468120	0.000000041986
8	38938806	40703336	1163	27	0.0001449131	0.000000061903
8	40703337	41721453	734	27	0.0000929821	0.000000055420
8	41721454	42773822	300	27	0.0000774094	0.000000023092
8	42773823	46841314	106	10	-0.0000252847	0.000000006847
8	46841315	50082469	822	27	-0.0000068070	0.000000044813
8	50082470	53302929	2229	27	0.0003127829	0.000000068637
8	53302930	54418043	807	27	0.0000947467	0.000000042136
8	54418044	55945580	1011	27	0.0004506161	0.000000064116
8	55945581	56956382	720	27	0.0001251181	0.000000044075
8	56956383	59068650	1609	27	0.0001100501	0.000000060540
8	59068651	59728099	617	27	0.0006545805	0.000000052365
8	59728100	62329098	1754	27	0.0001546022	0.000000063311
8	62329099	63349305	753	27	0.0000083780	0.000000034126
8	63349306	65232871	1282	27	0.0000075456	0.000000056411
8	65232872	66489089	732	27	0.0000298018	0.000000041456
8	66489090	69863056	1745	27	-0.0000593146	0.000000055756
8	69863057	70867978	890	27	0.0001184632	0.000000059876
8	70867979	72289453	981	27	0.0002159977	0.000000055295
8	72289454	73817198	1495	27	0.0000965898	0.000000060674
8	73817199	75445063	1145	27	0.0000613429	0.000000058783
8	75445064	76456541	697	27	0.0001983022	0.000000038857
8	76456542	79132860	1824	27	0.0000934403	0.000000060349
8	79132861	81956394	1547	27	0.0002587983	0.000000065817
8	81956395	82693738	506	27	0.0001488138	0.000000031350
8	82693739	84225588	1180	27	0.0002512417	0.000000051395
8	84225589	85955618	955	27	0.0003292206	0.000000049934
8	85955619	87411708	511	27	0.0002425886	0.000000032452
8	87411709	89085480	1094	27	0.0001700510	0.000000058315
8	89085481	90638161	950	27	-0.0000001133	0.000000043894
8	90638162	93554385	1511	27	0.0000270876	0.000000059802
8	93554386	95005526	771	27	0.0001069441	0.000000051487
8	95005527	96534805	1142	27	0.0002413140	0.000000062625
8	96534806	99401580	2056	27	-0.0000186323	0.000000056690
8	99401581	101620957	810	27	0.0001569676	0.000000044617
8	101620958	104123305	1894	27	0.0001104577	0.000000060778
8	104123306	104988751	700	27	0.0001499607	0.000000030931
8	104988752	107410753	1817	27	0.0001151027	0.000000061024
8	107410754	108648176	1091	27	0.0002615848	0.000000057599
8	108648177	109248172	509	27	0.0001981124	0.000000026694
8	109248173	110484313	946	27	0.0000352708	0.000000034960
8	110484314	111850846	734	27	0.0002830071	0.000000039171
8	111850847	113064319	743	27	0.0001113193	0.000000027190
8	113064320	116096494	2138	27	0.0000686251	0.000000060760
8	116096495	119685456	2547	27	0.0003733247	0.000000067679
8	119685457	121201699	1212	27	0.0001126044	0.000000059567
8	121201700	124861458	2672	27	0.0001541626	0.000000062206
8	124861459	125683718	574	27	0.0001334699	0.000000041372
8	125683719	126410916	473	27	0.0003847998	0.000000044276
8	126410917	128659110	1862	27	0.0016980930	0.000000100900
8	128659111	130381138	1454	27	0.0001286008	0.000000061016
8	130381139	131639624	936	27	0.0001589249	0.000000060282
8	131639625	133351143	1605	27	0.0003248156	0.000000068203
8	133351144	134570000	1376	27	0.0000870703	0.000000060519
8	134570001	136035604	1573	27	0.0002842412	0.000000064976
8	136035605	137524150	1264	27	0.0000771676	0.000000060919
8	137524151	139254829	1740	27	-0.0000104779	0.000000061928
8	139254830	140725642	1409	27	0.0001952993	0.000000065453
8	140725643	143044913	1475	27	0.0002425032	0.000000065639
8	143044914	144236880	680	27	0.0001377077	0.000000052953
8	144236881	146303866	561	27	0.0006745224	0.000000073231
9	10023	1079706	1008	27	0.0000932148	0.000000059389
9	1079707	1916876	1204	27	0.0002044738	0.000000064299
9	1916877	3190063	1436	27	0.0000937472	0.000000061449
9	3190064	4495327	1414	27	0.0001232821	0.000000053813
9	4495328	4884925	426	27	0.0000498144	0.000000036918
9	4884926	6557588	1038	27	0.0000070608	0.000000056627
9	6557589	7154922	583	27	-0.0000039640	0.000000047554
9	7154923	8456298	1804	27	0.0001505690	0.000000062774
9	8456299	9166402	770	27	0.0000403961	0.000000058959
9	9166403	10879252	2030	27	0.0000760777	0.000000060370
9	10879253	12276488	1420	27	0.0001218944	0.000000062293
9	12276489	14836362	2532	27	0.0001464368	0.000000062581
9	14836363	16659654	1643	27	-0.0000160246	0.000000052788
9	16659655	18661050	2025	27	0.0004728546	0.000000070841
9	18661051	20463533	1585	27	0.0004911785	0.000000072934
9	20463534	22206558	1498	27	-0.0000050089	0.000000050051
9	22206559	24158517	1339	27	0.0001120266	0.000000060841
9	24158518	25330809	701	27	0.0002975742	0.000000064755
9	25330810	26111756	592	27	0.0000166862	0.000000055918
9	26111757	28224282	1929	27	0.0000528947	0.000000060032
9	28224283	28811583	615	27	0.0000866731	0.000000031605
9	28811584	30387391	1521	27	0.0003995825	0.000000070071
9	30387392	31310382	807	27	0.0001313841	0.000000039405
9	31310383	32019367	639	27	0.0001163308	0.000000029074
9	32019368	33578333	1266	27	0.0002901669	0.000000067321
9	33578334	34642242	563	27	0.0002923265	0.000000032257
9	34642243	36743282	1007	27	0.0001729976	0.000000061575
9	36743283	38641598	1356	27	0.0000908584	0.000000060828
9	38641599	65472189	186	26	0.0002005256	0.000000022246
9	65472190	72512710	1085	27	0.0000724409	0.000000057678
9	72512711	72753754	212	15	0.0000514999	0.000000010635
9	72753755	74253039	1212	27	0.0002074605	0.000000063903
9	74253040	76203945	1214	27	0.0002524149	0.000000065772
9	76203946	76973080	518	27	0.0000255880	0.000000024060
9	76973081	78900182	1681	27	0.0003638987	0.000000062240
9	78900183	79471207	483	27	0.0001371891	0.000000044271
9	79471208	81079054	1137	27	0.0002687302	0.000000065148
9	81079055	82590927	1265	27	0.0001875771	0.000000062367
9	82590928	84211232	1638	27	0.0003448242	0.000000069586
9	84211233	85440800	639	27	0.0003108720	0.000000056589
9	85440801	86938195	1283	27	0.0000985665	0.000000060486
9	86938196	88109332	957	27	0.0001038571	0.000000057802
9	88109333	88590416	202	18	0.0000697498	0.000000015166
9	88590417	90136245	1186	27	0.0002249999	0.000000064544
9	90136246	92528697	1646	27	0.0001856951	0.000000063645
9	92528698	94167202	1221	27	0.0002905937	0.000000066632
9	94167203	96671697	1585	27	0.0001213090	0.000000061766
9	96671698	98922039	1235	27	0.0000599565	0.000000057577
9	98922040	101592858	1538	27	0.0001145986	0.000000060182
9	101592859	104624436	2131	27	0.0001700166	0.000000063245
9	104624437	105967975	1512	27	0.0001793366	0.000000064134
9	105967976	107581748	1656	27	0.0002092398	0.000000064796
9	107581749	109298753	1248	27	0.0003805363	0.000000062903
9	109298754	110695061	1071	27	0.0002911850	0.000000066277
9	110695062	112778023	2275	27	0.0002465417	0.000000064475
9	112778024	114831081	1780	27	0.0000341490	0.000000058556
9	114831082	115693144	681	27	0.0001125939	0.000000038034
9	115693145	117019800	1170	27	0.0000156899	0.000000059168
9	117019801	117921959	886	27	0.0000633378	0.000000058088
9	117921960	121321536	3029	27	0.0001541215	0.000000062476
9	121321537	122260296	793	27	-0.0000215150	0.000000044973
9	122260297	124871321	1579	27	0.0000802286	0.000000059930
9	124871322	126971886	1210	27	0.0001287540	0.000000060909
9	126971887	129059664	953	27	0.0001892581	0.000000062993
9	129059665	130055509	619	27	0.0001509518	0.000000044507
9	130055510	132165469	906	27	0.0002263714	0.000000063335
9	132165470	133223216	596	27	0.0001176856	0.000000052229
9	133223217	134127887	540	27	0.0000307186	0.000000050000
9	134127888	135298841	730	27	0.0001505286	0.000000057390
9	135298842	137041121	1446	27	0.0017827808	0.000000106160
9	137041122	137589363	368	27	0.0000890511	0.000000041989
9	137589364	138938977	1130	27	-0.0000442997	0.000000060995
9	138938978	139500341	199	27	0.0002191359	0.000000026112
9	139500342	141144795	356	27	0.0002095144	0.000000041885
10	60523	751338	224	18	0.0000607457	0.000000022820
10	751339	1523543	622	27	-0.0000154881	0.000000047352
10	1523544	2254499	935	27	0.0002165572	0.000000065673
10	2254500	3352698	1278	27	0.0002032743	0.000000065851
10	3352699	4572273	1237	27	0.0001309790	0.000000061529
10	4572274	5983761	1381	27	0.0002399887	0.000000064577
10	5983762	7171483	1243	27	0.0000690398	0.000000059898
10	7171484	8774664	1579	27	0.0000619776	0.000000060495
10	8774665	10249395	1226	27	0.0001352054	0.000000063174
10	10249396	12586796	2019	27	0.0001360423	0.000000059229
10	12586797	13321599	752	27	0.0000812072	0.000000060558
10	13321600	15026067	1635	27	0.0001405966	0.000000062148
10	15026068	16551766	1105	27	-0.0000398471	0.000000058160
10	16551767	18537266	1510	27	0.0003617449	0.000000067245
10	18537267	19716877	1263	27	0.0002137298	0.000000062918
10	19716878	22772282	2024	27	0.0001042559	0.000000060838
10	22772283	23175131	274	20	0.0000827760	0.000000021043
10	23175132	25578595	1539	27	0.0001973307	0.000000064114
10	25578596	26888683	1267	27	0.0001197891	0.000000057774
10	26888684	29323235	1920	27	0.0002282264	0.000000064798
10	29323236	29783691	527	27	0.0001502674	0.000000039979
10	29783692	30458837	713	27	0.0000868889	0.000000054383
10	30458838	31907518	1025	27	0.0000622498	0.000000060993
10	31907519	33707967	1315	27	0.0000486243	0.000000057275
10	33707968	35109354	1025	27	0.0002079356	0.000000062448
10	35109355	36572507	905	27	0.0001621171	0.000000055058
10	36572508	37790028	751	27	0.0002173010	0.000000048142
10	37790029	42372578	579	18	0.0000797740	0.000000017986
10	42372579	43894770	674	27	0.0001471773	0.000000043565
10	43894771	44730074	865	27	0.0000634196	0.000000029395
10	44730075	48760449	1556	27	0.0004327465	0.000000064572
10	48760450	50840914	1279	27	0.0002837393	0.000000065569
10	50840915	53616628	1469	27	0.0000468350	0.000000059384
10	53616629	55103571	1482	27	0.0002065347	0.000000064466
10	55103572	57031139	1958	27	0.0001172814	0.000000062524
10	57031140	57662145	512	25	-0.0000192128	0.000000017105
10	57662146	58959527	1239	27	0.0001760170	0.000000040096
10	58959528	60289986	1113	27	0.0000941251	0.000000043497
10	60289987	61891408	1142	27	0.0000316204	0.000000058598
10	61891409	62659678	654	27	0.0000752763	0.000000035435
10	62659679	63341694	324	26	0.0001460977	0.000000023531
10	63341695	65794113	1867	27	0.0003186688	0.000000058940
10	65794114	67549614	1247	27	0.0001673041	0.000000058312
10	67549615	69900147	2003	27	0.0001387773	0.000000062486
10	69900148	70195990	191	14	0.0001419023	0.000000014305
10	70195991	72220849	1532	27	0.0001882897	0.000000060064
10	72220850	73508511	1346	27	0.0000174448	0.000000059322
10	73508512	75422549	688	27	0.0002204132	0.000000040649
10	75422550	78706813	1593	27	0.0000845011	0.000000059533
10	78706814	80876748	1892	27	0.0002148534	0.000000064247
10	80876749	82414678	984	27	0.0000752523	0.000000058720
10	82414679	84383744	1573	27	0.0000495777	0.000000059926
10	84383745	85458702	1144	27	-0.0000273703	0.000000044253
10	85458703	87937576	2183	27	0.0002293179	0.000000066307
10	87937577	89127063	481	27	0.0002696956	0.000000039228
10	89127064	91013380	1402	27	0.0000904836	0.000000059599
10	91013381	92006580	834	27	0.0001821560	0.000000052402
10	92006581	93335046	1002	27	0.0000797328	0.000000055289
10	93335047	95396367	1251	27	0.0006170119	0.000000068857
10	95396368	96221242	540	27	0.0001272835	0.000000033859
10	96221243	97822356	1026	27	0.0001922572	0.000000054438
10	97822357	100241301	1502	27	0.0001089377	0.000000060649
10	100241302	100668399	335	18	0.0000627438	0.000000016870
10	100668400	102949238	1286	27	0.0001496076	0.000000059876
10	102949239	104380409	560	27	0.0002054935	0.000000026972
10	104380410	106695047	1576	27	0.0000457026	0.000000045808
10	106695048	108726685	1591	27	0.0000329938	0.000000060547
10	108726686	110317704	1450	27	0.0000276188	0.000000059413
10	110317705	112561492	1613	27	-0.0000222106	0.000000058646
10	112561493	115328431	2048	27	0.0004378354	0.000000065651
10	115328432	116421405	907	27	0.0001574045	0.000000062117
10	116421406	119523933	1995	27	0.0001705457	0.000000063507
10	119523934	120591352	751	27	0.0002376481	0.000000061054
10	120591353	122407322	1233	27	0.0001770227	0.000000063221
10	122407323	123231464	731	27	0.0000668172	0.000000054020
10	123231465	123900544	488	27	0.0000973692	0.000000039601
10	123900545	125869345	1456	27	0.0002984417	0.000000064642
10	125869346	128001097	1783	27	0.0001171358	0.000000061106
10	128001098	129154361	944	27	0.0000844594	0.000000061088
10	129154362	130844283	1690	27	0.0001446199	0.000000062176
10	130844284	131741326	812	27	0.0000429241	0.000000055123
10	131741327	132580244	896	27	0.0000838720	0.000000056434
10	132580245	134336328	1714	27	0.0001359011	0.000000062004
10	134336329	134494672	58	6	0.0001450841	0.000000008097
10	134494673	135523864	433	27	0.0001398669	0.000000043131
11	70855	1213589	352	27	0.0001559650	0.000000034401
11	1213590	3665480	1838	27	0.0001571282	0.000000054150
11	3665481	4746708	848	27	0.0000655273	0.000000058010
11	4746709	6322868	2116	27	0.0000970763	0.000000061705
11	6322869	7436700	1001	27	0.0001193027	0.000000061897
11	7436701	8333273	826	27	0.0001476184	0.000000060116
11	8333274	9087316	625	27	0.0001882856	0.000000033493
11	9087317	10952026	1394	27	0.0004070800	0.000000057087
11	10952027	12564228	1965	27	0.0001034530	0.000000060540
11	12564229	13373123	784	27	0.0000681767	0.000000051074
11	13373124	15742551	1626	27	0.0001935234	0.000000063810
11	15742552	17578401	1301	27	0.0003844562	0.000000054981
11	17578402	19569534	1468	27	0.0004119922	0.000000070285
11	19569535	21017137	1371	27	0.0001071453	0.000000062235
11	21017138	22374141	1180	27	0.0003440631	0.000000067928
11	22374142	24088516	1486	27	0.0000125054	0.000000059583
11	24088517	26045752	1745	27	0.0001471442	0.000000064414
11	26045753	27020460	813	27	0.0001747765	0.000000048163
11	27020461	28481592	830	27	0.0001216359	0.000000037816
11	28481593	30141356	972	27	0.0002745547	0.000000055887
11	30141357	32276900	1283	27	0.0003535126	0.000000068088
11	32276901	33958738	998	27	0.0003208479	0.000000067457
11	33958739	35502604	1563	27	0.0001797658	0.000000063665
11	35502605	37116814	1357	27	0.0000116305	0.000000058547
11	37116815	39382002	1477	27	0.0001901017	0.000000060680
11	39382003	42310002	2226	27	0.0001355269	0.000000063361
11	42310003	44693798	1912	27	0.0002146560	0.000000063520
11	44693799	47006136	1505	27	0.0001850299	0.000000049743
11	47006137	49866049	1334	27	0.0003167675	0.000000038619
11	49866050	54695472	434	10	0.0001324282	0.000000014975
11	54695473	55082656	34	5	0.0000015842	0.000000002429
11	55082657	58457494	2696	27	0.0002693454	0.000000068152
11	58457495	58780548	179	10	0.0000445973	0.000000008511
11	58780549	62223770	1831	27	0.0012354795	0.000000090094
11	62223771	63804568	455	27	0.0001232163	0.000000033730
11	63804569	65898630	707	27	0.0002791101	0.000000057473
11	65898631	68005824	464	27	0.0002185434	0.000000039238
11	68005825	69516129	840	27	0.0001691687	0.000000059985
11	69516130	70926291	847	27	0.0001617173	0.000000063349
11	70926292	72286016	581	27	0.0001359401	0.000000038704
11	72286017	74412350	1065	27	0.0002516604	0.000000059147
11	74412351	76797208	1268	27	0.0000483745	0.000000058318
11	76797209	78355057	777	27	0.0002754099	0.000000046195
11	78355058	80722372	2063	27	-0.0000323419	0.000000057329
11	80722373	81266711	635	27	0.0001461881	0.000000041629
11	81266712	84381271	2570	27	0.0001130342	0.000000061936
11	84381272	86619300	1514	27	0.0001362024	0.000000062194
11	86619301	87430234	719	27	0.0001153046	0.000000038828
11	87430235	89208935	1171	27	0.0002075238	0.000000063556
11	89208936	90966489	983	27	0.0001574081	0.000000046291
11	90966490	92077143	829	27	0.0000917198	0.000000043990
11	92077144	93276156	818	27	0.0001227520	0.000000046404
11	93276157	94242259	548	27	0.0002719804	0.000000036010
11	94242260	95726040	1136	27	0.0002544836	0.000000066195
11	95726041	97057057	948	27	0.0001248987	0.000000062609
11	97057058	98705064	1361	27	0.0001365339	0.000000061666
11	98705065	100417168	1765	27	0.0000005625	0.000000058018
11	100417169	101331120	1074	27	0.0001114752	0.000000043766
11	101331121	103959635	2428	27	-0.0000007575	0.000000057687
11	103959636	104873283	660	27	0.0001476827	0.000000028631
11	104873284	106520893	1135	27	0.0001221760	0.000000052597
11	106520894	107844199	980	27	0.0000651793	0.000000059707
11	107844200	108437036	213	13	0.0001065297	0.000000013501
11	108437037	109866115	719	27	0.0001200596	0.000000048473
11	109866116	111114396	991	27	0.0004448574	0.000000067563
11	111114397	112459487	687	27	0.0003008460	0.000000047516
11	112459488	114257727	1492	27	0.0001215945	0.000000060571
11	114257728	114830665	486	27	0.0003224320	0.000000034584
11	114830666	116383347	1161	27	0.0000313797	0.000000059233
11	116383348	117747109	1164	27	0.0013710523	0.000000082090
11	117747110	119215475	812	27	0.0002293008	0.000000062921
11	119215476	120766805	1067	27	0.0000764793	0.000000059486
11	120766806	121175942	397	27	0.0001889756	0.000000029832
11	121175943	122591909	923	27	0.0004077146	0.000000069486
11	122591910	123500116	660	27	0.0000168322	0.000000056580
11	123500117	124495527	981	27	0.0001204238	0.000000046201
11	124495528	126311319	1399	27	0.0009867770	0.000000083973
11	126311320	127316678	1035	27	0.0001230296	0.000000061387
11	127316679	128188536	631	27	0.0001927772	0.000000043574
11	128188537	130342574	1433	27	0.0002706907	0.000000065520
11	130342575	131074611	709	27	0.0001203139	0.000000058314
11	131074612	133000045	1961	27	0.0000131901	0.000000059500
11	133000046	134205992	903	27	0.0001678346	0.000000063582
11	134205993	134946451	827	27	0.0003470775	0.000000067458
12	61107	1080330	515	27	0.0000818774	0.000000042837
12	1080331	2544785	823	27	0.0000918344	0.000000062886
12	2544786	3677036	865	27	0.0002640577	0.000000065439
12	3677037	4417678	624	27	0.0001110472	0.000000054380
12	4417679	5321471	868	27	0.0002280232	0.000000064456
12	5321472	6419752	993	27	0.0002784984	0.000000064938
12	6419753	8377535	814	27	0.0002999765	0.000000065745
12	8377536	9031394	229	27	0.0000942830	0.000000023162
12	9031395	10481533	1038	27	0.0001872518	0.000000063435
12	10481534	11754845	737	27	0.0002554335	0.000000050737
12	11754846	12733527	726	27	0.0002381703	0.000000065528
12	12733528	15241483	1908	27	0.0001149947	0.000000061739
12	15241484	16310459	464	27	0.0001963439	0.000000038273
12	16310460	18087872	1286	27	0.0001159790	0.000000061543
12	18087873	20863942	2213	27	-0.0000093068	0.000000055678
12	20863943	23820633	2119	27	0.0001934118	0.000000062055
12	23820634	25371082	1423	27	0.0003431930	0.000000067978
12	25371083	27799772	2147	27	0.0001682950	0.000000059486
12	27799773	29651254	1521	27	0.0003038676	0.000000066304
12	29651255	30512405	1166	27	-0.0000700784	0.000000054352
12	30512406	32165591	1327	27	0.0001153758	0.000000059848
12	32165592	33076988	826	27	0.0001524141	0.000000053975
12	33076989	37856716	1021	27	0.0003277334	0.000000045887
12	37856717	39227168	456	17	0.0001895489	0.000000022095
12	39227169	40816184	1296	27	0.0003675598	0.000000063442
12	40816185	41658585	805	27	0.0000422015	0.000000036740
12	41658586	43984473	2099	27	0.0000042591	0.000000058739
12	43984474	46024228	1085	27	0.0001417111	0.000000052797
12	46024229	47714792	906	27	0.0002435002	0.000000060689
12	47714793	49001865	997	27	0.0002657365	0.000000064773
12	49001866	51776493	1023	27	0.0002142998	0.000000059813
12	51776494	53039003	1066	27	0.0003142467	0.000000066423
12	53039004	54778822	961	27	0.0003485158	0.000000066327
12	54778823	55665836	571	27	0.0002495142	0.000000041155
12	55665837	57548859	646	27	0.0002916089	0.000000045393
12	57548860	59308665	834	27	0.0002243887	0.000000050016
12	59308666	61123728	1082	27	0.0000715408	0.000000052751
12	61123729	64032460	2321	27	0.0002144320	0.000000064869
12	64032461	65559694	712	27	0.0001225196	0.000000050413
12	65559695	67181143	1000	27	0.0000796325	0.000000056930
12	67181144	67909728	702	27	0.0000621301	0.000000035109
12	67909729	69826541	1469	27	0.0000909948	0.000000060473
12	69826542	70957986	1100	27	0.0000601160	0.000000053813
12	70957987	72645074	1182	27	0.0001599254	0.000000059736
12	72645075	73818453	727	27	0.0001369177	0.000000041206
12	73818454	76511313	1736	27	0.0001146487	0.000000062174
12	76511314	78570569	1607	27	0.0001067551	0.000000061249
12	78570570	80448149	904	27	0.0002348468	0.000000057692
12	80448150	81467766	737	27	0.0002886392	0.000000041648
12	81467767	83502665	1289	27	0.0001819140	0.000000063579
12	83502666	84303843	615	27	0.0002730876	0.000000032990
12	84303844	85990425	1031	27	0.0001630319	0.000000041812
12	85990426	89682121	1948	27	0.0001034467	0.000000061982
12	89682122	92066154	1579	27	0.0003501348	0.000000061739
12	92066155	94514566	1772	27	0.0003257320	0.000000068127
12	94514567	96020784	1150	27	0.0001972720	0.000000063128
12	96020785	97108838	842	27	0.0000567980	0.000000056711
12	97108839	99305986	1740	27	0.0000886260	0.000000060486
12	99305987	101447640	1368	27	0.0002343650	0.000000064789
12	101447641	101862689	261	21	0.0000729711	0.000000018425
12	101862690	102964985	724	27	0.0000939150	0.000000035886
12	102964986	104848695	1449	27	0.0000872857	0.000000060154
12	104848696	106436212	1449	27	0.0001521290	0.000000063180
12	106436213	106958747	404	27	0.0000273436	0.000000030325
12	106958748	109025900	1353	27	0.0000065939	0.000000057635
12	109025901	110336718	892	27	0.0002006800	0.000000043349
12	110336719	113263517	1081	27	0.0004489250	0.000000043176
12	113263518	113986708	362	27	0.0001018779	0.000000028816
12	113986709	115036601	1046	27	0.0000312007	0.000000057980
12	115036602	115503215	443	27	0.0001290371	0.000000023136
12	115503216	117087470	1269	27	0.0001098980	0.000000058871
12	117087471	118135374	780	27	0.0000420560	0.000000060260
12	118135375	119754109	1225	27	0.0002125013	0.000000064018
12	119754110	122007650	1222	27	0.0005961314	0.000000065633
12	122007651	124977979	1063	27	0.0002983539	0.000000059956
12	124977980	126445504	1100	27	0.0003497057	0.000000067362
12	126445505	127875097	1318	27	0.0000633825	0.000000060697
12	127875098	129237296	1335	27	0.0001950680	0.000000065700
12	129237297	130377920	1217	27	0.0002603222	0.000000066287
12	130377921	131786750	1358	27	0.0000401347	0.000000060611
12	131786751	132807033	612	27	0.0001326369	0.000000049402
12	132807034	133841510	318	27	0.0002054836	0.000000029514
13	19020013	20686719	704	27	0.0002298394	0.000000050130
13	20686720	22242173	1089	27	0.0001570694	0.000000066003
13	22242174	23594701	1248	27	0.0000719988	0.000000064638
13	23594702	24531936	971	27	0.0002832381	0.000000066858
13	24531937	25784361	1171	27	0.0001470643	0.000000064915
13	25784362	27284361	1121	27	0.0001530364	0.000000063582
13	27284362	29257550	1563	27	0.0002543811	0.000000067212
13	29257551	30483266	1016	27	-0.0000358547	0.000000058568
13	30483267	32301814	1451	27	0.0000058983	0.000000060379
13	32301815	33776902	1148	27	0.0005620052	0.000000073578
13	33776903	35026463	974	27	0.0000439248	0.000000056042
13	35026464	36046366	459	27	0.0002628617	0.000000039192
13	36046367	37498184	1232	27	0.0003738142	0.000000071712
13	37498185	38878162	1356	27	0.0001528686	0.000000063220
13	38878163	41069262	1770	27	0.0000870932	0.000000062388
13	41069263	43101026	1254	27	0.0002082858	0.000000064860
13	43101027	44901408	1580	27	0.0000824280	0.000000062367
13	44901409	46495213	951	27	-0.0000166788	0.000000059666
13	46495214	47431078	680	27	0.0001153973	0.000000045926
13	47431079	49383961	1370	27	0.0000746957	0.000000062097
13	49383962	51591090	1372	27	0.0001521264	0.000000059334
13	51591091	53339621	681	27	0.0000784739	0.000000056072
13	53339622	54682863	1143	27	0.0000459590	0.000000060973
13	54682864	55817130	843	27	0.0000784121	0.000000038961
13	55817131	57554216	929	27	0.0000483075	0.000000032533
13	57554217	58410625	541	27	0.0000094475	0.000000019969
13	58410626	59302270	667	27	0.0000955832	0.000000027328
13	59302271	60854777	1277	27	0.0000394037	0.000000061624
13	60854778	61591948	669	27	0.0002512591	0.000000042256
13	61591949	63971558	1860	27	0.0000713388	0.000000062331
13	63971559	65200601	1042	27	0.0002170820	0.000000042004
13	65200602	67844452	1661	27	0.0000987620	0.000000062447
13	67844453	70724515	2549	27	0.0001501339	0.000000064695
13	70724516	71526790	707	27	0.0000514724	0.000000051281
13	71526791	73934088	1711	27	0.0000085040	0.000000059242
13	73934089	75670142	1448	27	0.0001494514	0.000000062931
13	75670143	77410554	1603	27	0.0001769683	0.000000064749
13	77410555	78808812	960	27	0.0000458383	0.000000048906
13	78808813	80585675	1201	27	0.0002469297	0.000000067126
13	80585676	82581813	1520	27	0.0000885146	0.000000062732
13	82581814	84133143	1105	27	0.0001871336	0.000000046886
13	84133144	85610915	1061	27	0.0002258245	0.000000057220
13	85610916	88559881	2102	27	0.0002177735	0.000000066643
13	88559882	90521310	1308	27	0.0000085838	0.000000053510
13	90521311	93129690	2041	27	0.0002281690	0.000000066674
13	93129691	93586454	285	22	0.0000013277	0.000000018339
13	93586455	96087557	2114	27	0.0002305966	0.000000065296
13	96087558	97519209	740	27	0.0001360389	0.000000046016
13	97519210	98938918	815	27	0.0001157782	0.000000062310
13	98938919	100574094	1480	27	0.0002416491	0.000000068020
13	100574095	102300522	1494	27	0.0000753301	0.000000062239
13	102300523	104066709	1801	27	0.0000245477	0.000000060681
13	104066710	104844113	734	27	0.0000318418	0.000000047081
13	104844114	106247553	1423	27	0.0001279625	0.000000064900
13	106247554	106749999	595	27	0.0000149773	0.000000039453
13	106750000	108189876	1227	27	0.0001033001	0.000000062217
13	108189877	109121209	920	27	0.0000306103	0.000000062002
13	109121210	109815111	737	27	0.0001870096	0.000000050063
13	109815112	111232072	1587	27	0.0001767028	0.000000051221
13	111232073	112247591	811	27	0.0001953882	0.000000063263
13	112247592	113572487	906	27	0.0002003196	0.000000067186
13	113572488	115109852	554	27	0.0003331051	0.000000054239
14	19002084	21589401	968	27	0.0000184943	0.000000059026
14	21589402	23018664	1416	27	0.0000563032	0.000000059304
14	23018665	24905122	1139	27	0.0004252710	0.000000071367
14	24905123	26135685	1233	27	0.0001469809	0.000000062901
14	26135686	28466532	1587	27	0.0001266195	0.000000063360
14	28466533	29972144	879	27	0.0000642026	0.000000050820
14	29972145	32383264	1197	27	0.0002010659	0.000000060236
14	32383265	34846250	2136	27	0.0000712319	0.000000060916
14	34846251	35859592	460	27	0.0001069905	0.000000032912
14	35859593	38667724	1595	27	0.0000091816	0.000000058051
14	38667725	40341989	1131	27	0.0001487702	0.000000063069
14	40341990	41615501	1073	27	0.0001970952	0.000000042956
14	41615502	43137388	944	27	0.0001971247	0.000000048546
14	43137389	44543226	932	27	-0.0000198845	0.000000050796
14	44543227	46081895	774	27	0.0001147288	0.000000044091
14	46081896	46749129	506	22	0.0000578384	0.000000018923
14	46749130	48573585	1512	27	-0.0000261448	0.000000057674
14	48573586	49005470	287	18	0.0000812359	0.000000015951
14	49005471	50507759	948	27	0.0002268976	0.000000065495
14	50507760	51493571	677	27	0.0001297464	0.000000050601
14	51493572	53474382	1567	27	0.0000883412	0.000000059898
14	53474383	53997830	393	26	0.0000678553	0.000000021614
14	53997831	55233680	778	27	0.0000487856	0.000000058536
14	55233681	56216879	551	27	0.0000695998	0.000000032212
14	56216880	57481261	1279	27	0.0001420452	0.000000063347
14	57481262	59448335	1432	27	0.0001181417	0.000000062207
14	59448336	61680423	1370	27	0.0002307639	0.000000064445
14	61680424	63790014	1598	27	0.0001473272	0.000000061433
14	63790015	65220297	629	27	0.0002051016	0.000000046251
14	65220298	66399554	746	27	0.0001203767	0.000000053090
14	66399555	67992316	678	27	0.0000215283	0.000000033152
14	67992317	71131956	2188	27	0.0002213093	0.000000063149
14	71131957	72889614	1396	27	0.0001831910	0.000000063693
14	72889615	76444766	2012	27	0.0001934805	0.000000062123
14	76444767	77229471	605	27	0.0003157952	0.000000056403
14	77229472	78561944	1072	27	0.0000975016	0.000000059477
14	78561945	80186578	1204	27	0.0002502523	0.000000064293
14	80186579	81579713	1142	27	0.0000920729	0.000000060994
14	81579714	83138096	1023	27	0.0001626853	0.000000060055
14	83138097	84241632	929	27	0.0000022561	0.000000050019
14	84241633	85746318	1128	27	-0.0000265000	0.000000056471
14	85746319	86647001	627	27	0.0001688830	0.000000044404
14	86647002	87635340	704	27	0.0000346047	0.000000042676
14	87635341	89497642	1288	27	0.0000316613	0.000000060026
14	89497643	91296859	1280	27	0.0002404367	0.000000064834
14	91296860	93132298	1237	27	0.0000532189	0.000000057768
14	93132299	94325284	726	27	0.0001102067	0.000000052192
14	94325285	95750866	1501	27	0.0000818070	0.000000060299
14	95750867	96262414	657	27	0.0000887752	0.000000050657
14	96262415	98341161	1537	27	0.0000063361	0.000000059927
14	98341162	99138531	848	27	0.0003293992	0.000000052379
14	99138532	101534306	1552	27	0.0002349014	0.000000063323
14	101534307	103012101	724	27	0.0002216898	0.000000064123
14	103012102	105001722	876	27	0.0000455608	0.000000060765
14	105001723	106340357	258	27	0.0001020612	0.000000027126
14	106340358	107289453	250	17	0.0000146509	0.000000025535
15	20001200	21131603	11	2	-0.0000020503	0.000000001713
15	21131604	24195126	540	27	-0.0000000935	0.000000047390
15	24195127	25108589	629	27	0.0000350668	0.000000039034
15	25108590	27298111	1630	27	0.0000637131	0.000000062235
15	27298112	29338501	1008	27	0.0001707468	0.000000066056
15	29338502	30165567	573	27	0.0002078959	0.000000048459
15	30165568	31591820	509	27	0.0001123460	0.000000045221
15	31591821	32441810	480	27	0.0002365273	0.000000037997
15	32441811	34015424	1279	27	0.0002374669	0.000000067599
15	34015425	35083250	711	27	0.0001923140	0.000000058187
15	35083251	37456501	1831	27	-0.0000446483	0.000000058691
15	37456502	38530776	712	27	0.0002001183	0.000000056488
15	38530777	40384131	1555	27	0.0000836754	0.000000062806
15	40384132	41177513	381	27	0.0001193356	0.000000030718
15	41177514	42776398	758	27	0.0000502356	0.000000050580
15	42776399	44198048	388	20	-0.0000370716	0.000000018158
15	44198049	46618786	928	27	0.0001384406	0.000000059109
15	46618787	48136047	1291	27	0.0002624220	0.000000067460
15	48136048	50008042	913	27	0.0001507113	0.000000054009
15	50008043	51677559	1211	27	0.0000845145	0.000000053790
15	51677560	53069095	748	27	0.0001167393	0.000000045513
15	53069096	54508527	1326	27	0.0001306353	0.000000063793
15	54508528	55136268	565	27	0.0000009062	0.000000040653
15	55136269	56901772	1060	27	0.0000963119	0.000000062100
15	56901773	58441365	1224	27	0.0001243091	0.000000060236
15	58441366	59694115	916	27	0.0001201490	0.000000055424
15	59694116	61265835	1170	27	0.0001649375	0.000000064163
15	61265836	63215221	1731	27	0.0002242635	0.000000059235
15	63215222	65104667	951	27	0.0002690015	0.000000057938
15	65104668	67094766	987	27	0.0002159253	0.000000065644
15	67094767	69017998	1483	27	0.0002508225	0.000000051252
15	69017999	70133340	538	27	0.0002353698	0.000000047510
15	70133341	71922648	1199	27	0.0001424708	0.000000064755
15	71922649	73628713	705	27	0.0000778557	0.000000036607
15	73628714	76398623	1118	27	0.0001936420	0.000000051951
15	76398624	78516052	1028	27	0.0000536681	0.000000059727
15	78516053	80860977	1947	27	0.0001434613	0.000000058858
15	80860978	84260467	1458	27	0.0001542485	0.000000062268
15	84260468	86652904	1657	27	0.0000743471	0.000000056117
15	86652905	88369942	1450	27	0.0000740724	0.000000062553
15	88369943	90475550	1214	27	0.0002443259	0.000000068294
15	90475551	92164391	1194	27	0.0001347654	0.000000058590
15	92164392	93780901	1342	27	0.0000260431	0.000000061591
15	93780902	94924329	1117	27	-0.0000190384	0.000000060151
15	94924330	96141595	1071	27	0.0000250013	0.000000060009
15	96141596	98030909	1330	27	0.0002717182	0.000000067827
15	98030910	99244058	1074	27	0.0000538655	0.000000063388
15	99244059	100636846	1001	27	0.0001319280	0.000000064328
15	100636847	101552693	655	27	0.0000313276	0.000000058540
15	101552694	102520965	673	27	0.0000035052	0.000000062594
16	60054	1207205	416	27	0.0001761415	0.000000054299
16	1207206	2764828	550	27	0.0001883387	0.000000053147
16	2764829	4001195	425	27	0.0000745364	0.000000044738
16	4001196	5118344	571	27	0.0001244427	0.000000057488
16	5118345	5891579	672	27	0.0001854691	0.000000066337
16	5891580	6893550	1202	27	0.0002329598	0.000000066231
16	6893551	7529120	888	27	0.0003055564	0.000000069245
16	7529121	8338518	998	27	0.0000778845	0.000000062925
16	8338519	9799418	1304	27	0.0000411677	0.000000060557
16	9799419	10426031	737	27	0.0002422907	0.000000055790
16	10426032	11520160	743	27	0.0002009526	0.000000064460
16	11520161	12613097	708	27	0.0004446126	0.000000072034
16	12613098	13154436	619	27	0.0001583938	0.000000050219
16	13154437	14464001	1045	27	0.0000773756	0.000000061221
16	14464002	16154059	413	27	0.0001278260	0.000000039428
16	16154060	17644748	669	27	0.0001166789	0.000000060611
16	17644749	18643606	339	27	0.0003129619	0.000000036432
16	18643607	20150570	883	27	0.0001954218	0.000000057985
16	20150571	22448903	716	27	0.0002092632	0.000000053654
16	22448904	24136874	884	27	0.0002784835	0.000000069047
16	24136875	25986861	1292	27	-0.0000145773	0.000000059104
16	25986862	27445754	1156	27	0.0001152296	0.000000061685
16	27445755	29036612	596	27	-0.0000066730	0.000000035054
16	29036613	31382942	401	27	0.0002463391	0.000000035517
16	31382943	46399472	213	21	0.0001136724	0.000000019006
16	46399473	49007925	584	27	-0.0000128241	0.000000033643
16	49007926	52035822	1910	27	0.0001340138	0.000000063466
16	52035823	53382571	857	27	0.0001467980	0.000000053092
16	53382572	55903773	2364	27	0.0000677332	0.000000050113
16	55903774	57664329	1121	27	0.0012686288	0.000000087283
16	57664330	59045404	922	27	0.0000201055	0.000000053137
16	59045405	60745693	1080	27	0.0000240139	0.000000061219
16	60745694	62229848	786	27	0.0000173325	0.000000042897
16	62229849	63691588	977	27	0.0000624303	0.000000063478
16	63691589	65938565	1693	27	0.0001784281	0.000000065299
16	65938566	68841362	1235	27	0.0001094013	0.000000055361
16	68841363	71054027	589	27	0.0001191978	0.000000048640
16	71054028	72935149	811	27	0.0018609723	0.000000098051
16	72935150	74971502	1233	27	0.0001303236	0.000000062314
16	74971503	75977953	429	27	0.0002953611	0.000000039178
16	75977954	77523677	1370	27	0.0001394642	0.000000062931
16	77523678	78456291	1119	27	0.0000836189	0.000000062155
16	78456292	79134814	934	27	-0.0000173273	0.000000059880
16	79134815	80297373	1311	27	0.0000461520	0.000000060381
16	80297374	81772535	1351	27	0.0000027322	0.000000058623
16	81772536	82747727	982	27	0.0001064092	0.000000062121
16	82747728	83477207	1050	27	0.0001069224	0.000000062077
16	83477208	84445882	1250	27	0.0001735538	0.000000065761
16	84445883	85148684	783	27	0.0000534178	0.000000062417
16	85148685	86156598	821	27	0.0002079023	0.000000068713
16	86156599	86815410	868	27	0.0001415673	0.000000065705
16	86815411	87647348	624	27	0.0002114489	0.000000067085
16	87647349	89041164	575	27	0.0001540129	0.000000065475
16	89041165	90292811	490	27	0.0000481119	0.000000042638
17	56	1172398	456	27	0.0000592670	0.000000055252
17	1172399	1928730	386	27	0.0001033014	0.000000039966
17	1928731	3702311	1047	27	0.0000837962	0.000000063641
17	3702312	4696260	546	27	0.0002251325	0.000000059670
17	4696261	5741333	719	27	0.0002481028	0.000000054384
17	5741334	7317397	1024	27	0.0001317935	0.000000065371
17	7317398	8306424	400	27	0.0004958010	0.000000050950
17	8306425	9965920	1157	27	0.0003877169	0.000000072927
17	9965921	11102814	866	27	0.0000338644	0.000000062285
17	11102815	12534768	971	27	0.0001157907	0.000000064770
17	12534769	13180371	565	27	0.0001418877	0.000000048729
17	13180372	13894636	690	27	0.0000374434	0.000000059063
17	13894637	15019096	1246	27	0.0000191601	0.000000061504
17	15019097	16412341	550	27	0.0000628525	0.000000044890
17	16412342	18856319	945	27	0.0002909271	0.000000066221
17	18856320	21290356	686	27	0.0002315737	0.000000054333
17	21290357	27334243	983	27	0.0007835123	0.000000084557
17	27334244	29786490	718	27	0.0004405691	0.000000046939
17	29786491	31538424	933	27	0.0001075947	0.000000062440
17	31538425	32912797	1537	27	0.0000755802	0.000000061282
17	32912798	34469035	921	27	0.0000974509	0.000000054559
17	34469036	36809343	790	27	0.0000653311	0.000000060700
17	36809344	38877403	798	27	0.0001589701	0.000000048999
17	38877404	39899809	584	27	0.0001199598	0.000000035531
17	39899810	41772086	491	27	0.0002789907	0.000000038075
17	41772087	43056904	514	27	0.0003297011	0.000000041912
17	43056905	45876021	1236	27	0.0008525774	0.000000073769
17	45876022	47517399	861	27	0.0002256759	0.000000055095
17	47517400	49898956	1248	27	0.0000358923	0.000000061168
17	49898957	50719054	589	27	0.0000701240	0.000000032845
17	50719055	51826117	813	27	0.0001674042	0.000000040879
17	51826118	53599431	1189	27	-0.0000218723	0.000000059515
17	53599432	55357540	1139	27	-0.0000336701	0.000000058251
17	55357541	57487511	1088	27	0.0000751600	0.000000059741
17	57487512	59312754	399	27	0.0001472903	0.000000025557
17	59312755	61545588	772	27	0.0001269397	0.000000061168
17	61545589	63148127	489	27	0.0000879967	0.000000035135
17	63148128	64800429	1408	27	0.0002636625	0.000000062467
17	64800430	67858769	1698	27	0.0002317180	0.000000062794
17	67858770	69387816	1498	27	0.0002655076	0.000000056058
17	69387817	72672202	2457	27	0.0000582629	0.000000062925
17	72672203	74375559	625	27	0.0002454389	0.000000059550
17	74375560	76263412	1183	27	0.0002271880	0.000000068385
17	76263413	77298635	703	27	0.0000687352	0.000000063652
17	77298636	78837587	945	27	0.0003589608	0.000000072384
17	78837588	80034407	391	27	0.0000993764	0.000000041753
17	80034408	81194907	718	27	0.0003413264	0.000000047783
18	10644	912485	667	27	0.0002245819	0.000000067480
18	912486	1942910	796	27	0.0000865358	0.000000049692
18	1942911	3891657	1447	27	0.0001199767	0.000000064157
18	3891658	5834179	1493	27	0.0001660389	0.000000066104
18	5834180	7090484	1023	27	0.0000361017	0.000000062317
18	7090485	8498930	1035	27	0.0001012696	0.000000063003
18	8498931	11075912	2230	27	0.0001470192	0.000000064607
18	11075913	11905439	521	27	0.0002459080	0.000000051335
18	11905440	14440798	1291	27	0.0003587568	0.000000070246
18	14440799	19485843	332	22	0.0001414428	0.000000024933
18	19485844	20649471	638	27	0.0001577873	0.000000042844
18	20649472	22996650	1456	27	0.0001396063	0.000000061661
18	22996651	24026190	619	27	0.0002608283	0.000000049031
18	24026191	25927681	1479	27	0.0000366021	0.000000061086
18	25927682	26875586	626	27	0.0000904158	0.000000031927
18	26875587	27866477	689	27	0.0001560474	0.000000037163
18	27866478	30264065	1789	27	0.0000370113	0.000000061168
18	30264066	31780066	844	27	0.0000824305	0.000000040197
18	31780067	33861963	1310	27	0.0001008108	0.000000063914
18	33861964	35075249	884	27	0.0000701499	0.000000060843
18	35075250	36365489	1059	27	0.0001352390	0.000000056273
18	36365490	37684366	799	27	0.0001837166	0.000000042705
18	37684367	39892647	1765	27	0.0001233191	0.000000063798
18	39892648	42922105	2105	27	0.0002126218	0.000000064484
18	42922106	44299245	1179	27	0.0000220323	0.000000060573
18	44299246	45939731	1067	27	0.0000923053	0.000000061839
18	45939732	47730583	1366	27	0.0002894115	0.000000059508
18	47730584	51062184	2434	27	0.0001234250	0.000000063702
18	51062185	51554174	463	21	-0.0000048424	0.000000018288
18	51554175	55213837	2130	27	0.0003519942	0.000000070034
18	55213838	56530219	1056	27	0.0000185957	0.000000060490
18	56530220	57630482	1026	27	0.0001125838	0.000000064034
18	57630483	59020750	1120	27	0.0001293143	0.000000049920
18	59020751	60277714	1159	27	0.0002593708	0.000000068448
18	60277715	61820251	1165	27	0.0001542412	0.000000064570
18	61820252	63463401	1259	27	0.0002526479	0.000000068787
18	63463402	64252800	717	27	0.0000570379	0.000000030854
18	64252801	66125816	1671	27	0.0002926200	0.000000068326
18	66125817	67175819	718	27	-0.0000410515	0.000000045311
18	67175820	68621178	923	27	0.0000942284	0.000000062201
18	68621179	69621617	915	27	0.0001287319	0.000000062791
18	69621618	71038473	1246	27	0.0000006753	0.000000061393
18	71038474	71971461	979	27	0.0000151188	0.000000062885
18	71971462	73526986	1309	27	0.0002593866	0.000000068342
18	73526987	74813814	1089	27	0.0001868611	0.000000066652
18	74813815	75976316	1161	27	0.0001972476	0.000000066548
18	75976317	77149990	921	27	0.0002501126	0.000000069535
18	77149991	78017157	487	27	0.0002986820	0.000000050283
19	80840	610728	125	25	0.0002336056	0.000000027471
19	610729	2098395	435	27	0.0005225621	0.000000087647
19	2098396	3019659	357	27	0.0002696640	0.000000047762
19	3019660	4348966	471	27	0.0001287529	0.000000064987
19	4348967	5811851	591	27	0.0002060257	0.000000070002
19	5811852	6684884	313	27	0.0001166355	0.000000037855
19	6684885	8347512	814	27	0.0001038094	0.000000066024
19	8347513	9238392	379	27	0.0001444316	0.000000031178
19	9238393	11284027	755	27	0.0085996247	0.000000292165
19	11284028	13471126	680	27	0.0004577336	0.000000066611
19	13471127	14486346	325	27	0.0003708856	0.000000043038
19	14486347	15648609	533	27	0.0001245045	0.000000049456
19	15648610	16374415	634	27	0.0001075645	0.000000042788
19	16374416	18409861	813	27	0.0002879422	0.000000070621
19	18409862	19877470	649	27	0.0021397505	0.000000089579
19	19877471	20905756	320	27	0.0002160414	0.000000029662
19	20905757	22732895	828	27	0.0003875911	0.000000051131
19	22732896	23467745	316	18	0.0000633363	0.000000017931
19	23467746	28557892	725	27	0.0002889537	0.000000043209
19	28557893	29790946	1170	27	0.0001278223	0.000000063987
19	29790947	30727953	675	27	0.0001608435	0.000000054191
19	30727954	32746519	1197	27	0.0000748059	0.000000062368
19	32746520	34262951	897	27	0.0001727201	0.000000063128
19	34262952	36469294	1096	27	0.0002073282	0.000000064946
19	36469295	37527032	435	27	0.0000382435	0.000000023739
19	37527033	40170618	1009	27	0.0001430749	0.000000063288
19	40170619	40984600	302	27	0.0001559564	0.000000025964
19	40984601	42131572	452	27	0.0001867820	0.000000043078
19	42131573	43862454	460	27	0.0000025699	0.000000033645
19	43862455	44744107	487	27	0.0005696748	0.000000048998
19	44744108	46102696	620	27	0.0080327126	0.000000272582
19	46102697	47150081	567	27	0.0005748078	0.000000057152
19	47150082	49282226	905	27	0.0003956699	0.000000072631
19	49282227	51532566	916	27	0.0001383689	0.000000068982
19	51532567	52985289	1115	27	0.0001289132	0.000000064444
19	52985290	54602361	900	27	0.0000742023	0.000000071893
19	54602362	55728079	565	27	0.0002402063	0.000000065003
19	55728080	57521334	1058	27	0.0002210463	0.000000071798
19	57521335	59118838	807	27	0.0001952099	0.000000065392
20	60479	697599	400	27	0.0001207954	0.000000044744
20	697600	2469500	1750	27	0.0000162475	0.000000060443
20	2469501	3828412	858	27	0.0002634106	0.000000069438
20	3828413	5477849	1384	27	0.0000390757	0.000000061995
20	5477850	7084072	1475	27	0.0000946594	0.000000063293
20	7084073	8117010	1008	27	0.0002365542	0.000000057600
20	8117011	9730920	1517	27	0.0001980212	0.000000065135
20	9730921	11249535	1495	27	0.0000316182	0.000000057377
20	11249536	12447498	1054	27	0.0002202712	0.000000066452
20	12447499	13689863	1113	27	0.0002166885	0.000000067685
20	13689864	15958358	1990	27	0.0000838748	0.000000062655
20	15958359	17487231	1796	27	0.0001460118	0.000000064063
20	17487232	18972202	1149	27	0.0002953179	0.000000067599
20	18972203	20959709	1738	27	0.0001282745	0.000000064500
20	20959710	22491455	852	27	0.0002212488	0.000000050198
20	22491456	23293789	806	27	0.0004348132	0.000000058863
20	23293790	24717723	1099	27	0.0000334032	0.000000061492
20	24717724	25344230	563	27	0.0002555246	0.000000032645
20	25344231	31614822	1095	27	0.0002665845	0.000000066655
20	31614823	32813440	448	27	0.0001871915	0.000000033768
20	32813441	34960445	732	27	0.0002407429	0.000000035289
20	34960446	36909529	876	27	0.0002025259	0.000000061142
20	36909530	38436760	1059	27	0.0000713312	0.000000061055
20	38436761	39610855	940	27	0.0008952077	0.000000080163
20	39610856	40585688	638	27	0.0009624456	0.000000056399
20	40585689	41615459	1030	27	0.0000153709	0.000000061373
20	41615460	42680175	686	27	0.0002147590	0.000000059832
20	42680176	44839055	1408	27	0.0001569981	0.000000058174
20	44839056	47199979	1888	27	0.0001212989	0.000000063562
20	47199980	49239657	1389	27	0.0003015805	0.000000067696
20	49239658	52472548	2503	27	0.0000942878	0.000000061096
20	52472549	54055265	1277	27	0.0003336997	0.000000069971
20	54055266	56447958	2144	27	0.0001696936	0.000000064908
20	56447959	58406571	1511	27	0.0000566336	0.000000061382
20	58406572	59561723	1035	27	0.0001314078	0.000000066099
20	59561724	61301854	1343	27	0.0001237096	0.000000065708
20	61301855	62190179	487	27	0.0001718545	0.000000053513
20	62190180	62965162	360	27	0.0002686688	0.000000037693
21	9411243	15950981	553	27	0.0000227684	0.000000044342
21	15950982	18053164	1304	27	0.0000452128	0.000000061456
21	18053165	19480374	884	27	0.0003004828	0.000000069808
21	19480375	20962338	1268	27	0.0000493720	0.000000062813
21	20962339	22072763	850	27	0.0002602979	0.000000067623
21	22072764	23362874	1139	27	0.0000685916	0.000000061712
21	23362875	24696230	862	27	0.0001506693	0.000000055579
21	24696231	26469121	1444	27	0.0000804891	0.000000062484
21	26469122	27271018	450	27	0.0003282212	0.000000038734
21	27271019	29125225	1683	27	0.0002344634	0.000000067117
21	29125226	31197024	1459	27	0.0000686461	0.000000061765
21	31197025	32668641	1052	27	0.0001829364	0.000000051071
21	32668642	34376998	1051	27	0.0001099180	0.000000061830
21	34376999	35225464	467	27	0.0001395827	0.000000040763
21	35225465	36524372	1035	27	0.0001341933	0.000000059099
21	36524373	37870778	926	27	0.0001881821	0.000000064045
21	37870779	38711703	579	27	0.0003306424	0.000000046922
21	38711704	40482901	1527	27	0.0000889810	0.000000061049
21	40482902	41389526	888	27	0.0003370914	0.000000066612
21	41389527	43321527	1671	27	-0.0000343678	0.000000058442
21	43321528	44506267	1166	27	0.0000535044	0.000000061720
21	44506268	46177104	975	27	0.0001665567	0.000000062409
21	46177105	47492225	860	27	0.0003099359	0.000000066037
21	47492226	48119751	387	27	0.0003497019	0.000000038996
22	16050408	17674294	363	27	-0.0000370189	0.000000033628
22	17674295	18296087	405	27	0.0001824912	0.000000042719
22	18296088	19912357	919	27	0.0000714485	0.000000066658
22	19912358	22357324	941	27	0.0001241701	0.000000065603
22	22357325	23712646	721	27	0.0000651777	0.000000059488
22	23712647	24984203	626	27	0.0001963679	0.000000049118
22	24984204	26791627	1306	27	0.0002899835	0.000000068165
22	26791628	27834751	1307	27	0.0000894119	0.000000062844
22	27834752	29651798	1004	27	-0.0000059031	0.000000055949
22	29651799	31439917	919	27	0.0001143384	0.000000060056
22	31439918	32664985	563	27	0.0002522778	0.000000043336
22	32664986	34494913	1726	27	0.0000235328	0.000000059982
22	34494914	35530984	1105	27	0.0001806895	0.000000060334
22	35530985	37570268	1529	27	0.0004864618	0.000000074051
22	37570269	39307893	864	27	0.0001875423	0.000000063619
22	39307894	40545796	568	27	-0.0000049431	0.000000049160
22	40545797	42690817	810	27	0.0001408615	0.000000048101
22	42690818	43714199	727	27	0.0000968014	0.000000062531
22	43714200	44995307	1246	27	0.0001982615	0.000000066723
22	44995308	46470494	1097	27	0.0000828226	0.000000064679
22	46470495	47596317	858	27	0.0001775514	0.000000067001
22	47596318	48903702	1512	27	0.0000615399	0.000000061806
22	48903703	49824533	1288	27	0.0002285820	0.000000066757
22	49824534	51243297	680	27	0.0002097405	0.000000063527
