chr	start	end	num_snp	k	local_h2g	var
1	10583	1892606	1536	16	0.0003474927	0.000000259987
1	1892607	3582735	3110	16	0.0001636933	0.000000249439
1	3582736	4380810	1721	16	0.0001073089	0.000000246203
1	4380811	5913892	4086	16	0.0000503297	0.000000242934
1	5913893	7247334	2008	16	0.0001142445	0.000000246601
1	7247335	9365198	3489	16	0.0001950005	0.000000251236
1	9365199	10806983	1615	16	0.0004384836	0.000000265208
1	10806984	11777840	1364	16	0.0004590195	0.000000266387
1	11777841	12779465	1302	16	0.0002360857	0.000000253593
1	12779466	14891510	2943	16	0.0002068494	0.000000251916
1	14891511	16897729	4047	16	0.0000263237	0.000000241556
1	16897730	18662898	2945	16	0.0003114641	0.000000257919
1	18662899	20469148	3575	16	0.0001007367	0.000000245826
1	20469149	21736587	2046	16	0.0000296824	0.000000241749
1	21736588	23086882	2678	16	0.0013449110	0.000000317224
1	23086883	23920589	1027	16	-0.0000196288	0.000000202602
1	23920590	25516844	2470	16	0.0000430973	0.000000242519
1	25516845	27401866	1876	16	0.0003104550	0.000000257861
1	27401867	30161880	3017	16	0.0000700923	0.000000244068
1	30161881	32438684	4300	16	0.0001808858	0.000000250426
1	32438685	34799757	2611	16	0.0003265679	0.000000258786
1	34799758	37549182	2914	16	0.0000801435	0.000000244644
1	37549183	38731846	1837	16	0.0002446515	0.000000254085
1	38731847	40200566	2155	16	0.0002292676	0.000000253202
1	40200567	41975326	2958	16	0.0001621877	0.000000249353
1	41975327	43758456	2564	16	0.0004337960	0.000000264939
1	43758457	44969182	1421	16	0.0002084300	0.000000252006
1	44969183	46899500	2447	16	0.0000336788	0.000000241978
1	46899501	48002575	1616	16	0.0000288029	0.000000241698
1	48002576	48978187	1234	16	-0.0000171745	0.000000239060
1	48978188	49894176	805	16	0.0001145717	0.000000159527
1	49894177	51713725	1393	16	-0.0000464705	0.000000165178
1	51713726	54226261	2523	16	0.0000274214	0.000000241619
1	54226262	56413116	3803	16	-0.0000430139	0.000000237577
1	56413117	57021727	1078	16	0.0002086121	0.000000184409
1	57021728	58865398	3381	16	0.0000825937	0.000000244785
1	58865399	59890408	1810	16	0.0001660602	0.000000249575
1	59890409	61922364	2549	16	0.0000402998	0.000000242358
1	61922365	63455088	2357	16	-0.0000186506	0.000000238975
1	63455089	65041703	3055	16	0.0000227637	0.000000241352
1	65041704	66939403	2993	16	0.0000684032	0.000000243971
1	66939404	68477894	2946	16	0.0001681628	0.000000249696
1	68477895	69687615	1824	16	0.0009828652	0.000000296448
1	69687616	71372469	2818	16	-0.0000583014	0.000000236700
1	71372470	71684404	521	16	0.0000050757	0.000000059820
1	71684405	74326906	3277	16	0.0000431556	0.000000242522
1	74326907	76728134	3779	16	0.0001470732	0.000000248485
1	76728135	79661197	4682	16	0.0000804786	0.000000244664
1	79661198	81354190	3060	16	0.0001921428	0.000000251072
1	81354191	83991747	5125	16	0.0001056589	0.000000246109
1	83991748	84844494	1234	16	0.0001560435	0.000000208352
1	84844495	86454750	2808	16	0.0001140742	0.000000246592
1	86454751	88128630	2912	16	0.0002923076	0.000000256820
1	88128631	90066302	2446	16	0.0003495839	0.000000260107
1	90066303	91886316	2726	16	0.0005707395	0.000000272798
1	91886317	93536458	2487	16	0.0003845614	0.000000262114
1	93536459	94506190	1397	16	0.0002492642	0.000000169751
1	94506191	96150892	2738	16	0.0002223454	0.000000252805
1	96150893	97885248	2799	16	0.0000375890	0.000000242202
1	97885249	99800603	2898	16	0.0000792949	0.000000244596
1	99800604	100826404	1358	16	0.0000473992	0.000000216201
1	100826405	102041015	2103	16	0.0002870177	0.000000256516
1	102041016	102898744	1614	16	0.0000640864	0.000000195609
1	102898745	103914210	1742	16	0.0003230887	0.000000167370
1	103914211	106087841	4014	16	0.0000460295	0.000000242687
1	106087842	108409664	3747	16	0.0003666776	0.000000261088
1	108409665	110303930	2596	16	0.0003349602	0.000000259267
1	110303931	111741736	2443	16	0.0001951620	0.000000251245
1	111741737	113273305	2754	16	0.0001306617	0.000000247543
1	113273306	114873844	2354	16	0.0001448449	0.000000248357
1	114873845	115880592	1397	16	0.0003120731	0.000000257954
1	115880593	118839066	3978	16	0.0000246577	0.000000241460
1	118839067	144977493	2884	16	0.0002148469	0.000000252375
1	144977494	148361252	2221	16	-0.0000438566	0.000000237529
1	148361253	151538880	2068	16	0.0001364575	0.000000247876
1	151538881	153180828	2317	16	0.0001533556	0.000000248846
1	153180829	154770402	2030	16	0.0000131308	0.000000240799
1	154770403	156336132	1217	16	-0.0000522030	0.000000237050
1	156336133	158027411	2609	16	0.0001072104	0.000000246198
1	158027412	159913047	3495	16	0.0001218032	0.000000247035
1	159913048	162346720	3506	16	0.0001874004	0.000000250799
1	162346721	165191701	5172	16	0.0001776307	0.000000250239
1	165191702	166460516	2311	16	0.0002243293	0.000000252919
1	166460517	169086323	4803	16	-0.0000582319	0.000000236704
1	169086324	170557775	2962	16	0.0000230350	0.000000241367
1	170557776	173097906	4257	16	0.0003137330	0.000000258049
1	173097907	175089767	2429	16	0.0000926289	0.000000245361
1	175089768	177433380	3582	16	0.0000127032	0.000000240774
1	177433381	178944308	1986	16	0.0000958945	0.000000245548
1	178944309	178954469	16	2	-0.0000028728	0.000000005019
1	178954470	181144120	4195	16	0.0001711828	0.000000249869
1	181144121	182755355	2640	16	0.0000034709	0.000000240245
1	182755356	184595512	2804	16	0.0001474341	0.000000248506
1	184595513	186810022	2494	16	0.0000478393	0.000000242791
1	186810023	188759944	4688	16	0.0000249038	0.000000241474
1	188759945	189904129	1551	16	0.0001107688	0.000000157285
1	189904130	191868929	3473	16	0.0001537212	0.000000248867
1	191868930	194107441	3316	16	0.0001449320	0.000000248362
1	194107442	196176200	4263	16	0.0000316451	0.000000241861
1	196176201	197311513	1452	16	0.0003651174	0.000000199616
1	197311514	199239883	2446	16	0.0001139731	0.000000246586
1	199239884	200137648	1936	16	0.0000426897	0.000000242495
1	200137649	201589974	2728	16	0.0003379321	0.000000259438
1	201589975	203334733	2373	16	0.0001156158	0.000000246680
1	203334734	204681067	2186	16	0.0002720875	0.000000255659
1	204681068	206073264	2070	16	0.0002151753	0.000000252393
1	206073265	208410363	2529	16	0.0000024418	0.000000240185
1	208410364	210787749	3801	16	0.0000929206	0.000000245378
1	210787750	212842329	3474	16	0.0003004154	0.000000257285
1	212842330	214578265	2436	16	0.0000214820	0.000000241278
1	214578266	216243633	2739	16	-0.0001266383	0.000000232778
1	216243634	218705512	4524	16	-0.0000122889	0.000000239340
1	218705513	219590570	1748	16	0.0001638291	0.000000233849
1	219590571	221858230	3579	16	0.0004141805	0.000000263814
1	221858231	222230219	665	16	0.0000528973	0.000000142940
1	222230220	224938519	3866	16	0.0000310896	0.000000241829
1	224938520	226810859	2704	16	0.0000721401	0.000000244185
1	226810860	229156247	4034	16	0.0000442628	0.000000242585
1	229156248	230685254	2327	16	0.0000992806	0.000000245743
1	230685255	232090251	2548	16	-0.0000373925	0.000000237900
1	232090252	233429283	2586	16	0.0000782415	0.000000244535
1	233429284	234599433	2528	16	-0.0000040358	0.000000239814
1	234599434	235819435	2067	16	0.0001047171	0.000000246055
1	235819436	237555627	3525	16	0.0004610718	0.000000266504
1	237555628	238567806	2063	16	0.0001153275	0.000000246664
1	238567807	239925313	2625	16	0.0000305725	0.000000241800
1	239925314	240564090	1614	16	0.0000564245	0.000000243283
1	240564091	241582219	2122	16	0.0002238994	0.000000252894
1	241582220	242071601	953	16	0.0002013203	0.000000233241
1	242071602	244109498	3808	16	-0.0000920523	0.000000234763
1	244109499	245506745	2720	16	0.0000656032	0.000000243810
1	245506746	247344517	4533	16	0.0001109492	0.000000246412
1	247344518	249239465	3596	16	0.0000922253	0.000000245338
2	10133	1781021	4411	16	-0.0000069057	0.000000239649
2	1781022	3973778	4831	16	0.0000307820	0.000000241812
2	3973779	5708336	3383	16	0.0002273729	0.000000253093
2	5708337	6836253	2623	16	0.0000219479	0.000000241305
2	6836254	8422146	2674	16	0.0001214880	0.000000247017
2	8422147	10298468	3500	16	0.0000399112	0.000000242336
2	10298469	12419149	5003	16	0.0002691154	0.000000255489
2	12419150	14335307	3730	16	0.0003205896	0.000000258443
2	14335308	16329734	3673	16	0.0003112483	0.000000257907
2	16329735	18647422	4063	16	-0.0000254085	0.000000238587
2	18647423	19692403	1692	16	0.0001595126	0.000000249199
2	19692404	21050489	2752	16	0.0003270383	0.000000258813
2	21050490	23341382	2617	16	0.0001245512	0.000000247193
2	23341383	24686917	2168	16	-0.0000199441	0.000000238901
2	24686918	26894984	2661	16	0.0001957421	0.000000251278
2	26894985	28598776	1336	16	0.0001734821	0.000000250001
2	28598777	29217558	1000	16	0.0004388423	0.000000245753
2	29217559	30463710	2290	16	0.0001467441	0.000000248466
2	30463711	31550449	2320	16	-0.0000583906	0.000000236695
2	31550450	33363776	2314	16	0.0002610811	0.000000255028
2	33363777	35345027	4628	16	0.0002775082	0.000000255970
2	35345028	36122005	2250	16	0.0000020413	0.000000239601
2	36122006	38132711	4109	16	0.0002485634	0.000000254309
2	38132712	39031336	1602	16	0.0004276446	0.000000264586
2	39031337	40281482	1411	16	0.0002711031	0.000000255603
2	40281483	43309589	6142	16	0.0002844436	0.000000256368
2	43309590	44313802	1630	16	0.0003505839	0.000000260164
2	44313803	46482633	4261	16	-0.0000218393	0.000000238792
2	46482634	47318771	1625	16	0.0000658965	0.000000243827
2	47318772	48213000	1598	16	0.0001076890	0.000000246225
2	48213001	50022256	3611	16	-0.0000587159	0.000000236676
2	50022257	50818927	1692	16	0.0001816962	0.000000250472
2	50818928	52491132	3017	16	0.0000062931	0.000000240406
2	52491133	53508451	2544	16	-0.0000246679	0.000000238630
2	53508452	54685225	2136	16	0.0004845727	0.000000267853
2	54685226	56203344	2707	16	0.0003191411	0.000000258360
2	56203345	57429099	2196	16	0.0001855381	0.000000250693
2	57429100	58297314	1888	16	0.0001787778	0.000000229200
2	58297315	60291999	2788	16	-0.0000399918	0.000000237750
2	60292000	62429043	2614	16	0.0000424152	0.000000242479
2	62429044	64625912	2762	16	0.0001138806	0.000000246580
2	64625913	65933443	2148	16	0.0000471454	0.000000242751
2	65933444	67226165	2049	16	0.0000807225	0.000000244678
2	67226166	68010175	1810	16	0.0000027942	0.000000240206
2	68010176	69139563	2122	16	0.0005211313	0.000000269951
2	69139564	70755197	2245	16	0.0003631593	0.000000260886
2	70755198	73174847	3749	16	0.0000559454	0.000000243256
2	73174848	75630085	3244	16	0.0000032096	0.000000240230
2	75630086	76913660	2634	16	0.0000341269	0.000000242004
2	76913661	78079263	2622	16	0.0001459001	0.000000248418
2	78079264	80050402	4118	16	0.0000937521	0.000000245425
2	80050403	81620840	2478	16	0.0002497611	0.000000254378
2	81620841	85140679	6260	16	0.0000881548	0.000000245104
2	85140680	88038506	3417	16	0.0000674037	0.000000243913
2	88038507	89154525	1163	16	0.0001894337	0.000000218897
2	89154526	95326451	484	16	-0.0001163571	0.000000130314
2	95326452	98995200	2515	16	0.0001492376	0.000000248609
2	98995201	101822328	4125	16	0.0001734375	0.000000249998
2	101822329	102688764	1429	16	0.0000724270	0.000000236930
2	102688765	103588214	1692	16	0.0002106543	0.000000239300
2	103588215	105125033	1628	16	-0.0000438827	0.000000237527
2	105125034	106210057	1953	16	0.0000795530	0.000000244611
2	106210058	107408266	2455	16	0.0000196104	0.000000241171
2	107408267	108429176	1990	16	0.0001889273	0.000000250887
2	108429177	110572431	2959	16	0.0000427159	0.000000242497
2	110572432	113921855	3566	16	-0.0000330243	0.000000238150
2	113921856	116772469	4283	16	0.0002804813	0.000000256141
2	116772470	118367465	2691	16	0.0000228728	0.000000241358
2	118367466	121303782	4743	16	0.0004083444	0.000000263479
2	121303783	123302905	2943	16	0.0002028452	0.000000251686
2	123302906	124732249	2962	16	0.0001877759	0.000000250821
2	124732250	125840920	2064	16	0.0002116104	0.000000252189
2	125840921	127373763	3163	16	-0.0000441232	0.000000237513
2	127373764	128034346	1537	16	-0.0001267203	0.000000232773
2	128034347	129474440	2389	16	0.0003770994	0.000000261686
2	129474441	130067169	1252	16	0.0002469387	0.000000192862
2	130067170	130658084	1047	16	0.0000172998	0.000000155502
2	130658085	133042783	3171	16	0.0001448751	0.000000248359
2	133042784	135158577	3667	16	0.0001571180	0.000000249062
2	135158578	137042793	1975	16	0.0001344739	0.000000247762
2	137042794	138698116	3214	16	-0.0000160640	0.000000239123
2	138698117	140100270	2306	16	-0.0000127159	0.000000239316
2	140100271	141805350	3417	16	0.0000099820	0.000000240618
2	141805351	142518601	1731	16	0.0001386330	0.000000247439
2	142518602	144519483	3255	16	0.0002180611	0.000000252559
2	144519484	146445569	1726	16	0.0006345557	0.000000276460
2	146445570	147277161	839	16	-0.0001010179	0.000000123784
2	147277162	150210291	3437	16	0.0002332833	0.000000253433
2	150210292	151731461	2285	16	0.0002283758	0.000000253151
2	151731462	152486781	1345	16	0.0000657552	0.000000195173
2	152486782	154005055	2369	16	0.0001232920	0.000000247121
2	154005056	155391134	2760	16	-0.0000062068	0.000000239689
2	155391135	157560634	3044	16	-0.0000352844	0.000000238020
2	157560635	158533217	731	16	0.0001560697	0.000000168516
2	158533218	159577081	1866	16	0.0001237879	0.000000247149
2	159577082	161769732	3890	16	0.0000352290	0.000000242067
2	161769733	163503550	1673	16	0.0000977521	0.000000245655
2	163503551	164466637	1249	16	-0.0000112463	0.000000181782
2	164466638	165178839	811	16	0.0002225460	0.000000148628
2	165178840	167160269	2849	16	0.0007039411	0.000000280442
2	167160270	167355969	372	16	0.0003861840	0.000000079185
2	167355970	169968235	4222	16	0.0002423761	0.000000253954
2	169968236	171226244	2571	16	0.0000568326	0.000000243307
2	171226245	173138904	3108	16	0.0000933347	0.000000245401
2	173138905	175588928	4055	16	0.0001199556	0.000000246929
2	175588929	177363635	2594	16	0.0002499802	0.000000254391
2	177363636	178553182	1946	16	0.0001399860	0.000000248079
2	178553183	181312738	4768	16	-0.0000035190	0.000000239843
2	181312739	182266030	1801	16	0.0001168281	0.000000236139
2	182266031	184357607	3156	16	0.0002389455	0.000000253757
2	184357608	185280172	2012	16	-0.0000093749	0.000000211314
2	185280173	189882064	6196	16	0.0000585695	0.000000243406
2	189882065	191973356	2538	16	0.0002244073	0.000000252923
2	191973357	195861163	4097	16	0.0000067218	0.000000240431
2	195861164	196447455	811	16	0.0001150323	0.000000127290
2	196447456	198078109	2058	16	0.0001202095	0.000000246944
2	198078110	199311124	1387	16	0.0003808701	0.000000222294
2	199311125	201576283	2473	16	0.0001855351	0.000000250692
2	201576284	202818636	1280	16	0.0003489082	0.000000260068
2	202818637	205799240	3346	16	0.0001116830	0.000000246454
2	205799241	206735703	1417	16	0.0001180161	0.000000246818
2	206735704	208645398	3120	16	0.0002354291	0.000000253556
2	208645399	209941528	1953	16	-0.0000276272	0.000000238460
2	209941529	212379517	4233	16	0.0000304262	0.000000241791
2	212379518	214014281	3426	16	-0.0000021451	0.000000239922
2	214014282	215573794	2520	16	0.0001345165	0.000000247765
2	215573795	217715660	3409	16	0.0000666188	0.000000243868
2	217715661	218395479	1193	16	0.0003190289	0.000000258353
2	218395480	220454550	2079	16	0.0001323532	0.000000247641
2	220454551	222521175	3953	16	0.0000316616	0.000000241862
2	222521176	224859418	3942	16	0.0000990244	0.000000245728
2	224859419	225840003	1745	16	0.0003112395	0.000000257906
2	225840004	228119841	3709	16	0.0000824415	0.000000244776
2	228119842	229370786	2999	16	0.0000064581	0.000000240416
2	229370787	231843388	4748	16	0.0001139761	0.000000246586
2	231843389	233550002	2602	16	0.0003313808	0.000000259062
2	233550003	235150986	2862	16	0.0000527755	0.000000243074
2	235150987	236043549	2247	16	-0.0000074721	0.000000239617
2	236043550	237449031	2567	16	0.0000065611	0.000000240422
2	237449032	238760980	2722	16	0.0002930137	0.000000256860
2	238760981	239952642	2602	16	0.0001089927	0.000000246300
2	239952643	241560083	4000	16	0.0005016496	0.000000268833
2	241560084	242149920	1218	16	0.0001346656	0.000000247773
2	242149921	243188919	1904	16	0.0002068580	0.000000251916
3	60157	1441778	3034	16	-0.0000525560	0.000000237029
3	1441779	2992119	4812	16	0.0000511030	0.000000242978
3	2992120	4431646	3504	16	0.0002232624	0.000000252857
3	4431647	6083182	3790	16	-0.0000002483	0.000000240031
3	6083183	7083386	2364	16	0.0000747609	0.000000244336
3	7083387	8648560	3926	16	0.0002972012	0.000000257101
3	8648561	9543182	1806	16	-0.0001129814	0.000000233562
3	9543183	11019664	2425	16	0.0001143416	0.000000246607
3	11019665	13070798	3366	16	0.0008030310	0.000000286128
3	13070799	14816899	3598	16	0.0001188430	0.000000246865
3	14816900	16282441	2286	16	-0.0001025892	0.000000234158
3	16282442	17891117	2388	16	-0.0000049093	0.000000239764
3	17891118	19125143	1864	16	0.0000153049	0.000000240924
3	19125144	20091347	1093	16	0.0004574439	0.000000224526
3	20091348	21643706	3687	16	0.0001357094	0.000000247833
3	21643707	22204243	2073	16	0.0001197275	0.000000246916
3	22204244	23804864	3264	16	0.0000958919	0.000000245548
3	23804865	25461557	3382	16	-0.0000034471	0.000000239848
3	25461558	26877768	2312	16	0.0001849763	0.000000250660
3	26877769	27840909	1734	16	0.0002967590	0.000000257075
3	27840910	29142259	2112	16	0.0002476484	0.000000254257
3	29142260	30717954	3406	16	0.0002261763	0.000000253025
3	30717955	32351714	2915	16	0.0000095886	0.000000240596
3	32351715	33255591	1655	16	0.0002102857	0.000000251551
3	33255592	35283457	3266	16	0.0001575149	0.000000249084
3	35283458	36486841	1972	16	0.0001501048	0.000000248098
3	36486842	38356115	2327	16	0.0004051599	0.000000263296
3	38356116	40221297	3008	16	0.0001960182	0.000000251294
3	40221298	41064527	686	16	0.0003565960	0.000000151809
3	41064528	42540001	2828	16	0.0010710049	0.000000301506
3	42540002	45165152	2944	16	-0.0001275764	0.000000232724
3	45165153	46657499	2894	16	0.0002989654	0.000000257202
3	46657500	47727211	827	16	0.0001540224	0.000000163301
3	47727212	49316971	869	16	0.0002323528	0.000000134938
3	49316972	51832014	1952	16	0.0003595872	0.000000253401
3	51832015	54081389	2253	16	0.0001585045	0.000000249141
3	54081390	55348859	2469	16	0.0004324362	0.000000264861
3	55348860	56433906	1713	16	0.0001060034	0.000000246128
3	56433907	58157518	2703	16	0.0001311047	0.000000247569
3	58157519	60272905	4202	16	0.0001444444	0.000000248334
3	60272906	62355665	4300	16	0.0001988622	0.000000251457
3	62355666	63669285	2763	16	-0.0000819074	0.000000235345
3	63669286	65273537	3004	16	0.0001662483	0.000000249586
3	65273538	66270446	1772	16	0.0001175465	0.000000246791
3	66270447	68286913	3564	16	0.0002045938	0.000000251786
3	68286914	69276761	1654	16	0.0002000942	0.000000251528
3	69276762	70449027	2185	16	-0.0000417754	0.000000237648
3	70449028	72529328	3218	16	-0.0000224727	0.000000238756
3	72529329	74321816	3211	16	0.0003533562	0.000000260323
3	74321817	75704948	2567	16	0.0003470398	0.000000259961
3	75704949	77508834	3000	16	-0.0000432618	0.000000237563
3	77508835	79024540	2111	16	0.0002019655	0.000000251635
3	79024541	81427309	3631	16	0.0003053083	0.000000257566
3	81427310	82643885	1718	16	0.0000588094	0.000000211417
3	82643886	84367478	2524	16	-0.0001058837	0.000000233969
3	84367479	85582230	2184	16	0.0000706055	0.000000235712
3	85582231	87409731	3002	16	-0.0000010979	0.000000239982
3	87409732	88298372	1611	16	0.0002513760	0.000000174466
3	88298373	94255315	3740	16	0.0002006347	0.000000251559
3	94255316	95311970	2057	16	-0.0000169015	0.000000198455
3	95311971	98215949	4405	16	-0.0000132386	0.000000239286
3	98215950	99373761	2202	16	0.0001813924	0.000000250455
3	99373762	100592216	1338	16	0.0000395120	0.000000206527
3	100592217	103084959	4283	16	0.0002315034	0.000000253330
3	103084960	104581612	3475	16	0.0002237643	0.000000252886
3	104581613	106982810	4404	16	-0.0000014482	0.000000239962
3	106982811	109522394	4022	16	0.0000582437	0.000000243388
3	109522395	110513769	1873	16	0.0001792046	0.000000199536
3	110513770	112815698	3666	16	-0.0000305576	0.000000238292
3	112815699	113947862	1554	16	0.0001283346	0.000000247410
3	113947863	115447079	1664	16	0.0002485955	0.000000254311
3	115447080	116800152	2540	16	0.0003871810	0.000000262264
3	116800153	118530250	2978	16	-0.0000116920	0.000000239374
3	118530251	120523054	3232	16	0.0001237149	0.000000247145
3	120523055	121974096	2364	16	0.0003155442	0.000000258153
3	121974097	123517767	2205	16	0.0002316656	0.000000253340
3	123517768	124936641	2535	16	0.0000470183	0.000000242744
3	124936642	126214942	3195	16	-0.0000072976	0.000000239627
3	126214943	128194860	2958	16	0.0000287813	0.000000241697
3	128194861	130244734	3020	16	0.0000664619	0.000000243859
3	130244735	131836515	2756	16	0.0000271627	0.000000241604
3	131836516	133252172	2831	16	-0.0001392391	0.000000232055
3	133252173	135456905	3534	16	0.0002882812	0.000000256589
3	135456906	137371082	2501	16	0.0002202402	0.000000252684
3	137371083	139954596	3624	16	0.0001000745	0.000000245788
3	139954597	141339096	2009	16	0.0001851698	0.000000250671
3	141339097	143164627	3061	16	0.0001281869	0.000000247401
3	143164628	144410815	1938	16	0.0000766954	0.000000244447
3	144410816	145664618	2739	16	0.0001003047	0.000000245801
3	145664619	146726628	2071	16	-0.0000050332	0.000000239756
3	146726629	149043236	3755	16	0.0001746990	0.000000250071
3	149043237	150252003	2046	16	0.0001543233	0.000000248901
3	150252004	151348729	1583	16	0.0000001849	0.000000240056
3	151348730	153256570	3410	16	0.0001078753	0.000000246236
3	153256571	154714217	2681	16	0.0002163768	0.000000252462
3	154714218	156008699	1871	16	0.0000859437	0.000000244977
3	156008700	157312027	2010	16	0.0007452765	0.000000282814
3	157312028	159477889	3648	16	0.0001033157	0.000000245974
3	159477890	161524503	2879	16	0.0000722623	0.000000244192
3	161524504	163253204	4786	16	0.0001865297	0.000000250750
3	163253205	165055468	3506	16	0.0006306846	0.000000276238
3	165055469	167117428	3709	16	0.0002368517	0.000000253637
3	167117429	168580959	1977	16	0.0000550067	0.000000243202
3	168580960	170964908	3366	16	0.0002966837	0.000000257071
3	170964909	172295730	2404	16	0.0000418700	0.000000242448
3	172295731	173477284	1802	16	0.0002445151	0.000000254077
3	173477285	175116538	3292	16	-0.0000727801	0.000000235869
3	175116539	176320286	2236	16	0.0000746091	0.000000244327
3	176320287	178107164	3121	16	0.0000565159	0.000000243289
3	178107165	179374585	2193	16	0.0000709643	0.000000244118
3	179374586	181511165	2548	16	0.0004481814	0.000000265765
3	181511166	183769682	3312	16	0.0001707412	0.000000249843
3	183769683	185068254	2057	16	0.0002477698	0.000000254264
3	185068255	186890343	2871	16	0.0002312029	0.000000253313
3	186890344	188856213	3154	16	-0.0000336726	0.000000238113
3	188856214	190226606	3239	16	0.0001040872	0.000000246018
3	190226607	192343813	4585	16	0.0003051740	0.000000257558
3	192343814	194059670	3356	16	0.0000752157	0.000000244362
3	194059671	194786673	2201	16	0.0001166822	0.000000246741
3	194786674	195971407	2278	16	0.0002612740	0.000000255039
3	195971408	197075986	2010	16	0.0000237088	0.000000241406
3	197075987	197946621	1460	16	-0.0000329006	0.000000238157
4	10240	694714	811	16	0.0002176113	0.000000161356
4	694715	1478710	1482	16	0.0003752718	0.000000261581
4	1478711	2842978	2158	16	0.0000247177	0.000000241464
4	2842979	3846039	1736	16	-0.0000066809	0.000000239662
4	3846040	4684115	2710	16	0.0000173208	0.000000241039
4	4684116	5502387	1923	16	0.0001135689	0.000000246563
4	5502388	6773042	3007	16	0.0000834841	0.000000244836
4	6773043	7539691	2179	16	0.0000414467	0.000000242424
4	7539692	8152234	1671	16	0.0002435299	0.000000254021
4	8152235	9326478	2493	16	0.0000837089	0.000000244849
4	9326479	10699151	3444	16	0.0000399126	0.000000242336
4	10699152	12323033	3723	16	-0.0000239267	0.000000238672
4	12323034	14272000	3869	16	0.0002858408	0.000000256449
4	14272001	15147445	1719	16	0.0003722505	0.000000261407
4	15147446	15927008	1268	16	-0.0000248803	0.000000231905
4	15927009	17383321	2828	16	0.0000375329	0.000000242199
4	17383322	18841873	2430	16	0.0000874146	0.000000245062
4	18841874	20544556	3522	16	0.0000100113	0.000000240620
4	20544557	22319346	3570	16	0.0000547046	0.000000243185
4	22319347	24135528	3092	16	0.0001060913	0.000000246133
4	24135529	25609321	2614	16	0.0000991022	0.000000245732
4	25609322	27343721	2525	16	0.0002737480	0.000000255755
4	27343722	27965867	1247	16	0.0002134292	0.000000217563
4	27965868	29762207	3971	16	-0.0000404266	0.000000237725
4	29762208	30454534	1115	16	0.0004249941	0.000000178757
4	30454535	31782980	2672	16	0.0000680296	0.000000243949
4	31782981	33172765	3161	16	0.0002017037	0.000000251620
4	33172766	35151414	2940	16	0.0001621370	0.000000249350
4	35151415	36020435	2329	16	0.0002370324	0.000000253648
4	36020436	37255046	2922	16	0.0001507040	0.000000248694
4	37255047	38907021	3752	16	0.0002899780	0.000000256686
4	38907022	40202608	2397	16	0.0003294295	0.000000258950
4	40202609	42213057	3767	16	-0.0000505747	0.000000237143
4	42213058	43965044	3398	16	0.0002186334	0.000000252592
4	43965045	45189156	2539	16	0.0000281475	0.000000241661
4	45189157	47411895	2942	16	-0.0000788203	0.000000235522
4	47411896	48123599	1199	16	0.0003223309	0.000000183654
4	48123600	53877432	2701	16	0.0003638809	0.000000260927
4	53877433	55429555	2555	16	0.0000898180	0.000000245200
4	55429556	56547643	2117	16	0.0001646855	0.000000249496
4	56547644	58935007	5036	16	0.0000890446	0.000000245155
4	58935008	60741086	4063	16	0.0004854465	0.000000267903
4	60741087	62371762	3353	16	0.0001880101	0.000000250834
4	62371763	64341000	3695	16	-0.0000945571	0.000000234619
4	64341001	66600491	4317	16	0.0000282322	0.000000241665
4	66600492	68059496	2699	16	0.0002007386	0.000000251565
4	68059497	68854764	1485	16	0.0000562240	0.000000194628
4	68854765	71049151	5328	16	0.0000002946	0.000000240062
4	71049152	72140557	1812	16	0.0000869014	0.000000219555
4	72140558	74592389	3269	16	0.0003353479	0.000000259290
4	74592390	77130706	4367	16	0.0002338240	0.000000253464
4	77130707	79093978	3791	16	0.0002209545	0.000000252725
4	79093979	80990296	3050	16	0.0002873977	0.000000256538
4	80990297	82125314	1323	16	-0.0000577073	0.000000174408
4	82125315	83372592	2102	16	0.0000038107	0.000000240264
4	83372593	84799655	2614	16	0.0000022686	0.000000240176
4	84799656	86930608	3423	16	0.0001084238	0.000000246267
4	86930609	87534647	704	16	0.0001214858	0.000000104726
4	87534648	89238027	2916	16	0.0007828928	0.000000284972
4	89238028	90231563	1685	16	0.0002388850	0.000000253754
4	90231564	91560676	2000	16	0.0001076661	0.000000246224
4	91560677	94233298	3747	16	0.0001849979	0.000000250662
4	94233299	96182187	3255	16	0.0000677933	0.000000243936
4	96182188	97540702	2801	16	0.0000612222	0.000000243559
4	97540703	99424066	3232	16	0.0001499613	0.000000248651
4	99424067	100678359	2169	16	-0.0001170638	0.000000233327
4	100678360	103221355	4492	16	0.0001073859	0.000000246208
4	103221356	105305293	2965	16	0.0000232791	0.000000241381
4	105305294	107501304	3091	16	0.0002061027	0.000000251873
4	107501305	108815347	1865	16	0.0002520368	0.000000254509
4	108815348	111256566	4076	16	0.0001153299	0.000000246664
4	111256567	113870101	3818	16	0.0002672815	0.000000255384
4	113870102	115666245	3234	16	0.0000676983	0.000000243930
4	115666246	117276928	2898	16	0.0000736056	0.000000244269
4	117276929	118479917	2442	16	0.0003279932	0.000000258868
4	118479918	119933511	2822	16	0.0001066470	0.000000246165
4	119933512	120392683	1191	16	0.0002402247	0.000000175368
4	120392684	122657986	4720	16	0.0002827853	0.000000256273
4	122657987	124286480	2282	16	0.0001336787	0.000000247717
4	124286481	125210861	1714	16	0.0000461780	0.000000242695
4	125210862	126480885	2386	16	0.0002150608	0.000000252387
4	126480886	127275476	1738	16	-0.0001172151	0.000000233319
4	127275477	127830292	1162	16	0.0001255185	0.000000177586
4	127830293	128996664	1002	16	0.0001349907	0.000000165780
4	128996665	130591884	2417	16	0.0001684773	0.000000249714
4	130591885	131283820	1150	16	0.0002038977	0.000000181544
4	131283821	132954032	3124	16	0.0002150417	0.000000252386
4	132954033	134628433	3385	16	0.0003807957	0.000000261898
4	134628434	136566406	3484	16	0.0003421590	0.000000259680
4	136566407	138541970	4230	16	0.0001353127	0.000000247810
4	138541971	139556510	1994	16	0.0000610922	0.000000243551
4	139556511	141084630	2426	16	0.0003369681	0.000000259383
4	141084631	143443264	3774	16	0.0002131162	0.000000252275
4	143443265	146178186	3684	16	0.0001262163	0.000000247288
4	146178187	148521872	3356	16	0.0000515057	0.000000243001
4	148521873	150683579	2856	16	-0.0000469660	0.000000237350
4	150683580	152782183	2585	16	0.0003188993	0.000000258346
4	152782184	154477640	2436	16	0.0000620618	0.000000243607
4	154477641	155056125	1193	16	0.0001486408	0.000000223638
4	155056126	157485096	4630	16	0.0000619902	0.000000243603
4	157485097	158743717	2104	16	0.0001397085	0.000000248063
4	158743718	161058863	3433	16	0.0000676422	0.000000243927
4	161058864	161826434	1884	16	0.0002046738	0.000000251791
4	161826435	163243678	3837	16	-0.0000227894	0.000000238738
4	163243679	164478233	2139	16	0.0000610321	0.000000243548
4	164478234	165823447	2953	16	0.0001549031	0.000000248935
4	165823448	167018857	2369	16	0.0000091168	0.000000240568
4	167018858	167852916	1693	16	-0.0000564728	0.000000202111
4	167852917	169676824	3326	16	0.0000048730	0.000000240325
4	169676825	170776509	1589	16	0.0001289102	0.000000247443
4	170776510	172558634	3092	16	0.0001825813	0.000000250523
4	172558635	174264131	2199	16	0.0002395157	0.000000253790
4	174264132	176570715	3916	16	0.0000519723	0.000000243028
4	176570716	178991909	4870	16	0.0000086852	0.000000240544
4	178991910	180122042	2333	16	-0.0000252670	0.000000238595
4	180122043	182066806	4967	16	0.0002677019	0.000000255408
4	182066807	183371274	3377	16	0.0001329496	0.000000247675
4	183371275	184929454	3607	16	0.0000626841	0.000000243643
4	184929455	186909089	4786	16	0.0001100959	0.000000246363
4	186909090	188472980	3462	16	0.0002427281	0.000000253975
4	188472981	189693510	3794	16	0.0002949815	0.000000256973
4	189693511	191043593	3215	16	0.0000206432	0.000000241230
5	11940	982251	2058	16	0.0000984945	0.000000245698
5	982252	2132441	2983	16	0.0001218988	0.000000247041
5	2132442	3361940	3754	16	-0.0001261468	0.000000232806
5	3361941	4632109	2716	16	-0.0000276825	0.000000238457
5	4632110	5973232	3009	16	0.0001205751	0.000000246965
5	5973233	7143217	2645	16	0.0000165829	0.000000240997
5	7143218	8446335	2948	16	-0.0001072963	0.000000233888
5	8446336	9718831	2876	16	-0.0000719045	0.000000235919
5	9718832	11173270	3019	16	0.0004698220	0.000000267007
5	11173271	13464831	3409	16	0.0001064942	0.000000246157
5	13464832	14757803	2235	16	0.0001599421	0.000000249224
5	14757804	16963612	3108	16	0.0003883413	0.000000262331
5	16963613	18051591	1663	16	0.0000786957	0.000000244561
5	18051592	19917715	3869	16	0.0002275484	0.000000253103
5	19917716	22152072	3188	16	0.0000979792	0.000000245668
5	22152073	23494323	2299	16	0.0001540826	0.000000248888
5	23494324	26184850	5319	16	0.0002445165	0.000000254077
5	26184851	26857603	1338	16	0.0000401600	0.000000181046
5	26857604	27984512	1909	16	-0.0000274852	0.000000238468
5	27984513	29714819	3556	16	-0.0000208607	0.000000238848
5	29714820	31390248	3358	16	-0.0000838607	0.000000235233
5	31390249	33500179	3827	16	0.0002149905	0.000000252383
5	33500180	35048969	2809	16	0.0000546245	0.000000243180
5	35048970	36433953	2150	16	0.0005062792	0.000000269099
5	36433954	38802409	3484	16	0.0005525561	0.000000271754
5	38802410	40287728	2678	16	0.0001481431	0.000000248547
5	40287729	41888709	3020	16	0.0000336993	0.000000241979
5	41888710	43983498	2683	16	0.0000599285	0.000000243484
5	43983499	50163397	4390	16	0.0000557919	0.000000243247
5	50163398	52134621	3302	16	0.0001780527	0.000000250263
5	52134622	53703043	3216	16	0.0003824496	0.000000261993
5	53703044	55417348	3081	16	0.0000263251	0.000000241556
5	55417349	56621101	2111	16	0.0001024404	0.000000245924
5	56621102	57340072	1244	16	0.0002015848	0.000000200286
5	57340073	58524621	2715	16	0.0001339876	0.000000247734
5	58524622	60935906	3133	16	0.0000085738	0.000000240537
5	60935907	61672994	991	16	0.0004285470	0.000000193855
5	61672995	63218986	2779	16	0.0002046926	0.000000251792
5	63218987	63968303	924	16	0.0001331052	0.000000136131
5	63968304	65911285	2960	16	0.0001638822	0.000000249450
5	65911286	67850859	3248	16	0.0001022285	0.000000245912
5	67850860	71240455	2243	16	0.0001132235	0.000000246543
5	71240456	73759325	4168	16	0.0002086859	0.000000252021
5	73759326	75798865	3305	16	0.0000846198	0.000000244901
5	75798866	77623331	3053	16	0.0002078590	0.000000251974
5	77623332	79393143	2846	16	0.0004675364	0.000000266875
5	79393144	80481470	2335	16	0.0000415974	0.000000242432
5	80481471	82025647	2086	16	0.0002287541	0.000000253173
5	82025648	83972688	2538	16	-0.0000371023	0.000000237916
5	83972689	85767289	4461	16	0.0000714902	0.000000244148
5	85767290	87389990	1556	16	0.0000755894	0.000000244383
5	87389991	88891529	1287	16	0.0000873304	0.000000224508
5	88891530	90422653	1725	16	0.0001346214	0.000000247771
5	90422654	91840541	1710	16	0.0000430861	0.000000242518
5	91840542	93809983	1612	16	0.0003344884	0.000000259240
5	93809984	95963518	2839	16	0.0000376227	0.000000242204
5	95963519	97315600	2789	16	0.0000370368	0.000000242171
5	97315601	99260991	3648	16	0.0001380296	0.000000247966
5	99260992	101578768	3532	16	0.0002303084	0.000000253262
5	101578769	103320004	2502	16	0.0002073780	0.000000251946
5	103320005	104851482	2631	16	-0.0000859266	0.000000235114
5	104851483	105893054	1373	16	0.0000725830	0.000000222017
5	105893055	107264195	2591	16	0.0000163907	0.000000240986
5	107264196	108633933	2596	16	0.0000767703	0.000000244451
5	108633934	110821143	3432	16	0.0000037729	0.000000240262
5	110821144	111981561	2111	16	0.0000586709	0.000000243412
5	111981562	113396284	2734	16	0.0000041732	0.000000240285
5	113396285	114830369	2979	16	-0.0000992037	0.000000234352
5	114830370	115831046	2184	16	0.0001649529	0.000000249511
5	115831047	117346212	3026	16	-0.0000338085	0.000000238105
5	117346213	118608819	2130	16	-0.0000033374	0.000000239854
5	118608820	119669041	1883	16	0.0001438381	0.000000248300
5	119669042	120452165	1480	16	0.0001486306	0.000000209540
5	120452166	122556904	3776	16	0.0000104200	0.000000240643
5	122556905	123798099	2163	16	0.0001598926	0.000000249221
5	123798100	125785648	4301	16	0.0001566176	0.000000249033
5	125785649	127344603	2118	16	0.0001862026	0.000000250731
5	127344604	129519024	4006	16	0.0000248441	0.000000241471
5	129519025	132139648	2530	16	0.0002809083	0.000000256166
5	132139649	134777400	3595	16	0.0001505434	0.000000248684
5	134777401	136376049	2617	16	0.0006916452	0.000000279736
5	136376050	139265071	2790	16	0.0004275335	0.000000264580
5	139265072	140645970	1412	16	0.0001007158	0.000000228025
5	140645971	142981247	3385	16	0.0002077501	0.000000251967
5	142981248	144943353	3135	16	0.0001560117	0.000000248998
5	144943354	147181997	3341	16	0.0001887529	0.000000250877
5	147181998	148662623	2361	16	0.0000439091	0.000000242565
5	148662624	150561297	2983	16	0.0000391024	0.000000242289
5	150561298	152867773	4325	16	0.0002194930	0.000000252641
5	152867774	153773087	1857	16	0.0001195132	0.000000246904
5	153773088	155373504	2751	16	0.0000182401	0.000000241092
5	155373505	156628699	1757	16	0.0002787565	0.000000256042
5	156628700	158825697	3819	16	0.0000506180	0.000000242950
5	158825698	159973943	2023	16	0.0001764695	0.000000250172
5	159973944	161482132	2566	16	0.0003132975	0.000000258024
5	161482133	162743907	2096	16	0.0001556080	0.000000248975
5	162743908	163771581	2040	16	0.0000898385	0.000000245201
5	163771582	165642394	2998	16	0.0001417837	0.000000248182
5	165642395	166847739	1965	16	0.0000700708	0.000000244066
5	166847740	168525317	2650	16	0.0002029460	0.000000251692
5	168525318	169505663	1744	16	-0.0000289866	0.000000238382
5	169505664	171074291	2751	16	0.0003222066	0.000000258535
5	171074292	172678326	2805	16	0.0001330241	0.000000247679
5	172678327	173642870	2047	16	0.0005471233	0.000000271443
5	173642871	175450594	3540	16	0.0000103224	0.000000240638
5	175450595	177251506	1793	16	0.0001873761	0.000000250798
5	177251507	178413463	2873	16	-0.0000258366	0.000000238563
5	178413464	179401243	1859	16	0.0002428570	0.000000253982
5	179401244	180559932	2651	16	0.0000281068	0.000000241658
5	180559933	180885155	282	16	-0.0000049214	0.000000078568
6	73924	1452361	2905	16	0.0001166910	0.000000246742
6	1452362	2458935	1775	16	0.0000470216	0.000000242744
6	2458936	3573592	2538	16	0.0001156735	0.000000246683
6	3573593	4617816	2487	16	0.0000222921	0.000000241325
6	4617817	5791471	2407	16	0.0001870371	0.000000250779
6	5791472	6785206	2369	16	-0.0000436213	0.000000237542
6	6785207	7808935	2295	16	0.0001089876	0.000000246300
6	7808936	9020025	2712	16	0.0000862712	0.000000244996
6	9020026	10540316	3084	16	0.0000730933	0.000000244240
6	10540317	11790815	2102	16	0.0002930156	0.000000256860
6	11790816	13209387	2269	16	0.0001869907	0.000000250776
6	13209388	14802923	2709	16	0.0001021990	0.000000245910
6	14802924	17386404	4392	16	0.0002398595	0.000000253810
6	17386405	19207486	3551	16	0.0000821603	0.000000244760
6	19207487	21684064	4351	16	0.0000980804	0.000000245674
6	21684065	22748306	2412	16	0.0002842923	0.000000256360
6	22748307	23936618	2689	16	0.0001091314	0.000000246308
6	23936619	24852274	1763	16	0.0000810881	0.000000244699
6	24852275	25684586	1731	16	-0.0000297269	0.000000238339
6	25684587	26791232	1593	16	0.0001569435	0.000000214870
6	26791233	28017818	1656	16	-0.0000149437	0.000000179470
6	28017819	28917607	1444	16	-0.0000521985	0.000000103366
6	28917608	29737970	1871	16	0.0000725427	0.000000184994
6	29737971	30798167	5628	16	-0.0001036924	0.000000234095
6	30798168	31571217	6521	16	0.0001433355	0.000000248271
6	31571218	32682663	9457	16	0.0001610932	0.000000248728
6	32682664	33236496	3299	16	0.0002920989	0.000000256808
6	33236497	35455755	3512	16	0.0001080995	0.000000246249
6	35455756	37572595	3341	16	0.0002511221	0.000000254456
6	37572596	39295676	3369	16	0.0000901095	0.000000245216
6	39295677	40345114	1598	16	0.0001737627	0.000000250017
6	40345115	42038720	2905	16	0.0000609249	0.000000243542
6	42038721	43756168	2001	16	0.0000402311	0.000000242354
6	43756169	45406562	2710	16	0.0003912222	0.000000262496
6	45406563	47311897	2961	16	0.0000329265	0.000000241935
6	47311898	48391124	2031	16	0.0001311504	0.000000245327
6	48391125	50386144	3567	16	0.0002299733	0.000000253243
6	50386145	52210475	2790	16	0.0002020926	0.000000251643
6	52210476	53279101	1978	16	0.0001674037	0.000000249652
6	53279102	55468269	4529	16	0.0004011815	0.000000263068
6	55468270	56105312	1508	16	0.0003506510	0.000000167429
6	56105313	57599464	1750	16	0.0001330534	0.000000247681
6	57599465	61880511	2274	16	0.0002393572	0.000000212046
6	61880512	63552887	3380	16	0.0000000051	0.000000240046
6	63552888	65765741	3554	16	0.0000752706	0.000000244365
6	65765742	67329214	3996	16	0.0001724782	0.000000249943
6	67329215	68849482	4072	16	0.0000927298	0.000000245367
6	68849483	69523447	1728	16	0.0000527893	0.000000182816
6	69523448	71609509	3776	16	0.0000171395	0.000000241029
6	71609510	73450096	3346	16	-0.0000397333	0.000000237765
6	73450097	75462002	3820	16	0.0000858625	0.000000244973
6	75462003	77414880	2581	16	0.0001130200	0.000000246531
6	77414881	78957727	3499	16	0.0000587113	0.000000243415
6	78957728	80691169	3377	16	0.0000846837	0.000000244905
6	80691170	81929221	3017	16	0.0003292943	0.000000258942
6	81929222	83127148	1909	16	0.0004458181	0.000000265629
6	83127149	85209988	2563	16	0.0000837225	0.000000244850
6	85209989	87069499	3744	16	0.0000871438	0.000000245046
6	87069500	88822139	3133	16	0.0000076697	0.000000240485
6	88822140	89973051	2037	16	0.0000394380	0.000000242309
6	89973052	91843195	2968	16	-0.0000429528	0.000000237580
6	91843196	93428643	2610	16	0.0000764243	0.000000244431
6	93428644	94118141	1620	16	-0.0000058533	0.000000230214
6	94118142	94441174	460	16	0.0001261674	0.000000059638
6	94441175	97093510	4251	16	0.0000796248	0.000000244615
6	97093511	97842283	1195	16	0.0000736040	0.000000152137
6	97842284	100630145	4156	16	0.0001125060	0.000000246502
6	100630146	102636771	2718	16	0.0001507932	0.000000248699
6	102636772	103983394	2649	16	0.0001003088	0.000000245802
6	103983395	106056732	3767	16	-0.0000580043	0.000000236717
6	106056733	107450305	2839	16	0.0000822446	0.000000244765
6	107450306	108464379	1440	16	0.0002716109	0.000000255632
6	108464380	110304246	2468	16	0.0004425778	0.000000265443
6	110304247	112345013	3014	16	0.0001039642	0.000000246011
6	112345014	114220832	2843	16	0.0001892610	0.000000250906
6	114220833	116131395	3324	16	0.0001593796	0.000000249191
6	116131396	117672971	2270	16	0.0001790254	0.000000250319
6	117672972	118963114	1684	16	0.0001607943	0.000000232571
6	118963115	119963277	1602	16	0.0003194746	0.000000242772
6	119963278	120512127	1080	16	0.0000753658	0.000000124063
6	120512128	121905675	2655	16	0.0001608986	0.000000249279
6	121905676	123856180	3577	16	0.0001276942	0.000000247373
6	123856181	125424382	2467	16	0.0001461511	0.000000248432
6	125424383	127540460	1994	16	0.0003393473	0.000000259519
6	127540461	129861030	3023	16	0.0001093396	0.000000246320
6	129861031	130935453	2263	16	0.0001184472	0.000000246843
6	130935454	132765668	2949	16	0.0000588936	0.000000243425
6	132765669	134244242	2359	16	0.0001465375	0.000000248455
6	134244243	136224176	2655	16	0.0002420445	0.000000253935
6	136224177	137614217	1238	16	0.0003832735	0.000000262040
6	137614218	138822628	2191	16	0.0000366410	0.000000242148
6	138822629	139845435	1892	16	0.0000104708	0.000000240646
6	139845436	142288478	3189	16	0.0001998803	0.000000251516
6	142288479	145319809	4181	16	0.0001480968	0.000000248544
6	145319810	146665423	1780	16	0.0002306313	0.000000199828
6	146665424	148920351	3848	16	0.0000770474	0.000000244467
6	148920352	150253403	2503	16	0.0003975032	0.000000262856
6	150253404	151912702	3937	16	0.0005504023	0.000000271631
6	151912703	153094495	2171	16	0.0015628441	0.000000329731
6	153094496	154974119	4157	16	0.0002339666	0.000000253472
6	154974120	156763325	3246	16	0.0000453088	0.000000242645
6	156763326	158218718	2101	16	0.0000701220	0.000000244069
6	158218719	160580496	4951	16	0.0001673724	0.000000249650
6	160580497	162169563	3247	16	0.0000767595	0.000000244450
6	162169564	162931202	1802	16	0.0000770157	0.000000244465
6	162931203	164383520	3281	16	0.0001796132	0.000000250353
6	164383521	165586863	3112	16	0.0000546286	0.000000243180
6	165586864	167024732	3499	16	0.0003156379	0.000000258159
6	167024733	168042834	2342	16	0.0000660918	0.000000243838
6	168042835	169382049	3915	16	0.0001513925	0.000000248733
6	169382050	170330172	2024	16	0.0000652401	0.000000243789
6	170330173	171051269	1489	16	0.0001197245	0.000000246916
7	16161	972751	2543	16	0.0001925876	0.000000251097
7	972752	1353066	1032	16	0.0000721681	0.000000244187
7	1353067	2062397	1359	16	-0.0000200396	0.000000238895
7	2062398	2772226	1320	16	-0.0001161606	0.000000233379
7	2772227	4573427	4632	16	0.0000748642	0.000000244341
7	4573428	5416231	1904	16	0.0001927080	0.000000251104
7	5416232	5854525	707	16	0.0002853077	0.000000253052
7	5854526	6573856	1183	16	0.0000294354	0.000000241735
7	6573857	7808751	3244	16	0.0002222377	0.000000252799
7	7808752	9123422	3243	16	0.0001711619	0.000000249868
7	9123423	9987498	2624	16	0.0000919007	0.000000245319
7	9987499	11299197	3262	16	0.0001056925	0.000000246111
7	11299198	12635460	3970	16	0.0001361868	0.000000247861
7	12635461	13884201	3330	16	0.0001123915	0.000000246495
7	13884202	15143656	1713	16	0.0000249753	0.000000241479
7	15143657	16902068	3589	16	0.0003195034	0.000000258380
7	16902069	19481546	4070	16	0.0000268579	0.000000241587
7	19481547	20124907	1457	16	0.0001002070	0.000000245234
7	20124908	22507628	5108	16	0.0001026110	0.000000245934
7	22507629	23471441	1558	16	0.0001301344	0.000000247513
7	23471442	25077258	3421	16	0.0000944336	0.000000245464
7	25077259	25909554	1793	16	0.0001253932	0.000000247241
7	25909555	28360308	3719	16	0.0000258498	0.000000241529
7	28360309	31137288	4959	16	0.0002001600	0.000000251532
7	31137289	33555767	5136	16	0.0001039994	0.000000246013
7	33555768	36213537	4686	16	0.0002667967	0.000000255356
7	36213538	37555183	2535	16	-0.0000216244	0.000000238804
7	37555184	38966702	3154	16	0.0015496912	0.000000328976
7	38966703	39862669	1541	16	0.0002998434	0.000000257252
7	39862670	42001810	2855	16	0.0000525180	0.000000243059
7	42001811	43159073	2094	16	0.0006010320	0.000000274536
7	43159074	44763827	2468	16	0.0000982665	0.000000245684
7	44763828	45952921	2167	16	0.0001517780	0.000000248755
7	45952922	46986719	2247	16	0.0002734007	0.000000255735
7	46986720	49212277	4822	16	0.0000910897	0.000000245273
7	49212278	51675321	4770	16	0.0000683745	0.000000243969
7	51675322	53176311	4305	16	0.0003814129	0.000000261933
7	53176312	54222975	2577	16	0.0001854488	0.000000250688
7	54222976	55691583	3194	16	0.0003453802	0.000000259865
7	55691584	57382637	3394	16	0.0001120200	0.000000246474
7	57382638	63307358	3378	16	0.0000509849	0.000000242971
7	63307359	63641124	618	16	0.0000086071	0.000000067584
7	63641125	65689808	3150	16	0.0000053177	0.000000240350
7	65689809	68234073	6419	16	0.0003553863	0.000000260440
7	68234074	69085363	1723	16	0.0000562011	0.000000243270
7	69085364	71874884	4517	16	0.0000522416	0.000000243043
7	71874885	73334601	1211	16	0.0001886433	0.000000250871
7	73334602	76458563	3187	16	0.0000173522	0.000000241041
7	76458564	78093858	3299	16	0.0003561739	0.000000260485
7	78093859	79888068	3336	16	-0.0000265952	0.000000238519
7	79888069	82022685	3259	16	0.0001610873	0.000000249289
7	82022686	83801202	3530	16	0.0001369273	0.000000247903
7	83801203	85572181	2732	16	0.0003599087	0.000000260699
7	85572182	87825003	3023	16	0.0000089276	0.000000240558
7	87825004	90661783	5543	16	0.0000697771	0.000000244050
7	90661784	92493751	1915	16	0.0001328209	0.000000247667
7	92493752	93966600	1707	16	-0.0000031674	0.000000239864
7	93966601	96073507	2868	16	0.0003361715	0.000000259337
7	96073508	97099569	1617	16	0.0008700940	0.000000289977
7	97099570	98715473	2899	16	0.0001079202	0.000000246238
7	98715474	100196650	1183	16	0.0003848113	0.000000217156
7	100196651	101199252	1776	16	0.0001742205	0.000000250043
7	101199253	103197509	2710	16	0.0000714164	0.000000244144
7	103197510	104159524	2276	16	0.0002742548	0.000000255784
7	104159525	105682904	2304	16	0.0000101301	0.000000240627
7	105682905	107780177	3322	16	0.0000422077	0.000000242467
7	107780178	109647593	3150	16	0.0001389062	0.000000248017
7	109647594	112618683	3766	16	0.0002550371	0.000000254681
7	112618684	113712386	1414	16	0.0001496855	0.000000206379
7	113712387	116780177	3421	16	0.0002989682	0.000000257202
7	116780178	118351580	1750	16	0.0001061249	0.000000229438
7	118351581	121045272	2769	16	0.0011245142	0.000000304577
7	121045273	121933629	1410	16	0.0003413940	0.000000215206
7	121933630	124156804	3717	16	0.0001733568	0.000000249994
7	124156805	124167551	27	3	0.0000370529	0.000000007669
7	124167552	126519169	4684	16	0.0001106198	0.000000246393
7	126519170	126869220	490	16	0.0001874371	0.000000084474
7	126869221	128778385	2987	16	0.0002729398	0.000000255708
7	128778386	130422413	2391	16	0.0000730660	0.000000244238
7	130422414	132805847	3937	16	0.0000808583	0.000000244685
7	132805848	134307595	2210	16	0.0000042257	0.000000240288
7	134307596	135591082	2248	16	0.0004361487	0.000000265074
7	135591083	136876561	2308	16	0.0002622363	0.000000255094
7	136876562	138744678	2895	16	0.0001150630	0.000000246648
7	138744679	139933176	1405	16	0.0000916286	0.000000245304
7	139933177	140235209	749	16	0.0001492077	0.000000184141
7	140235210	141226556	1181	16	0.0002068518	0.000000212334
7	141226557	142656309	2040	16	0.0001633740	0.000000249421
7	142656310	144968288	3050	16	0.0001395261	0.000000248052
7	144968289	146427959	2718	16	0.0001448043	0.000000248355
7	146427960	147815317	3116	16	0.0000903778	0.000000245232
7	147815318	149840657	3613	16	0.0002006100	0.000000251558
7	149840658	150711504	2008	16	0.0000875288	0.000000245068
7	150711505	152249805	2154	16	0.0002773299	0.000000255960
7	152249806	153674018	3474	16	0.0000140252	0.000000240850
7	153674019	154964729	2802	16	-0.0000366055	0.000000237945
7	154964730	156065249	2788	16	0.0000970775	0.000000245616
7	156065250	157634596	3289	16	-0.0000600924	0.000000236597
7	157634597	159128574	3393	16	-0.0000297255	0.000000238339
8	10422	1044216	2357	16	-0.0000278907	0.000000238445
8	1044217	1163244	494	16	0.0001377414	0.000000150772
8	1163245	2042941	2613	16	0.0003156304	0.000000258158
8	2042942	2573278	1878	16	0.0000651686	0.000000243785
8	2573279	3392925	3134	16	-0.0001356829	0.000000232259
8	3392926	3783016	2019	16	0.0000399616	0.000000242339
8	3783017	4480475	3029	16	0.0001044912	0.000000246042
8	4480476	5146926	2426	16	0.0001508125	0.000000248700
8	5146927	6142796	4229	16	0.0001052800	0.000000246087
8	6142797	7153078	2798	16	0.0000485355	0.000000242831
8	7153079	9154693	2990	16	0.0002491869	0.000000254345
8	9154694	9640786	1033	16	0.0003291943	0.000000232343
8	9640787	10463196	2075	16	0.0000931512	0.000000245391
8	10463197	11278997	1629	16	0.0001896484	0.000000250928
8	11278998	13491774	4990	16	0.0001320780	0.000000247625
8	13491775	13944991	2129	16	0.0001515696	0.000000248743
8	13944992	15991659	5828	16	-0.0000147567	0.000000239198
8	15991660	17387875	2927	16	0.0000372310	0.000000242182
8	17387876	17836398	1251	16	-0.0000430520	0.000000237575
8	17836399	19492839	4013	16	0.0001904789	0.000000250976
8	19492840	20060855	1163	16	0.0000416137	0.000000242433
8	20060856	21661736	3326	16	0.0003666458	0.000000261086
8	21661737	22897056	1806	16	-0.0000457733	0.000000237419
8	22897057	24674717	3267	16	0.0001792461	0.000000250332
8	24674718	25483453	1454	16	0.0003221847	0.000000241823
8	25483454	26682524	2750	16	0.0000236900	0.000000241405
8	26682525	28162391	3213	16	0.0001283756	0.000000247412
8	28162392	29327895	1588	16	0.0001007265	0.000000245826
8	29327896	31133728	2673	16	0.0003368452	0.000000259376
8	31133729	31548359	864	16	0.0001640312	0.000000133486
8	31548360	32977217	2310	16	0.0000558226	0.000000243249
8	32977218	35317231	3466	16	0.0002397233	0.000000253802
8	35317232	37379388	1700	16	0.0001083640	0.000000246264
8	37379389	38938805	1574	16	0.0002031570	0.000000251704
8	38938806	40703336	3792	16	-0.0000761795	0.000000235674
8	40703337	41721453	2010	16	0.0000349551	0.000000242051
8	41721454	42773822	923	16	0.0000058081	0.000000181705
8	42773823	46841314	561	16	0.0000696129	0.000000131046
8	46841315	50082469	2728	16	-0.0000194656	0.000000238928
8	50082470	53302929	5541	16	0.0001322248	0.000000247633
8	53302930	54418043	2247	16	-0.0000338552	0.000000238103
8	54418044	55945580	2329	16	0.0002014591	0.000000251606
8	55945581	56956382	1721	16	0.0003049226	0.000000257544
8	56956383	59068650	4199	16	-0.0000397616	0.000000237764
8	59068651	59728099	1360	16	0.0001403047	0.000000222614
8	59728100	62329098	3910	16	-0.0000905107	0.000000234851
8	62329099	63349305	1890	16	0.0001579672	0.000000240165
8	63349306	65232871	2834	16	0.0000837524	0.000000244852
8	65232872	66489089	1776	16	0.0002381109	0.000000253710
8	66489090	69863056	4319	16	0.0000538557	0.000000243136
8	69863057	70867978	1864	16	0.0001380951	0.000000247970
8	70867979	72289453	2320	16	-0.0000071175	0.000000239637
8	72289454	73817198	3206	16	0.0000340659	0.000000242000
8	73817199	75445063	2668	16	0.0000606139	0.000000243524
8	75445064	76456541	1627	16	0.0001098636	0.000000235739
8	76456542	79132860	4536	16	0.0000737433	0.000000244277
8	79132861	81956394	4016	16	-0.0001070324	0.000000233903
8	81956395	82693738	1054	16	0.0002527110	0.000000185369
8	82693739	84225588	3200	16	0.0001929200	0.000000251116
8	84225589	85955618	2881	16	0.0002576225	0.000000254829
8	85955619	87411708	1312	16	0.0000778337	0.000000190035
8	87411709	89085480	2819	16	0.0000488589	0.000000242849
8	89085481	90638161	2590	16	0.0001667470	0.000000249614
8	90638162	93554385	3314	16	0.0001961482	0.000000251301
8	93554386	95005526	1659	16	0.0000901250	0.000000245217
8	95005527	96534805	2808	16	0.0001418499	0.000000248186
8	96534806	99401580	4760	16	0.0000306064	0.000000241802
8	99401581	101620957	1836	16	0.0001646391	0.000000249493
8	101620958	104123305	4296	16	0.0000487812	0.000000242845
8	104123306	104988751	1948	16	0.0000820810	0.000000183442
8	104988752	107410753	4092	16	-0.0000718848	0.000000235920
8	107410754	108648176	2214	16	0.0001377049	0.000000247948
8	108648177	109248172	1064	16	0.0004085419	0.000000145938
8	109248173	110484313	2068	16	0.0000138596	0.000000228570
8	110484314	111850846	1516	16	-0.0000067751	0.000000202798
8	111850847	113064319	1574	16	0.0002242339	0.000000164261
8	113064320	116096494	5299	16	0.0003819154	0.000000261962
8	116096495	119685456	4643	16	0.0001894618	0.000000250918
8	119685457	121201699	2592	16	0.0021501531	0.000000363434
8	121201700	124861458	5976	16	0.0000219045	0.000000241302
8	124861459	125683718	1427	16	0.0003564445	0.000000260500
8	125683719	126410916	1307	16	0.0000404826	0.000000242368
8	126410917	128659110	4335	16	0.0000962892	0.000000245571
8	128659111	130381138	3182	16	0.0003840902	0.000000262087
8	130381139	131639624	2347	16	0.0001757732	0.000000250132
8	131639625	133351143	3681	16	0.0001054410	0.000000246096
8	133351144	134570000	2413	16	0.0000987148	0.000000245710
8	134570001	136035604	3515	16	0.0001963366	0.000000251312
8	136035605	137524150	2741	16	0.0004308535	0.000000264770
8	137524151	139254829	4233	16	0.0001287576	0.000000247434
8	139254830	140725642	2886	16	0.0001783758	0.000000250282
8	140725643	143044913	3914	16	0.0000682914	0.000000243964
8	143044914	144236880	2909	16	-0.0000364065	0.000000237956
8	144236881	146303866	2397	16	0.0003578346	0.000000260580
9	10023	1079706	2777	16	0.0002027365	0.000000251680
9	1079707	1916876	2337	16	0.0000856398	0.000000244960
9	1916877	3190063	3082	16	0.0001130433	0.000000246532
9	3190064	4495327	2601	16	0.0001067437	0.000000246171
9	4495328	4884925	921	16	0.0002937405	0.000000256902
9	4884926	6557588	2494	16	0.0001837111	0.000000250588
9	6557589	7154922	1711	16	0.0000689531	0.000000244002
9	7154923	8456298	3499	16	0.0001221322	0.000000247054
9	8456299	9166402	1614	16	0.0002713648	0.000000255618
9	9166403	10879252	4329	16	0.0000125887	0.000000240768
9	10879253	12276488	3585	16	0.0000059651	0.000000240388
9	12276489	14836362	5301	16	0.0002097070	0.000000252080
9	14836363	16659654	3507	16	0.0003008238	0.000000257308
9	16659655	18661050	4528	16	0.0001978993	0.000000251402
9	18661051	20463533	3493	16	-0.0000612887	0.000000236528
9	20463534	22206558	2698	16	0.0003211652	0.000000258476
9	22206559	24158517	2862	16	0.0000190500	0.000000241139
9	24158518	25330809	1713	16	-0.0000097340	0.000000238925
9	25330810	26111756	1437	16	0.0003708528	0.000000261327
9	26111757	28224282	4025	16	0.0002296847	0.000000253226
9	28224283	28811583	1149	16	0.0001320062	0.000000243138
9	28811584	30387391	3702	16	0.0001993913	0.000000251488
9	30387392	31310382	1977	16	0.0003935767	0.000000259824
9	31310383	32019367	1723	16	0.0001117456	0.000000185661
9	32019368	33578333	3258	16	0.0002473958	0.000000254242
9	33578334	34642242	1866	16	0.0002469761	0.000000245270
9	34642243	36743282	2561	16	0.0001610541	0.000000249288
9	36743283	38641598	3285	16	0.0000529644	0.000000243085
9	38641599	65472189	500	16	0.0000984014	0.000000137600
9	65472190	72512710	2567	16	0.0001364848	0.000000247878
9	72512711	72753754	451	16	-0.0000096815	0.000000055018
9	72753755	74253039	2668	16	0.0001225929	0.000000247080
9	74253040	76203945	2906	16	0.0000526320	0.000000243066
9	76203946	76973080	1083	16	0.0001456176	0.000000152223
9	76973081	78900182	3652	16	0.0001323689	0.000000247641
9	78900183	79471207	1193	16	-0.0001026842	0.000000234153
9	79471208	81079054	2653	16	0.0000978213	0.000000245659
9	81079055	82590927	2412	16	0.0000177155	0.000000241062
9	82590928	84211232	4044	16	-0.0000105537	0.000000239440
9	84211233	85440800	1429	16	0.0001136128	0.000000246565
9	85440801	86938195	2723	16	0.0001421948	0.000000248205
9	86938196	88109332	2005	16	0.0000375074	0.000000242198
9	88109333	88590416	423	16	0.0000489052	0.000000086200
9	88590417	90136245	2648	16	0.0002336675	0.000000253455
9	90136246	92528697	4589	16	0.0000920298	0.000000245327
9	92528698	94167202	2977	16	0.0001655343	0.000000249545
9	94167203	96671697	4083	16	-0.0000032820	0.000000239857
9	96671698	98922039	3527	16	0.0002653352	0.000000255272
9	98922040	101592858	3763	16	0.0001141598	0.000000246597
9	101592859	104624436	4416	16	0.0003049322	0.000000257544
9	104624437	105967975	3648	16	0.0001619990	0.000000249342
9	105967976	107581748	3388	16	0.0001411125	0.000000248143
9	107581749	109298753	2819	16	0.0004048906	0.000000263280
9	109298754	110695061	2458	16	0.0001664938	0.000000249600
9	110695062	112778023	4371	16	0.0003641147	0.000000260940
9	112778024	114831081	4263	16	0.0001098712	0.000000246350
9	114831082	115693144	1569	16	-0.0000827842	0.000000223583
9	115693145	117019800	2326	16	0.0000493572	0.000000242878
9	117019801	117921959	1559	16	0.0002498387	0.000000253821
9	117921960	121321536	6320	16	0.0001119659	0.000000246471
9	121321537	122260296	1471	16	0.0002230749	0.000000252847
9	122260297	124871321	3143	16	0.0003736045	0.000000261485
9	124871322	126971886	2805	16	0.0000971757	0.000000245622
9	126971887	129059664	2250	16	0.0001496541	0.000000248633
9	129059665	130055509	1394	16	0.0001625334	0.000000249372
9	130055510	132165469	2012	16	0.0000250199	0.000000241481
9	132165470	133223216	1769	16	0.0004708272	0.000000267064
9	133223217	134127887	1459	16	0.0001089838	0.000000246299
9	134127888	135298841	1823	16	0.0000702869	0.000000244079
9	135298842	137041121	3320	16	0.0002106942	0.000000252136
9	137041122	137589363	1091	16	0.0001441293	0.000000248316
9	137589364	138938977	3083	16	0.0001131101	0.000000246536
9	138938978	139500341	853	16	0.0002789570	0.000000256054
9	139500342	141144795	2041	16	0.0001980349	0.000000251410
10	60523	751338	617	16	0.0000547488	0.000000183977
10	751339	1523543	1797	16	0.0002251982	0.000000252969
10	1523544	2254499	2074	16	0.0001309276	0.000000247559
10	2254500	3352698	2989	16	-0.0000128846	0.000000239306
10	3352699	4572273	2654	16	0.0001705593	0.000000249833
10	4572274	5983761	3767	16	0.0000267161	0.000000241578
10	5983762	7171483	2963	16	-0.0001043014	0.000000234060
10	7171484	8774664	3770	16	0.0001065874	0.000000246162
10	8774665	10249395	3027	16	0.0000791975	0.000000244590
10	10249396	12586796	4740	16	0.0000068539	0.000000240439
10	12586797	13321599	1884	16	-0.0000300496	0.000000238321
10	13321600	15026067	3815	16	-0.0001061794	0.000000233952
10	15026068	16551766	2894	16	0.0004468139	0.000000265686
10	16551767	18537266	3441	16	0.0000846720	0.000000244904
10	18537267	19716877	3127	16	0.0000175041	0.000000241050
10	19716878	22772282	4801	16	0.0000313062	0.000000241842
10	22772283	23175131	564	16	0.0005835539	0.000000141407
10	23175132	25578595	3594	16	0.0002373462	0.000000253666
10	25578596	26888683	3759	16	0.0003108988	0.000000257887
10	26888684	29323235	5239	16	0.0005064392	0.000000269108
10	29323236	29783691	1252	16	0.0001129339	0.000000246526
10	29783692	30458837	1610	16	0.0001448465	0.000000248357
10	30458838	31907518	2702	16	0.0001833745	0.000000250568
10	31907519	33707967	3526	16	0.0001993355	0.000000251484
10	33707968	35109354	2202	16	0.0003978617	0.000000262877
10	35109355	36572507	2282	16	0.0001270003	0.000000247333
10	36572508	37790028	2079	16	0.0002164171	0.000000252465
10	37790029	42372578	2924	16	0.0001750400	0.000000200360
10	42372579	43894770	2931	16	0.0001146678	0.000000246626
10	43894771	44730074	1556	16	0.0000688243	0.000000233386
10	44730075	48760449	4132	16	0.0000644156	0.000000243742
10	48760450	50840914	2710	16	0.0000543652	0.000000243165
10	50840915	53616628	3376	16	-0.0000933283	0.000000234690
10	53616629	55103571	3513	16	0.0003527140	0.000000260286
10	55103572	57031139	4962	16	0.0001009233	0.000000245837
10	57031140	57662145	1190	16	0.0002540331	0.000000149925
10	57662146	58959527	2996	16	0.0004621514	0.000000257054
10	58959528	60289986	3131	16	0.0002919134	0.000000256797
10	60289987	61891408	2450	16	0.0001655658	0.000000249546
10	61891409	62659678	1441	16	0.0003756923	0.000000236099
10	62659679	63341694	718	16	0.0002689816	0.000000130242
10	63341695	65794113	4040	16	-0.0000446063	0.000000237486
10	65794114	67549614	3102	16	0.0003480740	0.000000260020
10	67549615	69900147	5085	16	0.0002520876	0.000000254512
10	69900148	70195990	593	16	0.0003219180	0.000000095277
10	70195991	72220849	4015	16	0.0000174762	0.000000241048
10	72220850	73508511	3010	16	-0.0000736750	0.000000235817
10	73508512	75422549	1929	16	0.0003237754	0.000000258626
10	75422550	78706813	3458	16	0.0001990554	0.000000251468
10	78706814	80876748	3627	16	0.0002714390	0.000000255622
10	80876749	82414678	3490	16	-0.0000719832	0.000000235914
10	82414679	84383744	3763	16	0.0001428091	0.000000248241
10	84383745	85458702	2616	16	0.0001724720	0.000000249943
10	85458703	87937576	5007	16	0.0000336110	0.000000241974
10	87937577	89127063	1757	16	0.0001892416	0.000000250905
10	89127064	91013380	2762	16	0.0000617710	0.000000243590
10	91013381	92006580	1830	16	0.0000927000	0.000000245365
10	92006581	93335046	2214	16	0.0000768305	0.000000244454
10	93335047	95396367	3293	16	-0.0000334632	0.000000238125
10	95396368	96221242	1051	16	0.0000734339	0.000000194018
10	96221243	97822356	3008	16	0.0001950777	0.000000251240
10	97822357	100241301	3436	16	0.0000164843	0.000000240991
10	100241302	100668399	683	16	0.0000772159	0.000000094273
10	100668400	102949238	3236	16	0.0000176660	0.000000241059
10	102949239	104380409	1368	16	0.0001355436	0.000000243900
10	104380410	106695047	2757	16	0.0001695283	0.000000249774
10	106695048	108726685	3582	16	0.0000120862	0.000000240739
10	108726686	110317704	3435	16	0.0000744903	0.000000244320
10	110317705	112561492	3611	16	-0.0000328595	0.000000238160
10	112561493	115328431	3890	16	0.0001143671	0.000000246608
10	115328432	116421405	1827	16	-0.0000706495	0.000000235991
10	116421406	119523933	4323	16	0.0001755429	0.000000250119
10	119523934	120591352	1754	16	-0.0000406994	0.000000237710
10	120591353	122407322	3326	16	-0.0000063746	0.000000239680
10	122407323	123231464	1585	16	-0.0000674868	0.000000236173
10	123231465	123900544	1423	16	0.0003523107	0.000000260263
10	123900545	125869345	3913	16	0.0005796342	0.000000273308
10	125869346	128001097	4179	16	0.0002076794	0.000000251963
10	128001098	129154361	2052	16	-0.0000461087	0.000000237399
10	129154362	130844283	4386	16	0.0000150678	0.000000240910
10	130844284	131741326	1861	16	0.0000558774	0.000000243252
10	131741327	132580244	2244	16	0.0000346929	0.000000242036
10	132580245	134336328	5041	16	-0.0000710238	0.000000235970
10	134336329	134494672	175	12	0.0000660734	0.000000043697
10	134494673	135523864	1713	16	0.0000944712	0.000000245467
11	70855	1213589	1976	16	0.0002850363	0.000000256402
11	1213590	3665480	5486	16	0.0000458039	0.000000242674
11	3665481	4746708	2453	16	-0.0000410339	0.000000237691
11	4746709	6322868	4754	16	0.0000148375	0.000000240897
11	6322869	7436700	2114	16	0.0000723927	0.000000244200
11	7436701	8333273	2183	16	-0.0000104662	0.000000239445
11	8333274	9087316	1162	16	0.0002178713	0.000000240268
11	9087317	10952026	3241	16	0.0001354314	0.000000247817
11	10952027	12564228	4023	16	0.0001259186	0.000000247271
11	12564229	13373123	1693	16	0.0001468895	0.000000248475
11	13373124	15742551	3507	16	0.0003611300	0.000000260769
11	15742552	17578401	2344	16	0.0009070999	0.000000292100
11	17578402	19569534	3675	16	0.0000472849	0.000000242759
11	19569535	21017137	2996	16	0.0000799859	0.000000244635
11	21017138	22374141	2728	16	0.0001522103	0.000000248780
11	22374142	24088516	3963	16	0.0001969435	0.000000251347
11	24088517	26045752	5126	16	0.0000756789	0.000000244388
11	26045753	27020460	1917	16	-0.0000392593	0.000000237792
11	27020461	28481592	1636	16	0.0003821819	0.000000261977
11	28481593	30141356	2167	16	0.0006026653	0.000000274630
11	30141357	32276900	2703	16	0.0003363573	0.000000259348
11	32276901	33958738	2635	16	0.0002312836	0.000000253318
11	33958739	35502604	3282	16	0.0002609578	0.000000255021
11	35502605	37116814	2885	16	-0.0000279579	0.000000238441
11	37116815	39382002	3383	16	0.0001662570	0.000000249586
11	39382003	42310002	5047	16	-0.0000159858	0.000000239128
11	42310003	44693798	4554	16	0.0001980422	0.000000251410
11	44693799	47006136	2674	16	0.0002698908	0.000000255533
11	47006137	49866049	4453	16	0.0004074438	0.000000263427
11	49866050	54695472	4527	16	0.0005459660	0.000000271376
11	54695473	55082656	1028	16	0.0001303219	0.000000089441
11	55082657	58457494	8136	16	0.0001943896	0.000000251201
11	58457495	58780548	438	16	0.0000767426	0.000000059031
11	58780549	62223770	4454	16	0.0000488197	0.000000242847
11	62223771	63804568	1557	16	0.0002003364	0.000000251542
11	63804569	65898630	1880	16	0.0006981780	0.000000280111
11	65898631	68005824	2352	16	0.0002033624	0.000000251715
11	68005825	69516129	2385	16	0.0012672555	0.000000312768
11	69516130	70926291	2567	16	0.0001468127	0.000000248470
11	70926292	72286016	2275	16	0.0001153858	0.000000246667
11	72286017	74412350	2725	16	0.0003098068	0.000000257824
11	74412351	76797208	3177	16	0.0004126451	0.000000263725
11	76797209	78355057	2141	16	0.0000867429	0.000000245023
11	78355058	80722372	4060	16	0.0004711265	0.000000267081
11	80722373	81266711	1276	16	0.0000375926	0.000000231040
11	81266712	84381271	5861	16	0.0000316924	0.000000241864
11	84381272	86619300	3557	16	0.0000426037	0.000000242490
11	86619301	87430234	2065	16	0.0005722635	0.000000272885
11	87430235	89208935	3151	16	0.0001097071	0.000000246341
11	89208936	90966489	2908	16	0.0001198654	0.000000246924
11	90966490	92077143	2032	16	0.0002439319	0.000000254044
11	92077144	93276156	1785	16	-0.0000806990	0.000000235414
11	93276157	94242259	1518	16	0.0001397551	0.000000219856
11	94242260	95726040	2172	16	0.0001239041	0.000000247156
11	95726041	97057057	2208	16	0.0001616412	0.000000249321
11	97057058	98705064	3557	16	-0.0000645225	0.000000235782
11	98705065	100417168	4071	16	0.0002309685	0.000000253300
11	100417169	101331120	1951	16	0.0000103443	0.000000240639
11	101331121	103959635	5733	16	0.0002816110	0.000000256206
11	103959636	104873283	1539	16	0.0000253822	0.000000152921
11	104873284	106520893	2418	16	0.0000206987	0.000000241233
11	106520894	107844199	2505	16	-0.0000141777	0.000000239232
11	107844200	108437036	631	16	0.0000940616	0.000000088762
11	108437037	109866115	1720	16	0.0000905844	0.000000245244
11	109866116	111114396	2295	16	0.0002281566	0.000000253138
11	111114397	112459487	1473	16	0.0004498390	0.000000265860
11	112459488	114257727	3046	16	0.0002106964	0.000000252136
11	114257728	114830665	1034	16	-0.0000105646	0.000000147338
11	114830666	116383347	2440	16	0.0000836922	0.000000244848
11	116383348	117747109	2443	16	-0.0000084390	0.000000239561
11	117747110	119215475	2100	16	0.0001032424	0.000000245970
11	119215476	120766805	2800	16	-0.0000067636	0.000000239657
11	120766806	121175942	743	16	0.0003396948	0.000000156791
11	121175943	122591909	2091	16	0.0001622082	0.000000249354
11	122591910	123500116	1756	16	0.0002834113	0.000000256309
11	123500117	124495527	2291	16	-0.0000149160	0.000000239189
11	124495528	126311319	3232	16	0.0002236038	0.000000252877
11	126311320	127316678	2121	16	0.0000336073	0.000000241974
11	127316679	128188536	1522	16	0.0000389325	0.000000239476
11	128188537	130342574	3556	16	0.0000610167	0.000000243547
11	130342575	131074611	1531	16	-0.0000124006	0.000000239334
11	131074612	133000045	3863	16	-0.0000672454	0.000000236186
11	133000046	134205992	1954	16	0.0000319806	0.000000241881
11	134205993	134946451	2306	16	0.0000632071	0.000000243673
12	61107	1080330	1636	16	0.0000883325	0.000000245114
12	1080331	2544785	2478	16	0.0000056969	0.000000240372
12	2544786	3677036	2212	16	0.0000195396	0.000000241167
12	3677037	4417678	1480	16	0.0001943806	0.000000251200
12	4417679	5321471	1611	16	0.0000877902	0.000000245083
12	5321472	6419752	2219	16	0.0000510425	0.000000242974
12	6419753	8377535	2979	16	-0.0000491231	0.000000237226
12	8377536	9031394	1376	16	0.0002276829	0.000000253111
12	9031395	10481533	2876	16	-0.0000311916	0.000000238255
12	10481534	11754845	2573	16	0.0002282688	0.000000253145
12	11754846	12733527	1936	16	0.0000611623	0.000000243555
12	12733528	15241483	4500	16	0.0003240786	0.000000258643
12	15241484	16310459	1044	16	0.0002490315	0.000000238181
12	16310460	18087872	2792	16	0.0001520745	0.000000248772
12	18087873	20863942	5732	16	-0.0000304221	0.000000238300
12	20863943	23820633	5145	16	0.0002335414	0.000000253447
12	23820634	25371082	2945	16	0.0001441797	0.000000248319
12	25371083	27799772	4722	16	0.0002200418	0.000000252673
12	27799773	29651254	3578	16	0.0001661258	0.000000249579
12	29651255	30512405	2559	16	0.0002677698	0.000000255412
12	30512406	32165591	3820	16	0.0000000243	0.000000240047
12	32165592	33076988	2496	16	-0.0000007033	0.000000240005
12	33076989	37856716	3332	16	0.0000144336	0.000000240312
12	37856717	39227168	2116	16	-0.0000319519	0.000000201357
12	39227169	40816184	2423	16	0.0000132697	0.000000240807
12	40816185	41658585	1607	16	-0.0000931887	0.000000192482
12	41658586	43984473	4681	16	0.0003684790	0.000000261191
12	43984474	46024228	2678	16	0.0000962713	0.000000245570
12	46024229	47714792	2381	16	0.0001578297	0.000000249103
12	47714793	49001865	2899	16	0.0002903280	0.000000256706
12	49001866	51776493	3017	16	0.0003286397	0.000000258905
12	51776494	53039003	2245	16	0.0000778056	0.000000244510
12	53039004	54778822	2334	16	0.0010012949	0.000000297506
12	54778823	55665836	1538	16	0.0000683945	0.000000243409
12	55665837	57548859	1923	16	0.0002556567	0.000000254716
12	57548860	59308665	2172	16	0.0003484118	0.000000260039
12	59308666	61123728	2664	16	0.0000259379	0.000000240972
12	61123729	64032460	5829	16	-0.0000387360	0.000000237822
12	64032461	65559694	2123	16	0.0002097913	0.000000252084
12	65559695	67181143	2257	16	0.0001376884	0.000000247947
12	67181144	67909728	1357	16	0.0003391359	0.000000214008
12	67909729	69826541	3275	16	0.0000862597	0.000000244995
12	69826542	70957986	2516	16	0.0003335276	0.000000259185
12	70957987	72645074	2506	16	0.0001043798	0.000000246035
12	72645075	73818453	2044	16	0.0001768244	0.000000250193
12	73818454	76511313	4232	16	0.0002226800	0.000000252824
12	76511314	78570569	3751	16	0.0000909860	0.000000245267
12	78570570	80448149	2025	16	0.0001842779	0.000000250620
12	80448150	81467766	1652	16	-0.0000657785	0.000000216832
12	81467767	83502665	3318	16	0.0001940876	0.000000251183
12	83502666	84303843	1643	16	-0.0000135312	0.000000167576
12	84303844	85990425	2470	16	0.0001619877	0.000000249341
12	85990426	89682121	5106	16	0.0000880306	0.000000245097
12	89682122	92066154	3136	16	0.0004031101	0.000000263178
12	92066155	94514566	4229	16	0.0002373418	0.000000253665
12	94514567	96020784	3454	16	0.0001670926	0.000000249634
12	96020785	97108838	2141	16	0.0001198781	0.000000246925
12	97108839	99305986	3870	16	0.0000077263	0.000000240489
12	99305987	101447640	3127	16	0.0001343314	0.000000247754
12	101447641	101862689	648	16	-0.0000454680	0.000000110916
12	101862690	102964985	1349	16	0.0002099618	0.000000252094
12	102964986	104848695	3565	16	0.0002464169	0.000000254186
12	104848696	106436212	3085	16	0.0000365380	0.000000242142
12	106436213	106958747	809	16	0.0001373063	0.000000180336
12	106958748	109025900	3505	16	0.0001407465	0.000000248122
12	109025901	110336718	1774	16	0.0001323084	0.000000247638
12	110336719	113263517	1681	16	0.0001397032	0.000000248062
12	113263518	113986708	987	16	0.0002540045	0.000000231864
12	113986709	115036601	2464	16	-0.0001282460	0.000000232686
12	115036602	115503215	855	16	0.0001174643	0.000000229536
12	115503216	117087470	2988	16	0.0001200041	0.000000246932
12	117087471	118135374	1764	16	-0.0000494510	0.000000237208
12	118135375	119754109	3271	16	-0.0000310187	0.000000238265
12	119754110	122007650	3447	16	0.0000591287	0.000000243438
12	122007651	124977979	3833	16	0.0004680381	0.000000266904
12	124977980	126445504	3108	16	0.0000358568	0.000000242103
12	126445505	127875097	3262	16	0.0001140268	0.000000246589
12	127875098	129237296	3341	16	-0.0000451128	0.000000237456
12	129237297	130377920	3050	16	0.0000396199	0.000000242319
12	130377921	131786750	4021	16	0.0000558285	0.000000243249
12	131786751	132807033	2032	16	-0.0000106449	0.000000239434
12	132807034	133841510	1989	16	0.0002445965	0.000000254082
13	19020013	20686719	3547	16	0.0000913994	0.000000245290
13	20686720	22242173	3278	16	0.0003734982	0.000000261479
13	22242174	23594701	3416	16	0.0001774577	0.000000250229
13	23594702	24531936	2725	16	0.0000775190	0.000000244494
13	24531937	25784361	3486	16	-0.0000856467	0.000000235130
13	25784362	27284361	2628	16	0.0000826035	0.000000244786
13	27284362	29257550	4153	16	0.0000464458	0.000000242711
13	29257551	30483266	2587	16	0.0003270494	0.000000258813
13	30483267	32301814	3546	16	-0.0000875283	0.000000235022
13	32301815	33776902	2226	16	0.0000542726	0.000000243160
13	33776903	35026463	1994	16	0.0000601531	0.000000243497
13	35026464	36046366	1208	16	0.0000165192	0.000000227616
13	36046367	37498184	2762	16	-0.0000578144	0.000000236728
13	37498185	38878162	2899	16	0.0000791698	0.000000244589
13	38878163	41069262	3764	16	-0.0000591174	0.000000236653
13	41069263	43101026	3060	16	0.0014679489	0.000000324285
13	43101027	44901408	2996	16	0.0003800739	0.000000261856
13	44901409	46495213	2219	16	0.0002787435	0.000000256041
13	46495214	47431078	1547	16	0.0001547067	0.000000248923
13	47431079	49383961	3253	16	-0.0000039056	0.000000239821
13	49383962	51591090	3324	16	0.0001763757	0.000000250167
13	51591091	53339621	1560	16	0.0004212870	0.000000264221
13	53339622	54682863	2178	16	0.0003762910	0.000000261639
13	54682864	55817130	2036	16	-0.0000557404	0.000000230135
13	55817131	57554216	2336	16	0.0003110672	0.000000240082
13	57554217	58410625	1290	16	0.0001407219	0.000000139024
13	58410626	59302270	1489	16	0.0000032364	0.000000164409
13	59302271	60854777	2742	16	0.0000978118	0.000000245658
13	60854778	61591948	1673	16	0.0002249231	0.000000240673
13	61591949	63971558	5037	16	0.0000356650	0.000000242092
13	63971559	65200601	2796	16	0.0001211901	0.000000247000
13	65200602	67844452	3897	16	0.0002130520	0.000000252272
13	67844453	70724515	6109	16	0.0003212742	0.000000258482
13	70724516	71526790	1772	16	0.0000496824	0.000000242896
13	71526791	73934088	4124	16	0.0000177040	0.000000241061
13	73934089	75670142	3213	16	0.0003068271	0.000000257653
13	75670143	77410554	3285	16	0.0001128764	0.000000246523
13	77410555	78808812	2038	16	-0.0000140331	0.000000239240
13	78808813	80585675	2502	16	0.0000337512	0.000000241982
13	80585676	82581813	3719	16	0.0001336031	0.000000247712
13	82581814	84133143	2783	16	-0.0001420153	0.000000231896
13	84133144	85610915	2848	16	0.0000832376	0.000000244822
13	85610916	88559881	5906	16	0.0001218595	0.000000247038
13	88559882	90521310	3390	16	0.0000961795	0.000000245565
13	90521311	93129690	5086	16	0.0001256310	0.000000247255
13	93129691	93586454	680	16	0.0000550155	0.000000113274
13	93586455	96087557	5158	16	0.0000136672	0.000000240830
13	96087558	97519209	1814	16	0.0001502492	0.000000248668
13	97519210	98938918	1896	16	-0.0000089683	0.000000239531
13	98938919	100574094	3259	16	0.0001628131	0.000000249389
13	100574095	102300522	3279	16	0.0003037520	0.000000257476
13	102300523	104066709	3365	16	-0.0000439173	0.000000237525
13	104066710	104844113	1566	16	0.0001138623	0.000000246579
13	104844114	106247553	2804	16	0.0000278736	0.000000241645
13	106247554	106749999	1306	16	0.0001873541	0.000000250797
13	106750000	108189876	2519	16	-0.0000207217	0.000000238856
13	108189877	109121209	1946	16	-0.0000241119	0.000000238662
13	109121210	109815111	1567	16	0.0001081176	0.000000246250
13	109815112	111232072	3049	16	0.0004376306	0.000000265159
13	111232073	112247591	2321	16	0.0000529809	0.000000243086
13	112247592	113572487	2399	16	0.0002623191	0.000000255099
13	113572488	115109852	2713	16	0.0001152534	0.000000246659
14	19002084	21589401	3533	16	-0.0000633785	0.000000236408
14	21589402	23018664	3377	16	0.0003326335	0.000000259134
14	23018665	24905122	2964	16	0.0002064528	0.000000251893
14	24905123	26135685	2785	16	0.0002500499	0.000000254395
14	26135686	28466532	3819	16	0.0001945165	0.000000251208
14	28466533	29972144	2192	16	0.0000989902	0.000000245726
14	29972145	32383264	3196	16	0.0001897714	0.000000250936
14	32383265	34846250	4867	16	0.0000544848	0.000000243172
14	34846251	35859592	2146	16	0.0002701514	0.000000255548
14	35859593	38667724	3738	16	0.0000484135	0.000000242824
14	38667725	40341989	3079	16	0.0001360864	0.000000247855
14	40341990	41615501	3167	16	0.0003344613	0.000000259239
14	41615502	43137388	2711	16	0.0001032083	0.000000245968
14	43137389	44543226	2706	16	0.0002636084	0.000000255173
14	44543227	46081895	2188	16	0.0001522419	0.000000248782
14	46081896	46749129	1334	16	0.0000534543	0.000000128658
14	46749130	48573585	3706	16	-0.0000246957	0.000000238628
14	48573586	49005470	917	16	0.0001765081	0.000000108791
14	49005471	50507759	2414	16	0.0002817213	0.000000256212
14	50507760	51493571	1470	16	0.0000242156	0.000000240874
14	51493572	53474382	3961	16	0.0000594953	0.000000243460
14	53474383	53997830	1045	16	0.0003824160	0.000000160719
14	53997831	55233680	1705	16	0.0000272710	0.000000241610
14	55233681	56216879	1729	16	0.0000794092	0.000000225153
14	56216880	57481261	2577	16	0.0000575782	0.000000243350
14	57481262	59448335	3293	16	-0.0000505950	0.000000237142
14	59448336	61680423	3122	16	0.0003664222	0.000000261073
14	61680424	63790014	3648	16	0.0003926720	0.000000262579
14	63790015	65220297	1783	16	0.0003268622	0.000000258803
14	65220298	66399554	1896	16	0.0000100610	0.000000240623
14	66399555	67992316	2065	16	-0.0001007346	0.000000233143
14	67992317	71131956	5265	16	0.0002962888	0.000000257048
14	71131957	72889614	2898	16	0.0001360618	0.000000247853
14	72889615	76444766	5267	16	0.0001888815	0.000000250884
14	76444767	77229471	1576	16	0.0001030469	0.000000245959
14	77229472	78561944	2874	16	0.0001464412	0.000000248449
14	78561945	80186578	2268	16	0.0002125276	0.000000252241
14	80186579	81579713	2471	16	0.0002206299	0.000000252706
14	81579714	83138096	2474	16	0.0000392600	0.000000242298
14	83138097	84241632	2100	16	0.0000598001	0.000000243477
14	84241633	85746318	2789	16	0.0001449060	0.000000248361
14	85746319	86647001	1577	16	0.0001107245	0.000000246399
14	86647002	87635340	1752	16	0.0001136300	0.000000246566
14	87635341	89497642	3073	16	0.0003320625	0.000000259101
14	89497643	91296859	3268	16	0.0000477559	0.000000242786
14	91296860	93132298	3455	16	0.0004517148	0.000000265967
14	93132299	94325284	1960	16	0.0000432216	0.000000242526
14	94325285	95750866	3555	16	0.0000130786	0.000000240796
14	95750867	96262414	1410	16	0.0001281555	0.000000247400
14	96262415	98341161	3737	16	0.0001329817	0.000000247677
14	98341162	99138531	1923	16	0.0001004371	0.000000245809
14	99138532	101534306	3732	16	0.0000231092	0.000000241371
14	101534307	103012101	2296	16	0.0001741543	0.000000250039
14	103012102	105001722	3197	16	0.0003323053	0.000000259115
14	105001723	106340357	1928	16	0.0002863965	0.000000256480
14	106340358	107289453	2858	16	0.0000532165	0.000000243099
15	20001200	21131603	202	16	-0.0000038114	0.000000046630
15	21131604	24195126	2367	16	-0.0000726614	0.000000235876
15	24195127	25108589	3679	16	0.0000498144	0.000000242904
15	25108590	27298111	4239	16	0.0001549771	0.000000248939
15	27298112	29338501	2715	16	0.0002803266	0.000000256132
15	29338502	30165567	1390	16	0.0001001615	0.000000245793
15	30165568	31591820	1555	16	0.0001986870	0.000000251447
15	31591821	32441810	1375	16	0.0002288020	0.000000253175
15	32441811	34015424	2676	16	-0.0000372333	0.000000237909
15	34015425	35083250	2404	16	0.0001697354	0.000000249786
15	35083251	37456501	4060	16	-0.0000472722	0.000000237333
15	37456502	38530776	1936	16	0.0003190415	0.000000258354
15	38530777	40384131	3241	16	0.0001430073	0.000000248252
15	40384132	41177513	1016	16	0.0001675469	0.000000212238
15	41177514	42776398	2007	16	-0.0000478322	0.000000237300
15	42776399	44198048	931	16	-0.0000196493	0.000000144809
15	44198049	46618786	2482	16	0.0000865479	0.000000245012
15	46618787	48136047	2630	16	0.0000308970	0.000000241818
15	48136048	50008042	1962	16	0.0001705662	0.000000249833
15	50008043	51677559	2713	16	0.0003741176	0.000000261514
15	51677560	53069095	1814	16	0.0000691016	0.000000244011
15	53069096	54508527	2997	16	0.0001369796	0.000000247906
15	54508528	55136268	1401	16	0.0001283720	0.000000241254
15	55136269	56901772	3647	16	0.0002115221	0.000000252184
15	56901773	58441365	2375	16	0.0001601515	0.000000249236
15	58441366	59694115	2058	16	0.0003529508	0.000000260300
15	59694116	61265835	2587	16	0.0002417247	0.000000253917
15	61265836	63215221	3212	16	0.0002653295	0.000000255272
15	63215222	65104667	2380	16	0.0000237537	0.000000241408
15	65104668	67094766	2918	16	0.0000782793	0.000000244537
15	67094767	69017998	2713	16	0.0005150576	0.000000269602
15	69017999	70133340	1221	16	0.0001753609	0.000000250109
15	70133341	71922648	2982	16	0.0004026035	0.000000263149
15	71922649	73628713	1551	16	0.0001534137	0.000000239904
15	73628714	76398623	2694	16	0.0005292950	0.000000270419
15	76398624	78516052	3167	16	0.0000728998	0.000000244229
15	78516053	80860977	4585	16	0.0001516289	0.000000248747
15	80860978	84260467	3726	16	0.0001391652	0.000000248031
15	84260468	86652904	4058	16	0.0002972412	0.000000257103
15	86652905	88369942	3389	16	0.0001308480	0.000000247554
15	88369943	90475550	3213	16	0.0003746920	0.000000261547
15	90475551	92164391	3185	16	0.0001276081	0.000000247368
15	92164392	93780901	3583	16	0.0002247802	0.000000252945
15	93780902	94924329	2999	16	-0.0000713404	0.000000235951
15	94924330	96141595	2432	16	0.0000215698	0.000000241283
15	96141596	98030909	3332	16	-0.0000232693	0.000000238710
15	98030910	99244058	3067	16	0.0000290549	0.000000241713
15	99244059	100636846	3056	16	0.0001291696	0.000000247458
15	100636847	101552693	2112	16	-0.0000257374	0.000000238568
15	101552694	102520965	1831	16	0.0001007170	0.000000245825
16	60054	1207205	2274	16	0.0006766888	0.000000278878
16	1207206	2764828	2324	16	0.0002644282	0.000000255220
16	2764829	4001195	1687	16	-0.0000652797	0.000000236299
16	4001196	5118344	1788	16	0.0001932869	0.000000251137
16	5118345	5891579	2225	16	0.0001293508	0.000000247468
16	5891580	6893550	2978	16	0.0000861976	0.000000244992
16	6893551	7529120	2380	16	0.0001000417	0.000000245786
16	7529121	8338518	2689	16	0.0000425247	0.000000242486
16	8338519	9799418	3991	16	-0.0000908168	0.000000234834
16	9799419	10426031	1691	16	0.0000830314	0.000000244810
16	10426032	11520160	2556	16	0.0000534978	0.000000243115
16	11520161	12613097	2163	16	0.0000350128	0.000000242055
16	12613098	13154436	1711	16	0.0005579250	0.000000272062
16	13154437	14464001	2656	16	-0.0000316870	0.000000238227
16	14464002	16154059	1453	16	0.0002886978	0.000000256613
16	16154060	17644748	2060	16	-0.0000048138	0.000000239769
16	17644749	18643606	1163	16	-0.0000138269	0.000000239252
16	18643607	20150570	2269	16	0.0000334000	0.000000241962
16	20150571	22448903	2175	16	0.0000531823	0.000000243097
16	22448904	24136874	2326	16	0.0000134538	0.000000240817
16	24136875	25986861	3808	16	0.0000122678	0.000000240749
16	25986862	27445754	3214	16	0.0003194021	0.000000258375
16	27445755	29036612	1354	16	-0.0000567215	0.000000236790
16	29036613	31382942	1932	16	0.0001131025	0.000000246536
16	31382943	46399472	1163	16	0.0000132866	0.000000240808
16	46399473	49007925	1516	16	0.0000777371	0.000000244506
16	49007926	52035822	4527	16	0.0002151840	0.000000252394
16	52035823	53382571	2152	16	0.0000567508	0.000000243302
16	53382572	55903773	4723	16	0.0001966025	0.000000251328
16	55903774	57664329	2704	16	0.0002618848	0.000000255074
16	57664330	59045404	2648	16	0.0000678616	0.000000243940
16	59045405	60745693	3012	16	0.0000692892	0.000000244022
16	60745694	62229848	1931	16	-0.0000048081	0.000000239769
16	62229849	63691588	2436	16	-0.0000377015	0.000000237882
16	63691589	65938565	4063	16	0.0001328413	0.000000247669
16	65938566	68841362	2711	16	0.0002153042	0.000000252401
16	68841363	71054027	2257	16	0.0003806316	0.000000261888
16	71054028	72935149	2006	16	0.0001681090	0.000000249692
16	72935150	74971502	3397	16	0.0000934075	0.000000245406
16	74971503	75977953	1660	16	0.0000419197	0.000000242451
16	75977954	77523677	3786	16	0.0001395384	0.000000248053
16	77523678	78456291	3338	16	0.0000565324	0.000000243289
16	78456292	79134814	2188	16	-0.0000339925	0.000000238095
16	79134815	80297373	2964	16	0.0001518361	0.000000248759
16	80297374	81772535	3532	16	0.0002683052	0.000000255442
16	81772536	82747727	2495	16	0.0000424198	0.000000242480
16	82747728	83477207	2467	16	0.0000729700	0.000000244233
16	83477208	84445882	2902	16	-0.0000420395	0.000000237633
16	84445883	85148684	2222	16	0.0001223292	0.000000247065
16	85148685	86156598	2398	16	0.0000076136	0.000000240482
16	86156599	86815410	1977	16	0.0005669902	0.000000272583
16	86815411	87647348	1630	16	0.0004540307	0.000000266100
16	87647349	89041164	3699	16	0.0002159340	0.000000252437
16	89041165	90292811	2321	16	0.0001357221	0.000000247834
17	56	1172398	2787	16	0.0001079669	0.000000246241
17	1172399	1928730	1659	16	0.0001436291	0.000000248288
17	1928731	3702311	3433	16	0.0001509925	0.000000248710
17	3702312	4696260	1884	16	0.0003950514	0.000000262716
17	4696261	5741333	2058	16	0.0003511161	0.000000260194
17	5741334	7317397	3124	16	0.0000230809	0.000000241370
17	7317398	8306424	1322	16	0.0004101089	0.000000263580
17	8306425	9965920	3131	16	0.0000014837	0.000000240130
17	9965921	11102814	2106	16	0.0001314190	0.000000247587
17	11102815	12534768	2507	16	0.0000391450	0.000000242292
17	12534769	13180371	1530	16	0.0002306214	0.000000253280
17	13180372	13894636	1911	16	-0.0000109712	0.000000239416
17	13894637	15019096	2983	16	-0.0000089725	0.000000239530
17	15019097	16412341	1874	16	0.0000511763	0.000000242982
17	16412342	18856319	3197	16	0.0005999203	0.000000274472
17	18856320	21290356	2270	16	0.0001502820	0.000000248669
17	21290357	27334243	3010	16	0.0000687656	0.000000243992
17	27334244	29786490	2298	16	0.0002193647	0.000000252634
17	29786491	31538424	2658	16	-0.0000050855	0.000000239753
17	31538425	32912797	3146	16	0.0000925895	0.000000245359
17	32912798	34469035	2241	16	0.0003426583	0.000000259709
17	34469036	36809343	2623	16	0.0002470159	0.000000254221
17	36809344	38877403	1989	16	0.0002098551	0.000000252088
17	38877404	39899809	1894	16	0.0001562637	0.000000249013
17	39899810	41772086	1930	16	0.0003147179	0.000000258106
17	41772087	43056904	1538	16	0.0012408309	0.000000311252
17	43056905	45876021	4494	16	0.0005593029	0.000000272142
17	45876022	47517399	2506	16	0.0002601325	0.000000254973
17	47517400	49898956	3316	16	0.0002144079	0.000000252349
17	49898957	50719054	1303	16	-0.0000016233	0.000000157985
17	50719055	51826117	2067	16	0.0001759903	0.000000250145
17	51826118	53599431	2986	16	0.0000857705	0.000000244967
17	53599432	55357540	2783	16	0.0002880183	0.000000256574
17	55357541	57487511	2633	16	0.0000271234	0.000000241602
17	57487512	59312754	1221	16	-0.0000307030	0.000000184358
17	59312755	61545588	2246	16	0.0001513798	0.000000248732
17	61545589	63148127	1370	16	-0.0000742638	0.000000235784
17	63148128	64800429	3375	16	0.0002967550	0.000000257075
17	64800430	67858769	4696	16	0.0000032209	0.000000240230
17	67858770	69387816	2838	16	0.0003076231	0.000000257699
17	69387817	72672202	6349	16	0.0001323010	0.000000247638
17	72672203	74375559	2028	16	-0.0000217693	0.000000238796
17	74375560	76263412	4009	16	-0.0000619615	0.000000236490
17	76263413	77298635	2406	16	0.0000455885	0.000000242661
17	77298636	78837587	3320	16	0.0003160922	0.000000258185
17	78837588	80034407	2247	16	0.0000997197	0.000000245768
17	80034408	81194907	2240	16	0.0003721104	0.000000261399
18	10644	912485	2221	16	0.0001673133	0.000000249647
18	912486	1942910	2149	16	-0.0000168364	0.000000239079
18	1942911	3891657	4535	16	-0.0000559849	0.000000236833
18	3891658	5834179	4112	16	-0.0000119835	0.000000239358
18	5834180	7090484	2255	16	0.0000810081	0.000000244694
18	7090485	8498930	2610	16	0.0000648183	0.000000243765
18	8498931	11075912	6040	16	-0.0000059547	0.000000239704
18	11075913	11905439	1668	16	0.0002537254	0.000000254606
18	11905440	14440798	5175	16	0.0000300296	0.000000241769
18	14440799	19485843	1811	16	-0.0000563879	0.000000236809
18	19485844	20649471	1647	16	0.0002208043	0.000000252716
18	20649472	22996650	3226	16	0.0001535386	0.000000248856
18	22996651	24026190	1390	16	0.0001865813	0.000000249630
18	24026191	25927681	2938	16	-0.0000223331	0.000000238764
18	25927682	26875586	1338	16	0.0000907361	0.000000170433
18	26875587	27866477	1832	16	-0.0000761878	0.000000222854
18	27866478	30264065	3998	16	0.0001806934	0.000000250415
18	30264066	31780066	1739	16	0.0000381833	0.000000241675
18	31780067	33861963	2823	16	0.0001494762	0.000000248623
18	33861964	35075249	1772	16	0.0000950699	0.000000245501
18	35075250	36365489	2170	16	0.0001379706	0.000000247963
18	36365490	37684366	1752	16	0.0002519162	0.000000250017
18	37684367	39892647	3755	16	0.0003526525	0.000000260283
18	39892648	42922105	4755	16	0.0004038798	0.000000263222
18	42922106	44299245	2498	16	0.0001473763	0.000000248503
18	44299246	45939731	2727	16	0.0001305737	0.000000247538
18	45939732	47730583	3393	16	0.0001867842	0.000000250764
18	47730584	51062184	5745	16	-0.0000674749	0.000000236173
18	51062185	51554174	1458	16	0.0002131268	0.000000131901
18	51554175	55213837	4951	16	0.0002031548	0.000000251704
18	55213838	56530219	2915	16	0.0002261918	0.000000253026
18	56530220	57630482	2510	16	0.0001141956	0.000000246599
18	57630483	59020750	1942	16	-0.0000552769	0.000000236873
18	59020751	60277714	2595	16	0.0005919804	0.000000274017
18	60277715	61820251	2514	16	0.0001877347	0.000000250819
18	61820252	63463401	3015	16	0.0000968654	0.000000245604
18	63463402	64252800	1571	16	0.0000881786	0.000000200720
18	64252801	66125816	4104	16	0.0001607870	0.000000249272
18	66125817	67175819	1675	16	0.0000103256	0.000000240638
18	67175820	68621178	2321	16	0.0002839582	0.000000256341
18	68621179	69621617	2425	16	-0.0000173667	0.000000239049
18	69621618	71038473	3194	16	0.0000175862	0.000000241055
18	71038474	71971461	2264	16	0.0001367844	0.000000247895
18	71971462	73526986	2557	16	0.0002071123	0.000000251931
18	73526987	74813814	2863	16	0.0001242219	0.000000247174
18	74813815	75976316	3465	16	0.0001809926	0.000000250432
18	75976317	77149990	2984	16	0.0001429898	0.000000248251
18	77149991	78017157	2110	16	0.0002776777	0.000000255980
19	80840	610728	1038	16	0.0001624423	0.000000249367
19	610729	2098395	2827	16	0.0002051466	0.000000251818
19	2098396	3019659	1959	16	0.0002598407	0.000000254957
19	3019660	4348966	2599	16	-0.0000001204	0.000000240038
19	4348967	5811851	2826	16	0.0000383942	0.000000242249
19	5811852	6684884	1518	16	0.0001440309	0.000000248311
19	6684885	8347512	3694	16	0.0003890644	0.000000262372
19	8347513	9238392	1493	16	0.0003062222	0.000000257618
19	9238393	11284027	3240	16	0.0000259949	0.000000241537
19	11284028	13471126	2699	16	0.0001124703	0.000000246500
19	13471127	14486346	1563	16	0.0001769614	0.000000250200
19	14486347	15648609	2233	16	0.0000694935	0.000000244033
19	15648610	16374415	2372	16	0.0002190885	0.000000252618
19	16374416	18409861	3589	16	0.0001188977	0.000000246868
19	18409862	19877470	1750	16	0.0000915115	0.000000245297
19	19877471	20905756	2270	16	0.0000816493	0.000000244731
19	20905757	22732895	4698	16	0.0001035610	0.000000245988
19	22732896	23467745	1771	16	0.0001732787	0.000000199198
19	23467746	28557892	4069	16	0.0001793065	0.000000250335
19	28557893	29790946	3081	16	0.0001353552	0.000000247813
19	29790947	30727953	1916	16	0.0001070072	0.000000246186
19	30727954	32746519	2677	16	-0.0000238512	0.000000238677
19	32746520	34262951	3035	16	0.0011653154	0.000000306918
19	34262952	36469294	3511	16	0.0001180919	0.000000246822
19	36469295	37527032	1681	16	0.0001248308	0.000000232719
19	37527033	40170618	3743	16	0.0001810585	0.000000250436
19	40170619	40984600	1056	16	0.0002036145	0.000000230623
19	40984601	42131572	1767	16	0.0000593271	0.000000243450
19	42131573	43862454	2685	16	0.0000735559	0.000000244266
19	43862455	44744107	1416	16	0.0002274019	0.000000253095
19	44744108	46102696	2265	16	0.0004273188	0.000000264567
19	46102697	47150081	1855	16	0.0000952885	0.000000245514
19	47150082	49282226	3456	16	0.0001816929	0.000000250472
19	49282227	51532566	3584	16	0.0000533237	0.000000243105
19	51532567	52985289	3153	16	0.0000115936	0.000000240711
19	52985290	54602361	5103	16	0.0000044782	0.000000240302
19	54602362	55728079	2634	16	-0.0000476254	0.000000237312
19	55728080	57521334	3735	16	0.0000047334	0.000000240317
19	57521335	59118838	2815	16	-0.0000169920	0.000000239070
20	60479	697599	1243	16	-0.0000364867	0.000000237951
20	697600	2469500	4013	16	0.0000643835	0.000000243740
20	2469501	3828412	2423	16	0.0000076103	0.000000240482
20	3828413	5477849	4019	16	0.0000955626	0.000000245529
20	5477850	7084072	3292	16	0.0002283034	0.000000253147
20	7084073	8117010	1984	16	0.0001200944	0.000000246937
20	8117011	9730920	2895	16	0.0002385401	0.000000253734
20	9730921	11249535	2895	16	0.0006792745	0.000000279026
20	11249536	12447498	2395	16	0.0000543551	0.000000242603
20	12447499	13689863	2566	16	0.0002960487	0.000000257034
20	13689864	15958358	3867	16	0.0002929242	0.000000256855
20	15958359	17487231	3566	16	0.0000376899	0.000000242208
20	17487232	18972202	3079	16	0.0000190945	0.000000241141
20	18972203	20959709	3036	16	0.0001060118	0.000000246129
20	20959710	22491455	1850	16	0.0002817299	0.000000256213
20	22491456	23293789	1383	16	0.0001167320	0.000000246744
20	23293790	24717723	2761	16	0.0000709220	0.000000244115
20	24717724	25344230	1374	16	0.0000347762	0.000000169817
20	25344231	31614822	3886	16	0.0000160295	0.000000240965
20	31614823	32813440	1103	16	0.0000503188	0.000000231215
20	32813441	34960445	1958	16	-0.0000000596	0.000000240042
20	34960446	36909529	2183	16	0.0002952202	0.000000256987
20	36909530	38436760	2194	16	0.0003730396	0.000000261453
20	38436761	39610855	1960	16	0.0003278120	0.000000258857
20	39610856	40585688	1208	16	0.0000676838	0.000000207061
20	40585689	41615459	1857	16	-0.0000478159	0.000000237301
20	41615460	42680175	1790	16	0.0000681494	0.000000243956
20	42680176	44839055	3230	16	0.0000909792	0.000000245266
20	44839056	47199979	4150	16	0.0001950206	0.000000251237
20	47199980	49239657	3534	16	0.0002071573	0.000000251933
20	49239658	52472548	6115	16	0.0000948706	0.000000245490
20	52472549	54055265	2830	16	-0.0000573422	0.000000236755
20	54055266	56447958	4869	16	0.0001553934	0.000000248963
20	56447959	58406571	3164	16	0.0000750812	0.000000244354
20	58406572	59561723	1957	16	0.0001686497	0.000000249723
20	59561724	61301854	4131	16	0.0004282838	0.000000264623
20	61301855	62190179	2083	16	-0.0000830242	0.000000235281
20	62190180	62965162	1383	16	0.0003985586	0.000000262917
21	9411243	15950981	2855	16	0.0000517814	0.000000243017
21	15950982	18053164	3098	16	0.0003472511	0.000000259973
21	18053165	19480374	2720	16	0.0000071062	0.000000240453
21	19480375	20962338	3430	16	0.0000633596	0.000000243681
21	20962339	22072763	2558	16	0.0003021153	0.000000257383
21	22072764	23362874	2933	16	0.0001415033	0.000000248166
21	23362875	24696230	2527	16	0.0000180561	0.000000241081
21	24696231	26469121	4167	16	0.0002929908	0.000000256859
21	26469122	27271018	1207	16	-0.0000275484	0.000000180850
21	27271019	29125225	4065	16	0.0000530560	0.000000243090
21	29125226	31197024	3884	16	0.0001649762	0.000000249513
21	31197025	32668641	2602	16	-0.0000725265	0.000000235883
21	32668642	34376998	3212	16	0.0000137350	0.000000240834
21	34376999	35225464	1183	16	0.0001277214	0.000000247375
21	35225465	36524372	2242	16	0.0000869523	0.000000245035
21	36524373	37870778	2547	16	0.0007202941	0.000000281380
21	37870779	38711703	1526	16	0.0003416860	0.000000259653
21	38711704	40482901	3395	16	0.0000791793	0.000000244589
21	40482902	41389526	2337	16	0.0001096384	0.000000246337
21	41389527	43321527	4372	16	-0.0000023211	0.000000239912
21	43321528	44506267	3125	16	0.0002491715	0.000000254344
21	44506268	46177104	2908	16	0.0000508227	0.000000242962
21	46177105	47492225	2826	16	0.0001542567	0.000000248898
21	47492226	48119751	1357	16	0.0003790749	0.000000261799
22	16050408	17674294	1627	16	0.0000329648	0.000000241937
22	17674295	18296087	1421	16	-0.0000034585	0.000000239847
22	18296088	19912357	2694	16	0.0002066608	0.000000251905
22	19912358	22357324	2909	16	0.0000281257	0.000000241659
22	22357325	23712646	3308	16	0.0001347324	0.000000247777
22	23712647	24984203	2135	16	-0.0000505826	0.000000237143
22	24984204	26791627	3384	16	-0.0000203650	0.000000238877
22	26791628	27834751	2571	16	0.0000417967	0.000000242444
22	27834752	29651798	2271	16	0.0001604565	0.000000249253
22	29651799	31439917	2371	16	0.0001033614	0.000000245977
22	31439918	32664985	1600	16	-0.0001022712	0.000000233055
22	32664986	34494913	3792	16	0.0001617813	0.000000249329
22	34494914	35530984	2429	16	-0.0000317580	0.000000238223
22	35530985	37570268	3766	16	0.0000883353	0.000000245115
22	37570269	39307893	2471	16	0.0004110192	0.000000263632
22	39307894	40545796	1779	16	0.0001487851	0.000000248584
22	40545797	42690817	2354	16	0.0001146406	0.000000246624
22	42690818	43714199	2159	16	-0.0000172441	0.000000239056
22	43714200	44995307	2967	16	0.0000540068	0.000000243145
22	44995308	46470494	3469	16	-0.0000068692	0.000000239651
22	46470495	47596317	2434	16	-0.0000648440	0.000000236324
22	47596318	48903702	3213	16	-0.0000186916	0.000000238973
22	48903703	49824533	4069	16	0.0003752041	0.000000261577
22	49824534	51243297	2727	16	0.0001662916	0.000000249588
