chr	start	end	num_snp	k	local_h2g	var
1	10583	1892606	182	14	0.0001921203	0.000000183283
1	1892607	3582735	842	14	0.0000182428	0.000000445850
1	3582736	4380810	580	14	0.0000103259	0.000000290450
1	4380811	5913892	1938	14	0.0000018612	0.000000324182
1	5913893	7247334	761	14	0.0000684515	0.000000315305
1	7247335	9365198	1324	14	-0.0000035450	0.000000323903
1	9365199	10806983	566	14	0.0001747460	0.000000256337
1	10806984	11777840	428	14	0.0001721697	0.000000252865
1	11777841	12779465	476	14	0.0002376187	0.000000302980
1	12779466	14891510	1246	14	0.0003012849	0.000000349842
1	14891511	16897729	1197	14	-0.0000176453	0.000000344633
1	16897730	18662898	1197	14	0.0002657526	0.000000358919
1	18662899	20469148	1292	14	0.0001098763	0.000000368233
1	20469149	21736587	830	14	0.0000336913	0.000000319477
1	21736588	23086882	975	14	0.0002550099	0.000000353801
1	23086883	23920589	370	14	0.0002239521	0.000000146190
1	23920590	25516844	940	14	0.0003171328	0.000000358527
1	25516845	27401866	686	14	0.0004747383	0.000000247351
1	27401867	30161880	991	14	0.0000288609	0.000000334855
1	30161881	32438684	1975	14	0.0003021082	0.000000341272
1	32438685	34799757	1224	14	0.0000637910	0.000000326260
1	34799758	37549182	1042	14	0.0000122550	0.000000344737
1	37549183	38731846	638	14	0.0006751945	0.000000302029
1	38731847	40200566	772	14	0.0005595970	0.000000370636
1	40200567	41975326	1043	14	0.0001206532	0.000000315624
1	41975327	43758456	1149	14	0.0000360966	0.000000313760
1	43758457	44969182	647	14	0.0002614831	0.000000217495
1	44969183	46899500	832	14	0.0001647785	0.000000192837
1	46899501	48002575	546	14	0.0010533463	0.000000216832
1	48002576	48978187	579	14	0.0001952599	0.000000220438
1	48978188	49894176	472	14	0.0004716035	0.000000158412
1	49894177	51713725	495	14	0.0000253453	0.000000103161
1	51713726	54226261	1009	14	0.0001150095	0.000000321090
1	54226262	56413116	1515	14	0.0001450793	0.000000340631
1	56413117	57021727	543	14	0.0001350954	0.000000146593
1	57021728	58865398	1624	14	0.0002488920	0.000000343133
1	58865399	59890408	807	14	0.0000795776	0.000000238698
1	59890409	61922364	1254	14	-0.0000085372	0.000000324871
1	61922365	63455088	1021	14	0.0002645441	0.000000362772
1	63455089	65041703	1386	14	0.0000806341	0.000000319143
1	65041704	66939403	1376	14	0.0002443624	0.000000312373
1	66939404	68477894	1387	14	0.0001619574	0.000000308084
1	68477895	69687615	788	14	0.0000243213	0.000000243578
1	69687616	71372469	1163	14	-0.0000595736	0.000000321283
1	71372470	71684404	182	13	0.0000934346	0.000000040865
1	71684405	74326906	1638	14	0.0001408831	0.000000304125
1	74326907	76728134	1716	14	-0.0001079490	0.000000301136
1	76728135	79661197	2039	14	-0.0000605621	0.000000319458
1	79661198	81354190	1241	14	-0.0000025284	0.000000315998
1	81354191	83991747	2259	14	-0.0000181269	0.000000327212
1	83991748	84844494	589	14	0.0001400199	0.000000165745
1	84844495	86454750	1327	14	0.0000311974	0.000000315866
1	86454751	88128630	1185	14	0.0002089868	0.000000337780
1	88128631	90066302	1052	14	0.0001353130	0.000000326271
1	90066303	91886316	1095	14	0.0002738310	0.000000343708
1	91886317	93536458	1096	14	0.0001757781	0.000000286511
1	93536459	94506190	546	14	0.0001312935	0.000000132261
1	94506191	96150892	1171	14	0.0002097982	0.000000334300
1	96150893	97885248	1180	14	0.0002033425	0.000000315333
1	97885249	99800603	1321	14	0.0000023226	0.000000315955
1	99800604	100826404	672	14	-0.0000780595	0.000000148944
1	100826405	102041015	922	14	0.0002238615	0.000000265036
1	102041016	102898744	703	14	0.0001037730	0.000000183394
1	102898745	103914210	624	14	0.0002021975	0.000000110838
1	103914211	106087841	1298	14	-0.0000302156	0.000000324319
1	106087842	108409664	1715	14	0.0001533282	0.000000336090
1	108409665	110303930	1089	14	0.0001901639	0.000000360498
1	110303931	111741736	1024	14	0.0000681480	0.000000351622
1	111741737	113273305	1369	14	0.0000356106	0.000000324773
1	113273306	114873844	929	14	-0.0000121615	0.000000330438
1	114873845	115880592	603	14	0.0002175762	0.000000188026
1	115880593	118839066	1735	14	0.0002107090	0.000000350824
1	118839067	144977493	1239	14	0.0001011985	0.000000316106
1	144977494	148361252	846	14	0.0002375416	0.000000276467
1	148361253	151538880	574	14	0.0002263428	0.000000172311
1	151538881	153180828	1046	14	-0.0000564749	0.000000230407
1	153180829	154770402	806	14	0.0002678453	0.000000303700
1	154770403	156336132	486	14	0.0001083983	0.000000206702
1	156336133	158027411	1232	14	0.0000089756	0.000000335545
1	158027412	159913047	1397	14	0.0001808697	0.000000362703
1	159913048	162346720	1650	14	0.0001108900	0.000000346976
1	162346721	165191701	2523	14	0.0001439680	0.000000333976
1	165191702	166460516	1064	14	0.0002183647	0.000000341096
1	166460517	169086323	2133	14	0.0001608683	0.000000353113
1	169086324	170557775	1420	14	0.0002289779	0.000000290805
1	170557776	173097906	1775	14	0.0000791147	0.000000320911
1	173097907	175089767	774	14	-0.0000261244	0.000000150297
1	175089768	177433380	1638	14	-0.0000835007	0.000000318216
1	177433381	178944308	976	14	0.0002620463	0.000000280351
1	178944309	178954469	3	1	0.0002244173	0.000000041245
1	178954470	181144120	1570	14	0.0000018291	0.000000304824
1	181144121	182755355	1158	14	0.0000155351	0.000000326434
1	182755356	184595512	1343	14	0.0002228597	0.000000342715
1	184595513	186810022	956	14	0.0001246591	0.000000295914
1	186810023	188759944	1596	14	0.0002763865	0.000000333644
1	188759945	189904129	658	14	-0.0000274700	0.000000104794
1	189904130	191868929	1587	14	0.0001136188	0.000000277264
1	191868930	194107441	1417	14	0.0000881858	0.000000330585
1	194107442	196176200	1691	14	0.0001197522	0.000000324253
1	196176201	197311513	515	14	0.0001128860	0.000000106653
1	197311514	199239883	1083	14	0.0001275916	0.000000316704
1	199239884	200137648	678	14	0.0001952622	0.000000195494
1	200137649	201589974	1293	14	0.0000689713	0.000000340750
1	201589975	203334733	1096	14	0.0002441729	0.000000375050
1	203334734	204681067	890	14	0.0000042539	0.000000344422
1	204681068	206073264	1092	14	0.0007726664	0.000000379107
1	206073265	208410363	1242	14	0.0000381110	0.000000335312
1	208410364	210787749	1831	14	0.0003494164	0.000000348606
1	210787750	212842329	1342	14	0.0003098243	0.000000343125
1	212842330	214578265	1137	14	0.0000646008	0.000000336857
1	214578266	216243633	1333	14	0.0001352040	0.000000319311
1	216243634	218705512	2395	14	0.0001688068	0.000000322916
1	218705513	219590570	692	14	0.0000804671	0.000000186881
1	219590571	221858230	1586	14	0.0002069227	0.000000322581
1	221858231	222230219	352	14	0.0002485294	0.000000123405
1	222230220	224938519	1122	14	0.0001551045	0.000000388625
1	224938520	226810859	970	14	0.0000495190	0.000000336972
1	226810860	229156247	1523	14	0.0001306874	0.000000345075
1	229156248	230685254	957	14	0.0002753560	0.000000378770
1	230685255	232090251	1101	14	0.0000087024	0.000000344343
1	232090252	233429283	1171	14	0.0000653285	0.000000350863
1	233429284	234599433	1096	14	0.0000432956	0.000000349863
1	234599434	235819435	757	14	0.0001455620	0.000000383396
1	235819436	237555627	1429	14	0.0000450365	0.000000348056
1	237555628	238567806	927	14	0.0000589635	0.000000335199
1	238567807	239925313	1159	14	0.0002501294	0.000000333684
1	239925314	240564090	700	14	0.0001340079	0.000000261642
1	240564091	241582219	980	14	0.0001018577	0.000000375956
1	241582220	242071601	404	14	-0.0000892844	0.000000149090
1	242071602	244109498	1217	14	0.0000871334	0.000000347383
1	244109499	245506745	968	14	0.0001739723	0.000000396014
1	245506746	247344517	1482	14	0.0001478775	0.000000365271
1	247344518	249239465	893	14	0.0000044072	0.000000346054
2	10133	1781021	1408	14	0.0000516957	0.000000319671
2	1781022	3973778	1900	14	0.0000150266	0.000000329713
2	3973779	5708336	1460	14	0.0000437197	0.000000317556
2	5708337	6836253	1309	14	-0.0000143389	0.000000308008
2	6836254	8422146	1368	14	0.0001472952	0.000000316238
2	8422147	10298468	1392	14	0.0003583817	0.000000355274
2	10298469	12419149	1929	14	-0.0000927239	0.000000327540
2	12419150	14335307	1621	14	0.0001578421	0.000000310513
2	14335308	16329734	1792	14	0.0001334983	0.000000303946
2	16329735	18647422	1899	14	0.0001464455	0.000000321227
2	18647423	19692403	813	14	0.0002160694	0.000000250629
2	19692404	21050489	1320	14	0.0000610883	0.000000313792
2	21050490	23341382	1405	14	0.0001281143	0.000000312587
2	23341383	24686917	878	14	0.0001537737	0.000000278070
2	24686918	26894984	1073	14	0.0001546003	0.000000323401
2	26894985	28598776	730	14	0.0000955008	0.000000210149
2	28598777	29217558	474	14	0.0000982741	0.000000171877
2	29217559	30463710	1211	14	0.0000451198	0.000000314710
2	30463711	31550449	1185	14	0.0000285906	0.000000314353
2	31550450	33363776	838	14	0.0000902268	0.000000321822
2	33363777	35345027	1822	14	0.0000932184	0.000000312939
2	35345028	36122005	879	14	-0.0000658182	0.000000205064
2	36122006	38132711	1929	14	0.0001672991	0.000000321693
2	38132712	39031336	643	14	0.0002122049	0.000000278518
2	39031337	40281482	642	14	-0.0000125208	0.000000213253
2	40281483	43309589	2880	14	0.0000253565	0.000000290271
2	43309590	44313802	855	14	0.0002656330	0.000000320000
2	44313803	46482633	2026	14	0.0000472114	0.000000322790
2	46482634	47318771	798	14	0.0001088537	0.000000327955
2	47318772	48213000	530	14	0.0001129612	0.000000319937
2	48213001	50022256	1561	14	0.0002232167	0.000000310859
2	50022257	50818927	833	14	0.0000897292	0.000000216912
2	50818928	52491132	1694	14	0.0000394119	0.000000298058
2	52491133	53508451	1141	14	0.0000719006	0.000000299744
2	53508452	54685225	897	14	0.0000282087	0.000000297950
2	54685226	56203344	1243	14	0.0003600844	0.000000312690
2	56203345	57429099	994	14	0.0001284967	0.000000273888
2	57429100	58297314	675	14	-0.0000063465	0.000000172625
2	58297315	60291999	1359	14	0.0004446648	0.000000321348
2	60292000	62429043	1062	14	0.0009988591	0.000000354384
2	62429044	64625912	1156	14	0.0002539792	0.000000312559
2	64625913	65933443	896	14	0.0006244887	0.000000346853
2	65933444	67226165	1162	14	0.0000079211	0.000000300062
2	67226166	68010175	949	14	0.0001743923	0.000000261684
2	68010176	69139563	1062	14	0.0001774491	0.000000324490
2	69139564	70755197	991	14	0.0003368728	0.000000306951
2	70755198	73174847	1825	14	0.0001112654	0.000000327338
2	73174848	75630085	1499	14	0.0001334732	0.000000332894
2	75630086	76913660	1097	14	0.0001597989	0.000000300171
2	76913661	78079263	942	14	0.0000012719	0.000000327146
2	78079264	80050402	2057	14	0.0001601318	0.000000303124
2	80050403	81620840	1152	14	-0.0000480463	0.000000300938
2	81620841	85140679	2454	14	0.0001228163	0.000000293922
2	85140680	88038506	1254	14	0.0004497181	0.000000336119
2	88038507	89154525	452	14	0.0000063768	0.000000128168
2	89154526	95326451	51	5	0.0000553234	0.000000052819
2	95326452	98995200	878	14	0.0000069867	0.000000277205
2	98995201	101822328	1934	14	0.0001061758	0.000000284628
2	101822329	102688764	614	14	-0.0000177443	0.000000143449
2	102688765	103588214	982	14	0.0001564932	0.000000186729
2	103588215	105125033	810	14	-0.0000197534	0.000000204382
2	105125034	106210057	875	14	-0.0000290026	0.000000265334
2	106210058	107408266	971	14	0.0000168720	0.000000307525
2	107408267	108429176	949	14	-0.0000119151	0.000000190734
2	108429177	110572431	1168	14	0.0001146418	0.000000314262
2	110572432	113921855	1462	14	0.0006206852	0.000000334629
2	113921856	116772469	1717	14	0.0002776643	0.000000322462
2	116772470	118367465	1057	14	-0.0000124958	0.000000212919
2	118367466	121303782	2077	14	0.0000979200	0.000000318394
2	121303783	123302905	1259	14	0.0001362210	0.000000345434
2	123302906	124732249	1204	14	0.0002405670	0.000000235863
2	124732250	125840920	901	14	0.0001541665	0.000000246707
2	125840921	127373763	1094	14	-0.0000477576	0.000000193888
2	127373764	128034346	625	14	0.0000065402	0.000000209443
2	128034347	129474440	862	14	0.0001159592	0.000000295398
2	129474441	130067169	483	14	0.0001638793	0.000000134555
2	130067170	130658084	479	14	0.0002643331	0.000000138306
2	130658085	133042783	549	14	0.0001582482	0.000000288746
2	133042784	135158577	1781	14	-0.0000440057	0.000000310234
2	135158578	137042793	872	14	0.0000713269	0.000000226036
2	137042794	138698116	1261	14	0.0002595061	0.000000330323
2	138698117	140100270	1047	14	0.0000261736	0.000000218316
2	140100271	141805350	1430	14	0.0002661699	0.000000331452
2	141805351	142518601	728	14	0.0002779702	0.000000201408
2	142518602	144519483	1517	14	0.0000775187	0.000000311226
2	144519484	146445569	890	14	0.0000043865	0.000000266772
2	146445570	147277161	387	14	0.0001943987	0.000000103530
2	147277162	150210291	1519	14	0.0002499383	0.000000316140
2	150210292	151731461	1064	14	0.0004304107	0.000000343214
2	151731462	152486781	584	14	0.0009794954	0.000000199396
2	152486782	154005055	1057	14	0.0002227920	0.000000303531
2	154005056	155391134	1176	14	0.0000980950	0.000000314986
2	155391135	157560634	1251	14	0.0000989988	0.000000314128
2	157560635	158533217	353	14	0.0002222959	0.000000139981
2	158533218	159577081	732	14	0.0002631724	0.000000232477
2	159577082	161769732	1407	14	0.0002653015	0.000000319231
2	161769733	163503550	731	14	-0.0000075737	0.000000180788
2	163503551	164466637	542	14	0.0001317406	0.000000143506
2	164466638	165178839	423	14	0.0000778169	0.000000121185
2	165178840	167160269	1398	14	0.0003418417	0.000000314564
2	167160270	167355969	176	13	0.0000378470	0.000000042830
2	167355970	169968235	1691	14	0.0000022370	0.000000301149
2	169968236	171226244	997	14	-0.0000223777	0.000000308349
2	171226245	173138904	1053	14	0.0001035376	0.000000317547
2	173138905	175588928	1659	14	0.0002033967	0.000000325848
2	175588929	177363635	1015	14	-0.0000450866	0.000000307782
2	177363636	178553182	1048	14	0.0000757034	0.000000264345
2	178553183	181312738	2236	14	-0.0000537319	0.000000300944
2	181312739	182266030	716	14	0.0000681453	0.000000168817
2	182266031	184357607	1337	14	0.0000127970	0.000000318224
2	184357608	185280172	636	14	0.0004359824	0.000000166584
2	185280173	189882064	2564	14	0.0000886866	0.000000312809
2	189882065	191973356	1087	14	0.0005103831	0.000000303517
2	191973357	195861163	1734	14	0.0000833353	0.000000335053
2	195861164	196447455	348	14	0.0004032377	0.000000120163
2	196447456	198078109	901	14	0.0003485563	0.000000226054
2	198078110	199311124	623	14	0.0002629564	0.000000148932
2	199311125	201576283	1273	14	0.0001185873	0.000000300719
2	201576284	202818636	530	14	0.0002665148	0.000000199557
2	202818637	205799240	1388	14	0.0002814837	0.000000333775
2	205799241	206735703	684	14	-0.0000447386	0.000000339746
2	206735704	208645398	1205	14	0.0001813262	0.000000330916
2	208645399	209941528	741	14	0.0003534510	0.000000255560
2	209941529	212379517	1724	14	0.0001708097	0.000000309467
2	212379518	214014281	1473	14	0.0001727519	0.000000324288
2	214014282	215573794	1066	14	-0.0001433408	0.000000270067
2	215573795	217715660	1549	14	0.0000801794	0.000000331764
2	217715661	218395479	534	14	-0.0001348494	0.000000198739
2	218395480	220454550	938	14	0.0004548066	0.000000373934
2	220454551	222521175	1864	14	-0.0001149251	0.000000314380
2	222521176	224859418	1718	14	0.0001658956	0.000000347371
2	224859419	225840003	762	14	0.0003624782	0.000000206510
2	225840004	228119841	1627	14	0.0005026539	0.000000346264
2	228119842	229370786	952	14	0.0001395468	0.000000286711
2	229370787	231843388	1895	14	0.0001543658	0.000000334808
2	231843389	233550002	825	14	0.0000610745	0.000000349935
2	233550003	235150986	1488	14	0.0000803623	0.000000322957
2	235150987	236043549	793	14	-0.0000426536	0.000000359781
2	236043550	237449031	917	14	0.0000388985	0.000000320713
2	237449032	238760980	1098	14	0.0000200880	0.000000318249
2	238760981	239952642	857	14	0.0001300346	0.000000350470
2	239952643	241560083	1271	14	-0.0000588910	0.000000365064
2	241560084	242149920	386	14	0.0001812503	0.000000162949
2	242149921	243188919	272	14	0.0002029736	0.000000131876
3	60157	1441778	1268	14	0.0001155875	0.000000348526
3	1441779	2992119	1747	14	0.0000019619	0.000000340294
3	2992120	4431646	1564	14	0.0000442704	0.000000342308
3	4431647	6083182	1515	14	0.0003226122	0.000000374622
3	6083183	7083386	944	14	0.0000496055	0.000000341209
3	7083387	8648560	1788	14	0.0000077988	0.000000308634
3	8648561	9543182	858	14	-0.0000101474	0.000000375054
3	9543183	11019664	1003	14	-0.0001078286	0.000000342031
3	11019665	13070798	1365	14	0.0002706835	0.000000365676
3	13070799	14816899	1481	14	0.0003207593	0.000000370570
3	14816900	16282441	1025	14	-0.0000557242	0.000000331482
3	16282442	17891117	1060	14	0.0004166340	0.000000333419
3	17891118	19125143	777	14	0.0006313154	0.000000267117
3	19125144	20091347	349	14	0.0002729224	0.000000147889
3	20091348	21643706	1372	14	0.0003403450	0.000000333816
3	21643707	22204243	915	14	-0.0000135550	0.000000335736
3	22204244	23804864	1191	14	0.0001131409	0.000000319019
3	23804865	25461557	1460	14	0.0004323918	0.000000348279
3	25461558	26877768	1004	14	0.0001223691	0.000000326029
3	26877769	27840909	663	14	0.0000005672	0.000000185769
3	27840910	29142259	959	14	0.0000031083	0.000000309702
3	29142260	30717954	1389	14	0.0001910556	0.000000341049
3	30717955	32351714	1305	14	0.0000678986	0.000000329809
3	32351715	33255591	475	14	0.0001988802	0.000000242738
3	33255592	35283457	1273	14	-0.0000212672	0.000000313605
3	35283458	36486841	905	14	0.0000980033	0.000000262862
3	36486842	38356115	1075	14	0.0001088331	0.000000331469
3	38356116	40221297	1336	14	-0.0000025420	0.000000329191
3	40221298	41064527	321	14	0.0001139288	0.000000107689
3	41064528	42540001	1039	14	0.0001582852	0.000000330284
3	42540002	45165152	1302	14	0.0002139620	0.000000332592
3	45165153	46657499	1085	14	-0.0000021692	0.000000324157
3	46657500	47727211	312	14	0.0002269348	0.000000103842
3	47727212	49316971	365	14	0.0002670012	0.000000085009
3	49316972	51832014	686	14	0.0002641043	0.000000133122
3	51832015	54081389	1041	14	0.0004099324	0.000000348325
3	54081390	55348859	1165	14	0.0002269554	0.000000341737
3	55348860	56433906	741	14	0.0000969182	0.000000256541
3	56433907	58157518	992	14	0.0001103667	0.000000314241
3	58157519	60272905	1848	14	0.0001593444	0.000000330693
3	60272906	62355665	1847	14	-0.0000662100	0.000000323603
3	62355666	63669285	1314	14	0.0001749028	0.000000332654
3	63669286	65273537	1380	14	0.0001790435	0.000000329472
3	65273538	66270446	609	14	-0.0000242125	0.000000320800
3	66270447	68286913	1423	14	0.0006690101	0.000000365890
3	68286914	69276761	717	14	0.0000357434	0.000000278612
3	69276762	70449027	872	14	-0.0000150845	0.000000315088
3	70449028	72529328	1441	14	0.0004250633	0.000000349279
3	72529329	74321816	1490	14	0.0000731047	0.000000318204
3	74321817	75704948	636	14	0.0001190071	0.000000229187
3	75704949	77508834	1163	14	0.0001700207	0.000000336134
3	77508835	79024540	942	14	0.0000773840	0.000000302623
3	79024541	81427309	1337	14	0.0001977995	0.000000275430
3	81427310	82643885	732	14	0.0000776354	0.000000153563
3	82643886	84367478	899	14	-0.0000015443	0.000000195147
3	84367479	85582230	666	14	-0.0000665591	0.000000137719
3	85582231	87409731	1296	14	0.0002982727	0.000000249061
3	87409732	88298372	530	14	0.0001750816	0.000000097111
3	88298373	94255315	1272	14	0.0000415033	0.000000276342
3	94255316	95311970	783	14	0.0001374850	0.000000125717
3	95311971	98215949	1628	14	-0.0000610462	0.000000302165
3	98215950	99373761	843	14	0.0003743168	0.000000219801
3	99373762	100592216	622	14	0.0002512958	0.000000167106
3	100592217	103084959	1507	14	0.0001848824	0.000000327054
3	103084960	104581612	1233	14	-0.0000809559	0.000000252468
3	104581613	106982810	1681	14	0.0000290308	0.000000326133
3	106982811	109522394	1780	14	0.0004576208	0.000000335109
3	109522395	110513769	732	14	0.0001557322	0.000000141521
3	110513770	112815698	1576	14	0.0000729701	0.000000326228
3	112815699	113947862	692	14	0.0003016252	0.000000229226
3	113947863	115447079	800	14	0.0001279276	0.000000321283
3	115447080	116800152	1093	14	0.0000551759	0.000000332554
3	116800153	118530250	1388	14	0.0000690696	0.000000315723
3	118530251	120523054	1239	14	0.0001873350	0.000000329338
3	120523055	121974096	817	14	0.0001050315	0.000000161183
3	121974097	123517767	983	14	0.0001667728	0.000000328734
3	123517768	124936641	1194	14	0.0000195599	0.000000308654
3	124936642	126214942	964	14	0.0002883549	0.000000287984
3	126214943	128194860	1288	14	0.0000265069	0.000000325553
3	128194861	130244734	809	14	0.0002968031	0.000000269373
3	130244735	131836515	1166	14	0.0001201761	0.000000283695
3	131836516	133252172	1091	14	0.0002429072	0.000000289749
3	133252173	135456905	1691	14	0.0004454555	0.000000343159
3	135456906	137371082	891	14	0.0003001110	0.000000223714
3	137371083	139954596	1655	14	0.0003684744	0.000000320834
3	139954597	141339096	864	14	0.0003406129	0.000000327041
3	141339097	143164627	1133	14	0.0010239008	0.000000386492
3	143164628	144410815	844	14	0.0001748171	0.000000249080
3	144410816	145664618	1094	14	-0.0001383265	0.000000221068
3	145664619	146726628	893	14	0.0002120153	0.000000218814
3	146726629	149043236	1454	14	0.0001391877	0.000000335577
3	149043237	150252003	842	14	0.0000359719	0.000000324513
3	150252004	151348729	681	14	0.0001309879	0.000000277849
3	151348730	153256570	1311	14	0.0000617538	0.000000309956
3	153256571	154714217	998	14	0.0002482757	0.000000220201
3	154714218	156008699	710	14	-0.0000328887	0.000000222519
3	156008700	157312027	944	14	0.0000827986	0.000000244160
3	157312028	159477889	1476	14	0.0000546283	0.000000304087
3	159477890	161524503	1278	14	0.0003307329	0.000000285480
3	161524504	163253204	1666	14	0.0001072578	0.000000251429
3	163253205	165055468	1219	14	0.0001984552	0.000000204574
3	165055469	167117428	1239	14	0.0000269663	0.000000263994
3	167117429	168580959	794	14	0.0000741049	0.000000217985
3	168580960	170964908	1437	14	0.0002917616	0.000000329482
3	170964909	172295730	947	14	-0.0000345688	0.000000346632
3	172295731	173477284	784	14	-0.0000707142	0.000000357206
3	173477285	175116538	1360	14	0.0001463318	0.000000330810
3	175116539	176320286	863	14	0.0001265059	0.000000234381
3	176320287	178107164	1152	14	-0.0000206710	0.000000331035
3	178107165	179374585	812	14	0.0005012011	0.000000273097
3	179374586	181511165	970	14	0.0002606954	0.000000308055
3	181511166	183769682	1247	14	0.0001996357	0.000000340197
3	183769683	185068254	764	14	-0.0000883914	0.000000340821
3	185068255	186890343	1066	14	0.0002355302	0.000000390073
3	186890344	188856213	1526	14	0.0000946317	0.000000339519
3	188856214	190226606	1425	14	-0.0000266751	0.000000314362
3	190226607	192343813	1662	14	0.0000568233	0.000000329018
3	192343814	194059670	819	14	-0.0000078310	0.000000389523
3	194059671	194786673	456	14	0.0002117719	0.000000320928
3	194786674	195971407	373	14	0.0025686638	0.000000414385
3	195971408	197075986	428	14	0.0000267930	0.000000227190
3	197075987	197946621	355	14	0.0003832506	0.000000174220
4	10240	694714	203	14	0.0003639573	0.000000094738
4	694715	1478710	440	14	0.0000697312	0.000000165233
4	1478711	2842978	508	14	0.0002132317	0.000000268908
4	2842979	3846039	523	14	0.0001589741	0.000000305941
4	3846040	4684115	473	14	0.0002032924	0.000000282111
4	4684116	5502387	716	14	0.0003188977	0.000000343891
4	5502388	6773042	1154	14	0.0001881913	0.000000411116
4	6773043	7539691	702	14	0.0000646991	0.000000408234
4	7539692	8152234	576	14	0.0001468389	0.000000364526
4	8152235	9326478	477	14	0.0001189942	0.000000262571
4	9326479	10699151	1206	14	-0.0000841845	0.000000297178
4	10699152	12323033	1435	14	0.0000103331	0.000000315812
4	12323034	14272000	1673	14	0.0001533530	0.000000318558
4	14272001	15147445	746	14	0.0002897425	0.000000282411
4	15147446	15927008	516	14	0.0001356094	0.000000187534
4	15927009	17383321	1282	14	0.0001907346	0.000000324643
4	17383322	18841873	965	14	0.0000299355	0.000000310596
4	18841874	20544556	1180	14	0.0002095234	0.000000287988
4	20544557	22319346	1455	14	0.0001763728	0.000000324424
4	22319347	24135528	1307	14	0.0002777564	0.000000332940
4	24135529	25609321	1109	14	-0.0000325804	0.000000329635
4	25609322	27343721	1055	14	0.0000954148	0.000000355058
4	27343722	27965867	493	14	0.0000097567	0.000000156889
4	27965868	29762207	1449	14	-0.0000225548	0.000000314187
4	29762208	30454534	395	14	0.0000415687	0.000000116107
4	30454535	31782980	960	14	0.0000897928	0.000000320290
4	31782981	33172765	857	14	0.0001074928	0.000000232621
4	33172766	35151414	981	14	0.0002192516	0.000000187394
4	35151415	36020435	805	14	0.0001125857	0.000000177565
4	36020436	37255046	1098	14	0.0005079084	0.000000283670
4	37255047	38907021	1432	14	0.0005767378	0.000000378630
4	38907022	40202608	696	14	0.0004249618	0.000000275605
4	40202609	42213057	1315	14	0.0000086029	0.000000336677
4	42213058	43965044	1225	14	0.0002715110	0.000000318265
4	43965045	45189156	936	14	0.0003306608	0.000000208172
4	45189157	47411895	1177	14	0.0002078832	0.000000301075
4	47411896	48123599	489	14	0.0001157002	0.000000115922
4	48123600	53877432	936	14	0.0001922130	0.000000244915
4	53877433	55429555	1029	14	0.0010455732	0.000000358421
4	55429556	56547643	787	14	0.0000916583	0.000000281249
4	56547644	58935007	1700	14	0.0000788218	0.000000327868
4	58935008	60741086	1269	14	0.0001220411	0.000000314888
4	60741087	62371762	1102	14	-0.0000202787	0.000000274602
4	62371763	64341000	1130	14	-0.0000450137	0.000000324193
4	64341001	66600491	1340	14	0.0001448401	0.000000339513
4	66600492	68059496	940	14	0.0003436775	0.000000270791
4	68059497	68854764	541	14	0.0000782240	0.000000150517
4	68854765	71049151	1259	14	0.0001438445	0.000000294335
4	71049152	72140557	535	14	0.0002172389	0.000000131213
4	72140558	74592389	1097	14	0.0000052978	0.000000292719
4	74592390	77130706	1537	14	0.0002336118	0.000000328185
4	77130707	79093978	1401	14	-0.0001096920	0.000000322481
4	79093979	80990296	1235	14	0.0000973032	0.000000313552
4	80990297	82125314	522	14	0.0001687312	0.000000153875
4	82125315	83372592	789	14	0.0001275565	0.000000264224
4	83372593	84799655	931	14	-0.0000300770	0.000000318027
4	84799656	86930608	1309	14	0.0000542543	0.000000324663
4	86930609	87534647	283	14	0.0003242803	0.000000082348
4	87534648	89238027	1124	14	0.0006888435	0.000000350030
4	89238028	90231563	642	14	0.0001991514	0.000000245288
4	90231564	91560676	814	14	0.0001203942	0.000000241262
4	91560677	94233298	1273	14	0.0000167621	0.000000319226
4	94233299	96182187	1330	14	0.0002260941	0.000000325572
4	96182188	97540702	1200	14	-0.0000403224	0.000000318707
4	97540703	99424066	1064	14	0.0001840780	0.000000219485
4	99424067	100678359	840	14	-0.0000006731	0.000000260552
4	100678360	103221355	1720	14	0.0001310777	0.000000336367
4	103221356	105305293	1132	14	0.0001955429	0.000000290424
4	105305294	107501304	1228	14	0.0000690056	0.000000326742
4	107501305	108815347	793	14	0.0000545573	0.000000196862
4	108815348	111256566	1550	14	0.0000811694	0.000000319968
4	111256567	113870101	1487	14	0.0000799445	0.000000309929
4	113870102	115666245	1189	14	0.0002070557	0.000000340650
4	115666246	117276928	939	14	0.0002273743	0.000000180937
4	117276929	118479917	1070	14	0.0000985591	0.000000240465
4	118479918	119933511	1136	14	0.0000317683	0.000000235149
4	119933512	120392683	321	14	0.0000921970	0.000000069907
4	120392684	122657986	1668	14	0.0000437158	0.000000325051
4	122657987	124286480	893	14	0.0003478196	0.000000220099
4	124286481	125210861	529	14	0.0001441524	0.000000178479
4	125210862	126480885	880	14	0.0001554557	0.000000258914
4	126480886	127275476	589	14	0.0001341984	0.000000170193
4	127275477	127830292	446	14	0.0001469524	0.000000133270
4	127830293	128996664	459	14	0.0002324690	0.000000107858
4	128996665	130591884	957	14	0.0000949982	0.000000301050
4	130591885	131283820	478	14	0.0004001611	0.000000159367
4	131283821	132954032	972	14	-0.0000004065	0.000000258658
4	132954033	134628433	1171	14	0.0002468280	0.000000259975
4	134628434	136566406	1197	14	0.0002059275	0.000000278837
4	136566407	138541970	1321	14	0.0000235754	0.000000329303
4	138541971	139556510	756	14	0.0002024488	0.000000252828
4	139556511	141084630	864	14	0.0002618082	0.000000361420
4	141084631	143443264	1537	14	0.0001203632	0.000000324570
4	143443265	146178186	1214	14	0.0002591431	0.000000299309
4	146178187	148521872	1246	14	-0.0000480287	0.000000313740
4	148521873	150683579	1183	14	0.0000338128	0.000000329983
4	150683580	152782183	953	14	0.0000768887	0.000000229389
4	152782184	154477640	879	14	0.0001182529	0.000000347273
4	154477641	155056125	411	14	0.0000232330	0.000000146518
4	155056126	157485096	1734	14	0.0000430870	0.000000342262
4	157485097	158743717	705	14	-0.0000201950	0.000000209846
4	158743718	161058863	1150	14	-0.0000605769	0.000000298271
4	161058864	161826434	625	14	0.0002969981	0.000000207690
4	161826435	163243678	1100	14	-0.0000747273	0.000000305067
4	163243679	164478233	776	14	0.0001263108	0.000000247533
4	164478234	165823447	999	14	0.0001056050	0.000000334210
4	165823448	167018857	750	14	0.0001529611	0.000000327231
4	167018858	167852916	512	14	0.0002932074	0.000000145411
4	167852917	169676824	1275	14	0.0000687570	0.000000328996
4	169676825	170776509	562	14	0.0000247908	0.000000196942
4	170776510	172558634	1084	14	0.0000389549	0.000000293285
4	172558635	174264131	948	14	0.0001692324	0.000000282093
4	174264132	176570715	1400	14	-0.0000636155	0.000000342030
4	176570716	178991909	1800	14	0.0001609199	0.000000340425
4	178991910	180122042	817	14	-0.0001150906	0.000000294720
4	180122043	182066806	1741	14	0.0000262685	0.000000341425
4	182066807	183371274	1356	14	-0.0000763308	0.000000323794
4	183371275	184929454	1067	14	-0.0000069434	0.000000400197
4	184929455	186909089	1526	14	-0.0000807526	0.000000354883
4	186909090	188472980	1152	14	0.0000672080	0.000000355910
4	188472981	189693510	845	14	0.0001093201	0.000000394026
4	189693511	191043593	715	14	-0.0000420932	0.000000376550
5	11940	982251	452	14	0.0001990973	0.000000198201
5	982252	2132441	896	14	0.0001505111	0.000000392951
5	2132442	3361940	1674	14	0.0000186933	0.000000347559
5	3361941	4632109	1155	14	0.0001408156	0.000000350262
5	4632110	5973232	1511	14	0.0002083155	0.000000339175
5	5973233	7143217	1199	14	0.0001307223	0.000000333008
5	7143218	8446335	1274	14	0.0002282472	0.000000328083
5	8446336	9718831	1342	14	0.0001922424	0.000000340212
5	9718832	11173270	1439	14	0.0001416671	0.000000334019
5	11173271	13464831	1255	14	0.0002081743	0.000000331055
5	13464832	14757803	1159	14	0.0002319289	0.000000322884
5	14757804	16963612	1431	14	-0.0000098816	0.000000311908
5	16963613	18051591	586	14	0.0001108559	0.000000261477
5	18051592	19917715	1381	14	0.0000574960	0.000000314828
5	19917716	22152072	1129	14	0.0000765491	0.000000280569
5	22152073	23494323	954	14	-0.0001333701	0.000000229116
5	23494324	26184850	1893	14	0.0001287669	0.000000314584
5	26184851	26857603	437	14	0.0002096352	0.000000124909
5	26857604	27984512	612	14	0.0001875466	0.000000176073
5	27984513	29714819	1262	14	-0.0000864855	0.000000277597
5	29714820	31390248	1451	14	0.0002897348	0.000000322875
5	31390249	33500179	1436	14	0.0000642611	0.000000327962
5	33500180	35048969	1062	14	-0.0000559541	0.000000330994
5	35048970	36433953	1038	14	0.0001916370	0.000000278210
5	36433954	38802409	1553	14	0.0002407285	0.000000334745
5	38802410	40287728	1178	14	0.0000966020	0.000000280689
5	40287729	41888709	1291	14	0.0002022628	0.000000253003
5	41888710	43983498	962	14	0.0001844203	0.000000210369
5	43983499	50163397	1047	14	0.0004033782	0.000000227487
5	50163398	52134621	1393	14	0.0001377889	0.000000298837
5	52134622	53703043	1362	14	0.0002666340	0.000000312575
5	53703044	55417348	1196	14	0.0002045625	0.000000327950
5	55417349	56621101	1008	14	0.0003571943	0.000000352408
5	56621102	57340072	606	14	0.0002111494	0.000000158714
5	57340073	58524621	1203	14	-0.0001186397	0.000000294025
5	58524622	60935906	1481	14	-0.0000226261	0.000000292471
5	60935907	61672994	548	14	0.0000050543	0.000000131176
5	61672995	63218986	1093	14	0.0002026432	0.000000251285
5	63218987	63968303	373	14	0.0002199696	0.000000101015
5	63968304	65911285	1272	14	0.0000745206	0.000000304471
5	65911286	67850859	1539	14	0.0001835113	0.000000330126
5	67850860	71240455	913	14	0.0001124876	0.000000312726
5	71240456	73759325	1894	14	0.0000941990	0.000000330126
5	73759326	75798865	1358	14	-0.0000382369	0.000000323125
5	75798866	77623331	1365	14	0.0005758845	0.000000358805
5	77623332	79393143	1196	14	0.0001326718	0.000000315849
5	79393144	80481470	888	14	0.0000077677	0.000000314858
5	80481471	82025647	920	14	0.0004086800	0.000000333144
5	82025648	83972688	1079	14	0.0000496744	0.000000332639
5	83972689	85767289	1468	14	0.0001430215	0.000000309835
5	85767290	87389990	657	14	0.0001356528	0.000000202162
5	87389991	88891529	599	14	0.0004290152	0.000000187327
5	88891530	90422653	891	14	0.0002300301	0.000000266065
5	90422654	91840541	680	14	-0.0000075547	0.000000186778
5	91840542	93809983	808	14	0.0001826382	0.000000248062
5	93809984	95963518	1365	14	0.0000542664	0.000000316904
5	95963519	97315600	975	14	0.0001798597	0.000000230822
5	97315601	99260991	1186	14	0.0002646922	0.000000303546
5	99260992	101578768	1376	14	0.0002066563	0.000000312428
5	101578769	103320004	1108	14	0.0000980737	0.000000308861
5	103320005	104851482	1084	14	-0.0000204798	0.000000270932
5	104851483	105893054	432	14	0.0001000883	0.000000155051
5	105893055	107264195	1197	14	0.0002407259	0.000000323645
5	107264196	108633933	934	14	0.0003646673	0.000000280911
5	108633934	110821143	1556	14	0.0001300670	0.000000316214
5	110821144	111981561	901	14	-0.0000441261	0.000000307135
5	111981562	113396284	1220	14	0.0000752873	0.000000303363
5	113396285	114830369	1157	14	0.0000353205	0.000000305848
5	114830370	115831046	921	14	0.0004700700	0.000000320274
5	115831047	117346212	1370	14	0.0002374818	0.000000336098
5	117346213	118608819	838	14	0.0003092768	0.000000335434
5	118608820	119669041	746	14	0.0000500677	0.000000250842
5	119669042	120452165	592	14	0.0002471264	0.000000190290
5	120452166	122556904	1459	14	0.0001566551	0.000000305499
5	122556905	123798099	1032	14	0.0000497397	0.000000303096
5	123798100	125785648	1908	14	0.0001198369	0.000000310529
5	125785649	127344603	857	14	0.0000657642	0.000000299397
5	127344604	129519024	1616	14	0.0001481125	0.000000319445
5	129519025	132139648	1178	14	0.0000739891	0.000000244439
5	132139649	134777400	1597	14	0.0002973548	0.000000350258
5	134777401	136376049	1257	14	-0.0000669163	0.000000294114
5	136376050	139265071	1265	14	0.0000864126	0.000000319418
5	139265072	140645970	610	14	0.0001632289	0.000000161016
5	140645971	142981247	1597	14	0.0002057016	0.000000352573
5	142981248	144943353	1488	14	0.0003902755	0.000000315872
5	144943354	147181997	1548	14	0.0002000663	0.000000324965
5	147181998	148662623	1211	14	0.0000561901	0.000000320527
5	148662624	150561297	1498	14	0.0003512625	0.000000368974
5	150561298	152867773	1876	14	0.0002690333	0.000000315543
5	152867774	153773087	967	14	0.0003430299	0.000000229544
5	153773088	155373504	1214	14	0.0002585721	0.000000342963
5	155373505	156628699	817	14	-0.0000428986	0.000000228258
5	156628700	158825697	1811	14	0.0002086143	0.000000316729
5	158825698	159973943	748	14	0.0000809584	0.000000320949
5	159973944	161482132	1145	14	-0.0001203623	0.000000278343
5	161482133	162743907	904	14	0.0000496085	0.000000263445
5	162743908	163771581	881	14	0.0002434807	0.000000299613
5	163771582	165642394	1242	14	-0.0000034930	0.000000321156
5	165642395	166847739	897	14	0.0002885812	0.000000330660
5	166847740	168525317	1338	14	0.0000870489	0.000000317597
5	168525318	169505663	906	14	0.0003006799	0.000000327166
5	169505664	171074291	1264	14	0.0003315793	0.000000348713
5	171074292	172678326	1179	14	0.0002481247	0.000000341830
5	172678327	173642870	970	14	0.0003424691	0.000000343331
5	173642871	175450594	1569	14	0.0000976635	0.000000357118
5	175450595	177251506	553	14	-0.0000233499	0.000000239018
5	177251507	178413463	828	14	0.0000755100	0.000000351963
5	178413464	179401243	645	14	0.0001197883	0.000000345618
5	179401244	180559932	646	14	-0.0000463966	0.000000340032
5	180559933	180885155	83	12	0.0001300018	0.000000050813
6	73924	1452361	1341	14	0.0001319895	0.000000364117
6	1452362	2458935	837	14	0.0002813182	0.000000339000
6	2458936	3573592	1077	14	0.0002168787	0.000000364731
6	3573593	4617816	1138	14	-0.0000697418	0.000000302967
6	4617817	5791471	1161	14	0.0000001093	0.000000326483
6	5791472	6785206	1112	14	0.0003050500	0.000000334477
6	6785207	7808935	958	14	0.0001534702	0.000000345819
6	7808936	9020025	1249	14	0.0000750335	0.000000297134
6	9020026	10540316	1354	14	0.0001970726	0.000000317758
6	10540317	11790815	1051	14	0.0000842113	0.000000313119
6	11790816	13209387	1250	14	0.0000359388	0.000000309531
6	13209388	14802923	1358	14	0.0002064957	0.000000337898
6	14802924	17386404	1975	14	0.0006160333	0.000000364580
6	17386405	19207486	1499	14	0.0001678699	0.000000320226
6	19207487	21684064	2181	14	0.0003463189	0.000000347226
6	21684065	22748306	1109	14	0.0000646024	0.000000324973
6	22748307	23936618	1192	14	-0.0000029208	0.000000320768
6	23936619	24852274	767	14	0.0003372175	0.000000349177
6	24852275	25684586	951	14	0.0045811230	0.000000580151
6	25684587	26791232	910	14	0.0065365759	0.000000598479
6	26791233	28017818	565	14	0.0009383667	0.000000177795
6	28017819	28917607	590	14	0.0024203497	0.000000237959
6	28917608	29737970	936	14	0.0009299548	0.000000238473
6	29737971	30798167	1869	14	0.0012552527	0.000000377305
6	30798168	31571217	1695	14	0.0009072773	0.000000408263
6	31571218	32682663	1219	14	0.0005195306	0.000000361629
6	32682664	33236496	1255	14	0.0003527838	0.000000345799
6	33236497	35455755	1350	14	0.0003942787	0.000000352440
6	35455756	37572595	1466	14	0.0003345546	0.000000339759
6	37572596	39295676	1559	14	0.0003698215	0.000000328314
6	39295677	40345114	844	14	0.0000977548	0.000000273637
6	40345115	42038720	1380	14	0.0017876213	0.000000436430
6	42038721	43756168	751	14	0.0001611016	0.000000351312
6	43756169	45406562	1206	14	0.0003271493	0.000000345155
6	45406563	47311897	1553	14	0.0004430156	0.000000329149
6	47311898	48391124	920	14	0.0001967265	0.000000194232
6	48391125	50386144	1518	14	0.0001989649	0.000000250425
6	50386145	52210475	1422	14	0.0000471631	0.000000305862
6	52210476	53279101	850	14	0.0000519463	0.000000273275
6	53279102	55468269	2097	14	0.0001742747	0.000000305133
6	55468270	56105312	658	14	0.0001244646	0.000000103539
6	56105313	57599464	810	14	0.0001750180	0.000000238128
6	57599465	61880511	420	14	0.0001107976	0.000000090155
6	61880512	63552887	1111	14	0.0001450937	0.000000155836
6	63552888	65765741	1273	14	0.0000083056	0.000000263269
6	65765742	67329214	1680	14	0.0002086792	0.000000321489
6	67329215	68849482	1408	14	0.0000183627	0.000000302046
6	68849483	69523447	604	14	0.0002904937	0.000000152834
6	69523448	71609509	1771	14	0.0000157779	0.000000306558
6	71609510	73450096	1555	14	0.0002743506	0.000000317041
6	73450097	75462002	1309	14	0.0001241258	0.000000324935
6	75462003	77414880	1076	14	0.0000404524	0.000000252498
6	77414881	78957727	1410	14	0.0002283239	0.000000224117
6	78957728	80691169	1370	14	0.0002742827	0.000000319858
6	80691170	81929221	1111	14	0.0000138977	0.000000147100
6	81929222	83127148	866	14	0.0001455696	0.000000218644
6	83127149	85209988	1231	14	0.0000019221	0.000000307997
6	85209989	87069499	1447	14	0.0000921388	0.000000276674
6	87069500	88822139	1254	14	0.0000826790	0.000000329534
6	88822140	89973051	914	14	0.0000289049	0.000000299137
6	89973052	91843195	1516	14	0.0003125745	0.000000337438
6	91843196	93428643	1316	14	0.0004014536	0.000000329603
6	93428644	94118141	732	14	0.0001813695	0.000000194649
6	94118142	94441174	212	11	0.0002096978	0.000000056509
6	94441175	97093510	2010	14	-0.0000824380	0.000000306421
6	97093511	97842283	579	14	0.0000039037	0.000000124863
6	97842284	100630145	1891	14	0.0002101333	0.000000306583
6	100630146	102636771	1356	14	0.0000992743	0.000000305537
6	102636772	103983394	970	14	0.0002461847	0.000000200226
6	103983395	106056732	1435	14	0.0000385983	0.000000316414
6	106056733	107450305	1231	14	0.0000454823	0.000000327171
6	107450306	108464379	634	14	0.0001899870	0.000000218304
6	108464380	110304246	1110	14	0.0027617641	0.000000458063
6	110304247	112345013	1222	14	0.0002272843	0.000000331756
6	112345014	114220832	1442	14	0.0000854067	0.000000308778
6	114220833	116131395	1202	14	0.0000575313	0.000000264461
6	116131396	117672971	1081	14	0.0000683813	0.000000260007
6	117672972	118963114	889	14	0.0001172497	0.000000204209
6	118963115	119963277	776	14	0.0001630782	0.000000182642
6	119963278	120512127	515	14	0.0004441175	0.000000110230
6	120512128	121905675	1104	14	0.0004107379	0.000000214220
6	121905676	123856180	1515	14	0.0004998936	0.000000342257
6	123856181	125424382	1308	14	0.0001859738	0.000000348271
6	125424383	127540460	1050	14	0.0001541387	0.000000314318
6	127540461	129861030	1551	14	0.0004215332	0.000000336578
6	129861031	130935453	1055	14	0.0002482470	0.000000323556
6	130935454	132765668	1419	14	0.0001788352	0.000000315163
6	132765669	134244242	1308	14	0.0000232242	0.000000305525
6	134244243	136224176	1277	14	0.0081226304	0.000000846808
6	136224177	137614217	669	14	0.0000638137	0.000000240773
6	137614218	138822628	971	14	0.0002398069	0.000000329713
6	138822629	139845435	729	14	0.0008891109	0.000000370428
6	139845436	142288478	1424	14	0.0002983548	0.000000314649
6	142288479	145319809	2205	14	0.0001909296	0.000000313349
6	145319810	146665423	932	14	0.0000541944	0.000000134364
6	146665424	148920351	1899	14	-0.0000911857	0.000000307998
6	148920352	150253403	1099	14	0.0003224400	0.000000329898
6	150253404	151912702	1692	14	0.0002613697	0.000000341415
6	151912703	153094495	1098	14	0.0000798017	0.000000330300
6	153094496	154974119	1851	14	0.0000877104	0.000000317058
6	154974120	156763325	1426	14	-0.0000860938	0.000000329167
6	156763326	158218718	733	14	0.0001486000	0.000000393254
6	158218719	160580496	2129	14	0.0001573794	0.000000334422
6	160580497	162169563	1460	14	0.0001698125	0.000000330795
6	162169564	162931202	736	14	0.0000637068	0.000000303848
6	162931203	164383520	1455	14	-0.0000254219	0.000000319624
6	164383521	165586863	1334	14	0.0005133181	0.000000346555
6	165586864	167024732	1632	14	0.0001428880	0.000000339286
6	167024733	168042834	901	14	-0.0000774526	0.000000320612
6	168042835	169382049	1352	14	0.0000643002	0.000000361638
6	169382050	170330172	882	14	0.0001166220	0.000000239267
6	170330173	171051269	505	14	-0.0000900510	0.000000163565
7	16161	972751	186	14	0.0000436578	0.000000135180
7	972752	1353066	163	14	0.0001707950	0.000000126330
7	1353067	2062397	284	14	0.0003063952	0.000000203943
7	2062398	2772226	383	14	0.0001985847	0.000000230290
7	2772227	4573427	1806	14	0.0000322766	0.000000329798
7	4573428	5416231	358	14	0.0001551406	0.000000286693
7	5416232	5854525	172	14	0.0001977037	0.000000107088
7	5854526	6573856	248	14	0.0003090350	0.000000160123
7	6573857	7808751	927	14	0.0000974895	0.000000356142
7	7808752	9123422	1608	14	-0.0000205655	0.000000350573
7	9123423	9987498	914	14	0.0000498485	0.000000355683
7	9987499	11299197	1239	14	-0.0000821362	0.000000306006
7	11299198	12635460	1710	14	0.0001764054	0.000000325740
7	12635461	13884201	1400	14	-0.0000696115	0.000000322757
7	13884202	15143656	1290	14	-0.0000070572	0.000000329508
7	15143657	16902068	1659	14	0.0000474223	0.000000321585
7	16902069	19481546	2118	14	0.0000760126	0.000000331318
7	19481547	20124907	605	14	0.0001846741	0.000000216352
7	20124908	22507628	2410	14	0.0000685720	0.000000319954
7	22507629	23471441	610	14	0.0000628969	0.000000256893
7	23471442	25077258	1375	14	0.0001738886	0.000000328103
7	25077259	25909554	946	14	0.0000544108	0.000000325098
7	25909555	28360308	2008	14	0.0000144492	0.000000328124
7	28360309	31137288	2216	14	0.0000057782	0.000000346867
7	31137289	33555767	2148	14	0.0000026729	0.000000307552
7	33555768	36213537	2129	14	0.0000980343	0.000000319967
7	36213538	37555183	1187	14	0.0000465756	0.000000339393
7	37555184	38966702	1365	14	0.0001977975	0.000000323041
7	38966703	39862669	648	14	0.0000005414	0.000000178085
7	39862670	42001810	1342	14	0.0002172194	0.000000328665
7	42001811	43159073	896	14	0.0002302608	0.000000297844
7	43159074	44763827	988	14	0.0000198579	0.000000309869
7	44763828	45952921	732	14	0.0004176773	0.000000317362
7	45952922	46986719	1068	14	0.0001914331	0.000000270057
7	46986720	49212277	1897	14	0.0001303255	0.000000317096
7	49212278	51675321	2022	14	0.0006143495	0.000000343152
7	51675322	53176311	1656	14	0.0000143591	0.000000305652
7	53176312	54222975	931	14	0.0000040204	0.000000215009
7	54222976	55691583	1211	14	0.0000818116	0.000000327037
7	55691584	57382637	650	14	0.0003029885	0.000000204907
7	57382638	63307358	484	14	0.0000614257	0.000000176099
7	63307359	63641124	159	10	0.0002608989	0.000000055625
7	63641125	65689808	798	14	0.0001123114	0.000000182898
7	65689809	68234073	1629	14	0.0001359296	0.000000333258
7	68234074	69085363	535	14	0.0002351694	0.000000198444
7	69085364	71874884	1652	14	0.0002203985	0.000000336063
7	71874885	73334601	254	14	-0.0000721901	0.000000097715
7	73334602	76458563	620	14	0.0001365334	0.000000349305
7	76458564	78093858	1236	14	0.0001133996	0.000000324330
7	78093859	79888068	1501	14	0.0002443988	0.000000330507
7	79888069	82022685	1607	14	-0.0000080580	0.000000340989
7	82022686	83801202	1494	14	0.0003817304	0.000000337454
7	83801203	85572181	1097	14	0.0000089136	0.000000223153
7	85572182	87825003	1259	14	-0.0000895250	0.000000276190
7	87825004	90661783	2650	14	-0.0000175194	0.000000302348
7	90661784	92493751	771	14	0.0001304654	0.000000256834
7	92493752	93966600	808	14	0.0003205456	0.000000327302
7	93966601	96073507	1382	14	0.0001213585	0.000000299410
7	96073508	97099569	641	14	0.0001306379	0.000000203368
7	97099570	98715473	861	14	0.0005411477	0.000000329962
7	98715474	100196650	401	14	0.0009606212	0.000000164951
7	100196651	101199252	415	14	0.0020558964	0.000000315997
7	101199253	103197509	741	14	0.0001315975	0.000000297657
7	103197510	104159524	983	14	-0.0000319204	0.000000295864
7	104159525	105682904	880	14	0.0001215535	0.000000332801
7	105682905	107780177	1479	14	0.0000480499	0.000000336361
7	107780178	109647593	1297	14	0.0003101116	0.000000335535
7	109647594	112618683	1700	14	-0.0000674898	0.000000316029
7	112618684	113712386	570	14	-0.0000012779	0.000000150153
7	113712387	116780177	1579	14	0.0000644513	0.000000316917
7	116780178	118351580	925	14	0.0000433711	0.000000167930
7	118351581	121045272	1169	14	0.0005090366	0.000000281222
7	121045273	121933629	475	14	0.0002294640	0.000000147579
7	121933630	124156804	1657	14	0.0001278187	0.000000308536
7	124156805	124167551	10	2	0.0003441980	0.000000025334
7	124167552	126519169	1909	14	0.0005452741	0.000000338372
7	126519170	126869220	386	14	-0.0000352187	0.000000072779
7	126869221	128778385	1129	14	0.0001757806	0.000000331576
7	128778386	130422413	768	14	0.0002717797	0.000000308960
7	130422414	132805847	1762	14	-0.0000261590	0.000000331981
7	132805848	134307595	1056	14	0.0001447358	0.000000239982
7	134307596	135591082	1009	14	0.0005003284	0.000000352222
7	135591083	136876561	974	14	0.0000601707	0.000000279811
7	136876562	138744678	1163	14	0.0001156961	0.000000385249
7	138744679	139933176	523	14	0.0001934346	0.000000230334
7	139933177	140235209	182	14	0.0001078203	0.000000122755
7	140235210	141226556	538	14	0.0000172071	0.000000159006
7	141226557	142656309	954	14	0.0000327163	0.000000252286
7	142656310	144968288	1191	14	0.0004120017	0.000000350914
7	144968289	146427959	1089	14	0.0002489009	0.000000281841
7	146427960	147815317	1470	14	0.0003043752	0.000000327048
7	147815318	149840657	1140	14	0.0000188304	0.000000378488
7	149840658	150711504	601	14	-0.0000236413	0.000000197575
7	150711505	152249805	772	14	0.0001182910	0.000000419606
7	152249806	153674018	1036	14	-0.0000825251	0.000000377942
7	153674019	154964729	1038	14	-0.0000494570	0.000000381420
7	154964730	156065249	945	14	-0.0001008770	0.000000413785
7	156065250	157634596	998	14	0.0000284894	0.000000347566
7	157634597	159128574	931	14	-0.0000738633	0.000000364624
8	10422	1044216	744	14	0.0000260688	0.000000333209
8	1044217	1163244	132	14	0.0005803645	0.000000100877
8	1163245	2042941	801	14	-0.0000046160	0.000000385845
8	2042942	2573278	615	14	-0.0000051696	0.000000345830
8	2573279	3392925	1157	14	0.0003730665	0.000000349614
8	3392926	3783016	899	14	0.0002217041	0.000000343520
8	3783017	4480475	1323	14	0.0004165603	0.000000382464
8	4480476	5146926	994	14	0.0002331875	0.000000362937
8	5146927	6142796	1804	14	0.0004201102	0.000000367873
8	6142797	7153078	967	14	0.0000608875	0.000000378840
8	7153079	9154693	1178	14	0.0000588807	0.000000337219
8	9154694	9640786	470	14	0.0000791811	0.000000196126
8	9640787	10463196	970	14	0.0000752533	0.000000336092
8	10463197	11278997	769	14	0.0001683927	0.000000321002
8	11278998	13491774	1573	14	0.0005316488	0.000000370792
8	13491775	13944991	724	14	0.0000912809	0.000000251614
8	13944992	15991659	2324	14	0.0000280959	0.000000298434
8	15991660	17387875	1215	14	-0.0000980777	0.000000324076
8	17387876	17836398	566	14	0.0002555691	0.000000252867
8	17836399	19492839	1839	14	0.0002485368	0.000000328278
8	19492840	20060855	622	14	0.0000349800	0.000000258901
8	20060856	21661736	1603	14	0.0000693495	0.000000309963
8	21661737	22897056	752	14	0.0003153893	0.000000405993
8	22897057	24674717	1335	14	0.0004627448	0.000000354914
8	24674718	25483453	549	14	0.0001280606	0.000000167217
8	25483454	26682524	1197	14	0.0000104999	0.000000324279
8	26682525	28162391	1568	14	0.0000680771	0.000000308767
8	28162392	29327895	688	14	0.0003706533	0.000000252477
8	29327896	31133728	1101	14	0.0003505872	0.000000333198
8	31133729	31548359	290	14	0.0000533472	0.000000088727
8	31548360	32977217	1068	14	0.0001152979	0.000000279689
8	32977218	35317231	1505	14	0.0000108324	0.000000267573
8	35317232	37379388	830	14	0.0002192452	0.000000253284
8	37379389	38938805	571	14	0.0000581250	0.000000238493
8	38938806	40703336	1240	14	0.0000991816	0.000000335373
8	40703337	41721453	773	14	0.0002125665	0.000000316558
8	41721454	42773822	316	14	0.0000085716	0.000000114096
8	42773823	46841314	121	11	0.0000457949	0.000000047918
8	46841315	50082469	901	14	0.0003703161	0.000000259541
8	50082470	53302929	2313	14	0.0001086599	0.000000292508
8	53302930	54418043	858	14	-0.0000047815	0.000000208122
8	54418044	55945580	1064	14	0.0000619327	0.000000273567
8	55945581	56956382	754	14	-0.0000051937	0.000000198219
8	56956383	59068650	1671	14	0.0002317060	0.000000314765
8	59068651	59728099	644	14	0.0001282933	0.000000172101
8	59728100	62329098	1833	14	0.0000610102	0.000000300877
8	62329099	63349305	782	14	0.0001020419	0.000000163989
8	63349306	65232871	1323	14	0.0002187364	0.000000281811
8	65232872	66489089	760	14	0.0005349401	0.000000247491
8	66489090	69863056	1835	14	0.0000576497	0.000000321235
8	69863057	70867978	924	14	0.0000158986	0.000000309199
8	70867979	72289453	1015	14	-0.0000111424	0.000000251058
8	72289454	73817198	1547	14	0.0001284886	0.000000307775
8	73817199	75445063	1211	14	0.0000362449	0.000000312600
8	75445064	76456541	721	14	-0.0000688112	0.000000151558
8	76456542	79132860	1915	14	0.0002344377	0.000000312308
8	79132861	81956394	1606	14	0.0001602607	0.000000315776
8	81956395	82693738	527	14	0.0005732140	0.000000178589
8	82693739	84225588	1205	14	-0.0000149007	0.000000214934
8	84225589	85955618	988	14	0.0000589154	0.000000209376
8	85955619	87411708	536	14	0.0003217517	0.000000133571
8	87411709	89085480	1131	14	-0.0001119891	0.000000262923
8	89085481	90638161	996	14	0.0001400972	0.000000229811
8	90638162	93554385	1594	14	0.0000390249	0.000000286307
8	93554386	95005526	798	14	0.0002795044	0.000000263323
8	95005527	96534805	1212	14	0.0001262784	0.000000325370
8	96534806	99401580	2167	14	-0.0000013678	0.000000304721
8	99401581	101620957	844	14	0.0004118474	0.000000233117
8	101620958	104123305	1958	14	0.0000637350	0.000000322385
8	104123306	104988751	731	14	0.0003757387	0.000000137228
8	104988752	107410753	1870	14	0.0001006076	0.000000291178
8	107410754	108648176	1159	14	0.0002542117	0.000000258276
8	108648177	109248172	516	14	0.0001261228	0.000000096384
8	109248173	110484313	984	14	0.0002506891	0.000000178856
8	110484314	111850846	759	14	0.0001031020	0.000000149997
8	111850847	113064319	781	14	0.0000019343	0.000000106284
8	113064320	116096494	2236	14	0.0003494341	0.000000308745
8	116096495	119685456	2638	14	-0.0000646152	0.000000297528
8	119685457	121201699	1264	14	0.0000069410	0.000000291576
8	121201700	124861458	2775	14	0.0001166417	0.000000315035
8	124861459	125683718	617	14	0.0001951226	0.000000215244
8	125683719	126410916	498	14	0.0001460957	0.000000180704
8	126410917	128659110	1893	14	0.0002237077	0.000000333893
8	128659111	130381138	1527	14	0.0000681235	0.000000305410
8	130381139	131639624	985	14	0.0003951037	0.000000325390
8	131639625	133351143	1671	14	0.0002041620	0.000000319074
8	133351144	134570000	1422	14	0.0002735123	0.000000315645
8	134570001	136035604	1631	14	0.0000026090	0.000000298536
8	136035605	137524150	1301	14	0.0001225394	0.000000292891
8	137524151	139254829	1820	14	-0.0000468189	0.000000299974
8	139254830	140725642	1491	14	0.0001380244	0.000000335350
8	140725643	143044913	1589	14	0.0003524353	0.000000362872
8	143044914	144236880	764	14	0.0001546633	0.000000305037
8	144236881	146303866	630	14	0.0002216742	0.000000331667
9	10023	1079706	1084	14	-0.0000852904	0.000000321110
9	1079707	1916876	1242	14	0.0003004358	0.000000336313
9	1916877	3190063	1525	14	0.0000315557	0.000000351207
9	3190064	4495327	1423	14	0.0000532831	0.000000338023
9	4495328	4884925	449	14	0.0013938461	0.000000320070
9	4884926	6557588	1112	14	0.0004942757	0.000000338965
9	6557589	7154922	612	14	0.0002987478	0.000000297827
9	7154923	8456298	1862	14	0.0002517955	0.000000364414
9	8456299	9166402	791	14	0.0001729214	0.000000381294
9	9166403	10879252	2082	14	0.0001404498	0.000000359715
9	10879253	12276488	1457	14	0.0000504089	0.000000331386
9	12276489	14836362	2618	14	0.0000503196	0.000000352018
9	14836363	16659654	1693	14	0.0000272556	0.000000325277
9	16659655	18661050	2102	14	0.0002011976	0.000000321579
9	18661051	20463533	1662	14	0.0001429737	0.000000343486
9	20463534	22206558	1489	14	0.0001830267	0.000000320165
9	22206559	24158517	1417	14	-0.0000145866	0.000000331110
9	24158518	25330809	735	14	0.0001242674	0.000000333802
9	25330810	26111756	621	14	0.0001397647	0.000000352995
9	26111757	28224282	2008	14	0.0001636393	0.000000315382
9	28224283	28811583	581	14	0.0002928475	0.000000224229
9	28811584	30387391	1586	14	0.0002101266	0.000000317588
9	30387392	31310382	848	14	0.0003753240	0.000000209505
9	31310383	32019367	661	14	0.0001292455	0.000000131966
9	32019368	33578333	1326	14	0.0002151417	0.000000323226
9	33578334	34642242	595	14	0.0002929895	0.000000138093
9	34642243	36743282	1066	14	0.0001029567	0.000000330376
9	36743283	38641598	1446	14	-0.0000025212	0.000000325818
9	38641599	65472189	204	14	-0.0001951464	0.000000105356
9	65472190	72512710	1163	14	0.0000883189	0.000000307811
9	72512711	72753754	231	14	0.0002834658	0.000000062347
9	72753755	74253039	1275	14	0.0000546078	0.000000302392
9	74253040	76203945	1277	14	0.0003249650	0.000000308657
9	76203946	76973080	545	14	-0.0000308520	0.000000103557
9	76973081	78900182	1755	14	0.0001330304	0.000000330026
9	78900183	79471207	529	14	-0.0000514232	0.000000233474
9	79471208	81079054	1191	14	0.0000323387	0.000000308210
9	81079055	82590927	1331	14	0.0001066448	0.000000314039
9	82590928	84211232	1737	14	0.0000225713	0.000000307509
9	84211233	85440800	670	14	0.0000250112	0.000000271093
9	85440801	86938195	1337	14	-0.0000921006	0.000000301737
9	86938196	88109332	1011	14	0.0000400372	0.000000292879
9	88109333	88590416	208	14	-0.0000277898	0.000000062011
9	88590417	90136245	1255	14	0.0000804787	0.000000311420
9	90136246	92528697	1778	14	0.0003413303	0.000000356348
9	92528698	94167202	1308	14	-0.0000225119	0.000000329949
9	94167203	96671697	1710	14	0.0001907606	0.000000329271
9	96671698	98922039	1329	14	0.0000900977	0.000000316350
9	98922040	101592858	1675	14	0.0000292181	0.000000314472
9	101592859	104624436	2231	14	-0.0000623039	0.000000300092
9	104624437	105967975	1589	14	-0.0000083825	0.000000311063
9	105967976	107581748	1734	14	0.0003182001	0.000000311177
9	107581749	109298753	1308	14	0.0001542429	0.000000354613
9	109298754	110695061	1131	14	-0.0000964123	0.000000346343
9	110695062	112778023	2384	14	0.0000713159	0.000000306315
9	112778024	114831081	1887	14	0.0000970318	0.000000324610
9	114831082	115693144	719	14	0.0002565353	0.000000181439
9	115693145	117019800	1238	14	0.0003919436	0.000000374618
9	117019801	117921959	931	14	0.0000806476	0.000000325501
9	117921960	121321536	3198	14	0.0000152443	0.000000305445
9	121321537	122260296	825	14	0.0001011055	0.000000245813
9	122260297	124871321	1670	14	0.0002354070	0.000000331462
9	124871322	126971886	1285	14	0.0002145037	0.000000371634
9	126971887	129059664	997	14	-0.0000932051	0.000000297599
9	129059665	130055509	651	14	-0.0000689100	0.000000226640
9	130055510	132165469	985	14	0.0000651436	0.000000342066
9	132165470	133223216	630	14	0.0000368288	0.000000306544
9	133223217	134127887	578	14	0.0001383123	0.000000327868
9	134127888	135298841	784	14	0.0002113625	0.000000332316
9	135298842	137041121	1260	14	0.0000751537	0.000000399817
9	137041122	137589363	394	14	-0.0000104699	0.000000259814
9	137589364	138938977	1203	14	0.0002185906	0.000000420347
9	138938978	139500341	235	14	-0.0000441373	0.000000142785
9	139500342	141144795	446	14	0.0000042348	0.000000285906
10	60523	751338	250	14	0.0003304038	0.000000143073
10	751339	1523543	653	14	0.0000735116	0.000000282751
10	1523544	2254499	975	14	0.0000447156	0.000000329246
10	2254500	3352698	1341	14	-0.0000258628	0.000000337077
10	3352699	4572273	1294	14	0.0001200126	0.000000327925
10	4572274	5983761	1478	14	0.0000795641	0.000000337977
10	5983762	7171483	1293	14	0.0000559664	0.000000350748
10	7171484	8774664	1679	14	0.0001916706	0.000000347778
10	8774665	10249395	1280	14	0.0002930527	0.000000328662
10	10249396	12586796	2063	14	0.0000071636	0.000000329574
10	12586797	13321599	801	14	0.0000041740	0.000000361370
10	13321600	15026067	1715	14	0.0001890135	0.000000333465
10	15026068	16551766	1170	14	-0.0000014098	0.000000332240
10	16551767	18537266	1588	14	0.0003710665	0.000000354951
10	18537267	19716877	1324	14	0.0001850592	0.000000331825
10	19716878	22772282	2122	14	0.0000506555	0.000000325368
10	22772283	23175131	284	14	0.0002732390	0.000000112564
10	23175132	25578595	1621	14	0.0003085925	0.000000347453
10	25578596	26888683	1342	14	0.0001868772	0.000000331205
10	26888684	29323235	2040	14	0.0001829110	0.000000336367
10	29323236	29783691	555	14	0.0003458531	0.000000232751
10	29783692	30458837	742	14	0.0001086744	0.000000301461
10	30458838	31907518	1085	14	0.0002357136	0.000000331534
10	31907519	33707967	1397	14	0.0001798819	0.000000317891
10	33707968	35109354	1075	14	0.0004118038	0.000000330931
10	35109355	36572507	950	14	0.0002437437	0.000000283523
10	36572508	37790028	792	14	0.0000177750	0.000000203920
10	37790029	42372578	610	14	0.0000630634	0.000000069794
10	42372579	43894770	738	14	0.0002171998	0.000000238085
10	43894771	44730074	724	14	0.0002352308	0.000000197631
10	44730075	48760449	1550	14	0.0010371300	0.000000398167
10	48760450	50840914	1355	14	-0.0000338517	0.000000336550
10	50840915	53616628	1531	14	0.0003653470	0.000000361034
10	53616629	55103571	1561	14	0.0002391779	0.000000347038
10	55103572	57031139	2044	14	-0.0000199326	0.000000326019
10	57031140	57662145	537	14	0.0002626082	0.000000101757
10	57662146	58959527	1292	14	0.0000014382	0.000000164928
10	58959528	60289986	1189	14	-0.0000055479	0.000000224807
10	60289987	61891408	1207	14	0.0002469096	0.000000339032
10	61891409	62659678	687	14	0.0002268887	0.000000199323
10	62659679	63341694	349	14	-0.0000336502	0.000000097964
10	63341695	65794113	1848	14	-0.0000219657	0.000000313309
10	65794114	67549614	1314	14	0.0000943821	0.000000293833
10	67549615	69900147	2093	14	-0.0000735119	0.000000300392
10	69900148	70195990	206	14	0.0000638756	0.000000060169
10	70195991	72220849	1609	14	0.0000564447	0.000000345640
10	72220850	73508511	1424	14	-0.0000228464	0.000000348076
10	73508512	75422549	749	14	0.0002706483	0.000000209989
10	75422550	78706813	1677	14	0.0001271136	0.000000310927
10	78706814	80876748	1986	14	0.0001993644	0.000000336614
10	80876749	82414678	1050	14	0.0001407680	0.000000334603
10	82414679	84383744	1654	14	0.0002737354	0.000000325028
10	84383745	85458702	1194	14	0.0000736936	0.000000229332
10	85458703	87937576	2278	14	0.0001291603	0.000000308718
10	87937577	89127063	521	14	0.0000596356	0.000000185395
10	89127064	91013380	1470	14	-0.0001219951	0.000000310146
10	91013381	92006580	872	14	0.0003177920	0.000000269993
10	92006581	93335046	1037	14	0.0001458868	0.000000282358
10	93335047	95396367	1235	14	0.0002208640	0.000000334136
10	95396368	96221242	551	14	0.0001002636	0.000000170853
10	96221243	97822356	1094	14	0.0000670621	0.000000267908
10	97822357	100241301	1579	14	0.0002592091	0.000000350483
10	100241302	100668399	356	14	0.0000613966	0.000000084693
10	100668400	102949238	1370	14	0.0006747171	0.000000363908
10	102949239	104380409	523	14	0.0004270660	0.000000147678
10	104380410	106695047	1437	14	0.0005845354	0.000000328833
10	106695048	108726685	1658	14	0.0002551681	0.000000320557
10	108726686	110317704	1512	14	0.0000889285	0.000000313949
10	110317705	112561492	1665	14	0.0000834740	0.000000312740
10	112561493	115328431	2048	14	0.0000300550	0.000000328022
10	115328432	116421405	958	14	-0.0000321627	0.000000327827
10	116421406	119523933	2126	14	0.0002580540	0.000000334340
10	119523934	120591352	812	14	0.0000787999	0.000000333299
10	120591353	122407322	1344	14	-0.0000737962	0.000000320717
10	122407323	123231464	766	14	0.0001705910	0.000000288518
10	123231465	123900544	523	14	-0.0000145560	0.000000218172
10	123900545	125869345	1582	14	0.0001839450	0.000000345445
10	125869346	128001097	1895	14	0.0003028445	0.000000343234
10	128001098	129154361	997	14	0.0002642037	0.000000344084
10	129154362	130844283	1795	14	0.0002408846	0.000000378811
10	130844284	131741326	877	14	-0.0000314681	0.000000345575
10	131741327	132580244	933	14	0.0001891510	0.000000335906
10	132580245	134336328	1842	14	-0.0000744451	0.000000358226
10	134336329	134494672	59	6	0.0000574830	0.000000025715
10	134494673	135523864	502	14	0.0000064984	0.000000267173
11	70855	1213589	435	14	0.0001014331	0.000000286569
11	1213590	3665480	1610	14	0.0000317345	0.000000415387
11	3665481	4746708	902	14	0.0002081779	0.000000338407
11	4746709	6322868	2245	14	0.0000995857	0.000000327020
11	6322869	7436700	1063	14	0.0000857481	0.000000325945
11	7436701	8333273	883	14	-0.0001313281	0.000000327919
11	8333274	9087316	526	14	-0.0000015728	0.000000185369
11	9087317	10952026	1232	14	0.0000833397	0.000000303911
11	10952027	12564228	2069	14	0.0000838224	0.000000330962
11	12564229	13373123	823	14	-0.0000562432	0.000000256639
11	13373124	15742551	1698	14	0.0000874594	0.000000300437
11	15742552	17578401	1181	14	0.0002234646	0.000000311787
11	17578402	19569534	1571	14	0.0003083706	0.000000344185
11	19569535	21017137	1451	14	-0.0000110620	0.000000325036
11	21017138	22374141	1249	14	0.0000278537	0.000000323285
11	22374142	24088516	1565	14	0.0002170258	0.000000321207
11	24088517	26045752	1838	14	-0.0000058652	0.000000325211
11	26045753	27020460	851	14	0.0001184430	0.000000233077
11	27020461	28481592	791	14	0.0003290100	0.000000210279
11	28481593	30141356	1016	14	0.0002788369	0.000000270821
11	30141357	32276900	1356	14	0.0001390038	0.000000308611
11	32276901	33958738	1064	14	0.0002639005	0.000000325622
11	33958739	35502604	1631	14	0.0000540347	0.000000311789
11	35502605	37116814	1414	14	0.0000195794	0.000000313334
11	37116815	39382002	1536	14	0.0002104667	0.000000285222
11	39382003	42310002	2308	14	0.0000318248	0.000000300705
11	42310003	44693798	2010	14	-0.0000711068	0.000000305258
11	44693799	47006136	1370	14	0.0001709843	0.000000318702
11	47006137	49866049	1134	14	0.0002366541	0.000000206928
11	49866050	54695472	492	12	0.0005235026	0.000000097844
11	54695473	55082656	43	5	0.0001935872	0.000000027596
11	55082657	58457494	2833	14	0.0004749189	0.000000311133
11	58457495	58780548	194	10	0.0001314056	0.000000043235
11	58780549	62223770	1831	14	0.0002819788	0.000000343945
11	62223771	63804568	482	14	0.0001794175	0.000000184599
11	63804569	65898630	810	14	0.0002662052	0.000000355641
11	65898631	68005824	535	14	0.0005457766	0.000000250784
11	68005825	69516129	919	14	0.0000408983	0.000000354729
11	69516130	70926291	915	14	0.0002361401	0.000000372131
11	70926292	72286016	664	14	0.0001220216	0.000000239429
11	72286017	74412350	1043	14	0.0003633332	0.000000325175
11	74412351	76797208	1358	14	-0.0000783014	0.000000313562
11	76797209	78355057	842	14	0.0000446105	0.000000253154
11	78355058	80722372	2160	14	0.0001611434	0.000000333847
11	80722373	81266711	669	14	-0.0000382196	0.000000200733
11	81266712	84381271	2686	14	0.0001521264	0.000000315866
11	84381272	86619300	1585	14	-0.0000029320	0.000000297481
11	86619301	87430234	776	14	0.0001195626	0.000000194213
11	87430235	89208935	1238	14	0.0000361684	0.000000313926
11	89208936	90966489	1053	14	0.0000887773	0.000000214697
11	90966490	92077143	863	14	-0.0000489101	0.000000198260
11	92077144	93276156	849	14	-0.0001128085	0.000000227129
11	93276157	94242259	596	14	0.0000185541	0.000000142619
11	94242260	95726040	1182	14	0.0002651800	0.000000346099
11	95726041	97057057	1008	14	0.0000864137	0.000000340091
11	97057058	98705064	1438	14	0.0003045567	0.000000332321
11	98705065	100417168	1851	14	-0.0000548849	0.000000302571
11	100417169	101331120	990	14	0.0001212301	0.000000253664
11	101331121	103959635	2540	14	0.0000152982	0.000000303820
11	103959636	104873283	690	14	0.0003061338	0.000000125525
11	104873284	106520893	1193	14	0.0001852511	0.000000270688
11	106520894	107844199	1039	14	0.0001741304	0.000000334775
11	107844200	108437036	229	14	0.0006204496	0.000000084640
11	108437037	109866115	766	14	0.0002570387	0.000000266255
11	109866116	111114396	1032	14	0.0001829872	0.000000294697
11	111114397	112459487	730	14	-0.0000267288	0.000000199602
11	112459488	114257727	1561	14	0.0000462648	0.000000327601
11	114257728	114830665	531	14	0.0001844734	0.000000138403
11	114830666	116383347	1220	14	0.0001813930	0.000000330194
11	116383348	117747109	1097	14	0.0002227592	0.000000372450
11	117747110	119215475	884	14	0.0000805424	0.000000335185
11	119215476	120766805	1151	14	0.0000885051	0.000000351073
11	120766806	121175942	418	14	0.0000254541	0.000000116392
11	121175943	122591909	966	14	-0.0000263020	0.000000312663
11	122591910	123500116	698	14	0.0003584016	0.000000359155
11	123500117	124495527	1054	14	0.0000839152	0.000000218164
11	124495528	126311319	1460	14	0.0001913456	0.000000325656
11	126311320	127316678	1079	14	0.0000130278	0.000000315206
11	127316679	128188536	665	14	0.0003638605	0.000000226680
11	128188537	130342574	1553	14	0.0001059104	0.000000348064
11	130342575	131074611	759	14	0.0001487461	0.000000325842
11	131074612	133000045	2076	14	-0.0000275396	0.000000333191
11	133000046	134205992	949	14	-0.0001289345	0.000000327540
11	134205993	134946451	885	14	-0.0001138404	0.000000360041
12	61107	1080330	567	14	0.0001357909	0.000000316470
12	1080331	2544785	889	14	-0.0000805314	0.000000346333
12	2544786	3677036	918	14	0.0000498456	0.000000358188
12	3677037	4417678	668	14	0.0003475273	0.000000366343
12	4417679	5321471	904	14	-0.0000083529	0.000000313185
12	5321472	6419752	1045	14	-0.0000531959	0.000000322571
12	6419753	8377535	902	14	-0.0000336707	0.000000381158
12	8377536	9031394	275	14	0.0002141632	0.000000170809
12	9031395	10481533	1123	14	0.0004226681	0.000000345455
12	10481534	11754845	807	14	0.0000340679	0.000000257470
12	11754846	12733527	762	14	0.0001432155	0.000000347858
12	12733528	15241483	2005	14	0.0002566663	0.000000328414
12	15241484	16310459	498	14	0.0001742105	0.000000189715
12	16310460	18087872	1346	14	0.0002015453	0.000000312509
12	18087873	20863942	2329	14	0.0001038409	0.000000321600
12	20863943	23820633	2219	14	0.0000401123	0.000000309407
12	23820634	25371082	1494	14	-0.0000352331	0.000000313912
12	25371083	27799772	2185	14	0.0002346689	0.000000319481
12	27799773	29651254	1608	14	0.0000944110	0.000000311300
12	29651255	30512405	1225	14	-0.0000422698	0.000000311655
12	30512406	32165591	1413	14	0.0001554698	0.000000334419
12	32165592	33076988	872	14	0.0000226025	0.000000272149
12	33076989	37856716	1123	14	0.0004000193	0.000000213489
12	37856717	39227168	526	14	0.0000613065	0.000000097819
12	39227169	40816184	1356	14	0.0000656527	0.000000267324
12	40816185	41658585	853	14	0.0001014576	0.000000179435
12	41658586	43984473	2193	14	-0.0000846353	0.000000288407
12	43984474	46024228	1139	14	0.0000607989	0.000000243588
12	46024229	47714792	965	14	0.0002169015	0.000000319064
12	47714793	49001865	1081	14	0.0002741322	0.000000337057
12	49001866	51776493	1076	14	0.0001859464	0.000000349325
12	51776494	53039003	1146	14	0.0000562951	0.000000334379
12	53039004	54778822	1037	14	0.0002876565	0.000000363161
12	54778823	55665836	613	14	0.0001333578	0.000000216377
12	55665837	57548859	708	14	0.0001967067	0.000000287442
12	57548860	59308665	895	14	-0.0000887419	0.000000255824
12	59308666	61123728	1134	14	-0.0000834087	0.000000254776
12	61123729	64032460	2424	14	0.0000777540	0.000000324639
12	64032461	65559694	754	14	0.0001273778	0.000000279605
12	65559695	67181143	1049	14	0.0002565522	0.000000332587
12	67181144	67909728	725	14	0.0002363557	0.000000176559
12	67909729	69826541	1530	14	0.0001464210	0.000000348856
12	69826542	70957986	1150	14	-0.0000660685	0.000000278570
12	70957987	72645074	1221	14	0.0002728471	0.000000349158
12	72645075	73818453	764	14	0.0002119314	0.000000205105
12	73818454	76511313	1829	14	-0.0000242263	0.000000314362
12	76511314	78570569	1689	14	0.0001792206	0.000000341036
12	78570570	80448149	958	14	-0.0000787870	0.000000301192
12	80448150	81467766	759	14	0.0003491578	0.000000182247
12	81467767	83502665	1352	14	0.0000901893	0.000000319514
12	83502666	84303843	662	14	0.0000867469	0.000000128575
12	84303844	85990425	1093	14	0.0000157802	0.000000189952
12	85990426	89682121	2037	14	0.0001627237	0.000000307323
12	89682122	92066154	1573	14	0.0000523411	0.000000317592
12	92066155	94514566	1845	14	-0.0000203615	0.000000340731
12	94514567	96020784	1223	14	0.0000687736	0.000000336924
12	96020785	97108838	889	14	0.0001119830	0.000000332418
12	97108839	99305986	1813	14	-0.0001070904	0.000000308717
12	99305987	101447640	1425	14	0.0000784623	0.000000333076
12	101447641	101862689	287	14	0.0002742082	0.000000108639
12	101862690	102964985	644	14	0.0000409729	0.000000229521
12	102964986	104848695	1539	14	0.0000558894	0.000000322522
12	104848696	106436212	1541	14	-0.0000343153	0.000000315882
12	106436213	106958747	427	14	0.0005984886	0.000000196181
12	106958748	109025900	1438	14	0.0003174960	0.000000339954
12	109025901	110336718	742	14	0.0002528343	0.000000273020
12	110336719	113263517	720	14	0.0001811566	0.000000229649
12	113263518	113986708	399	14	0.0001568785	0.000000170048
12	113986709	115036601	1091	14	0.0001093338	0.000000322141
12	115036602	115503215	389	14	0.0000675732	0.000000153849
12	115503216	117087470	1316	14	0.0003059165	0.000000345474
12	117087471	118135374	829	14	0.0000780870	0.000000341084
12	118135375	119754109	1291	14	-0.0000380762	0.000000335115
12	119754110	122007650	1186	14	0.0007760229	0.000000371496
12	122007651	124977979	1166	14	0.0000780152	0.000000337283
12	124977980	126445504	1196	14	0.0000036102	0.000000377777
12	126445505	127875097	1414	14	0.0000958784	0.000000348498
12	127875098	129237296	1423	14	0.0002029716	0.000000407599
12	129237297	130377920	1277	14	-0.0001258416	0.000000333565
12	130377921	131786750	1459	14	0.0000006569	0.000000373276
12	131786751	132807033	671	14	0.0000484333	0.000000293310
12	132807034	133841510	338	14	0.0004847449	0.000000179653
13	19020013	20686719	786	14	0.0001498063	0.000000281190
13	20686720	22242173	1149	14	0.0000299145	0.000000334032
13	22242174	23594701	1307	14	0.0000303641	0.000000367769
13	23594702	24531936	1031	14	0.0000651181	0.000000328571
13	24531937	25784361	1230	14	0.0001461574	0.000000344769
13	25784362	27284361	1158	14	0.0001613020	0.000000333969
13	27284362	29257550	1634	14	0.0002538771	0.000000357312
13	29257551	30483266	1074	14	0.0000175424	0.000000325720
13	30483267	32301814	1550	14	0.0000442100	0.000000357652
13	32301815	33776902	1216	14	0.0001620458	0.000000322492
13	33776903	35026463	1012	14	0.0000784939	0.000000293634
13	35026464	36046366	485	14	0.0003044709	0.000000175289
13	36046367	37498184	1302	14	0.0002821148	0.000000337499
13	37498185	38878162	1438	14	0.0001150347	0.000000302119
13	38878163	41069262	1874	14	0.0002685235	0.000000345518
13	41069263	43101026	1307	14	0.0000223786	0.000000303772
13	43101027	44901408	1652	14	0.0001700371	0.000000317439
13	44901409	46495213	984	14	0.0001448873	0.000000344952
13	46495214	47431078	717	14	-0.0000039196	0.000000214908
13	47431079	49383961	1417	14	0.0002405801	0.000000319524
13	49383962	51591090	1447	14	0.0000642968	0.000000319334
13	51591091	53339621	712	14	0.0002503774	0.000000317084
13	53339622	54682863	1185	14	0.0003921149	0.000000326127
13	54682864	55817130	882	14	0.0001196088	0.000000197292
13	55817131	57554216	969	14	-0.0000025381	0.000000141531
13	57554217	58410625	563	14	0.0001567663	0.000000104665
13	58410626	59302270	695	14	-0.0000170488	0.000000117419
13	59302271	60854777	1321	14	-0.0000146148	0.000000303664
13	60854778	61591948	707	14	0.0001359545	0.000000190396
13	61591949	63971558	1957	14	0.0003316827	0.000000336862
13	63971559	65200601	1102	14	0.0000771362	0.000000176653
13	65200602	67844452	1735	14	0.0000989865	0.000000309151
13	67844453	70724515	2659	14	0.0001371719	0.000000315273
13	70724516	71526790	735	14	0.0002110158	0.000000289927
13	71526791	73934088	1828	14	0.0000824801	0.000000338627
13	73934089	75670142	1487	14	0.0000051234	0.000000326432
13	75670143	77410554	1680	14	0.0003397795	0.000000318607
13	77410555	78808812	1013	14	0.0002218787	0.000000262085
13	78808813	80585675	1272	14	0.0003491941	0.000000334813
13	80585676	82581813	1608	14	0.0000354007	0.000000315267
13	82581814	84133143	1160	14	0.0001268209	0.000000212280
13	84133144	85610915	1116	14	0.0001149126	0.000000267487
13	85610916	88559881	2215	14	0.0001290887	0.000000316269
13	88559882	90521310	1361	14	0.0000487581	0.000000264645
13	90521311	93129690	2149	14	0.0002393241	0.000000327095
13	93129691	93586454	297	14	-0.0000015566	0.000000088820
13	93586455	96087557	2203	14	0.0000748706	0.000000338326
13	96087558	97519209	782	14	0.0000901472	0.000000220875
13	97519210	98938918	861	14	-0.0000613447	0.000000328986
13	98938919	100574094	1534	14	0.0000164415	0.000000309840
13	100574095	102300522	1535	14	0.0001003911	0.000000307522
13	102300523	104066709	1885	14	0.0001361840	0.000000325805
13	104066710	104844113	757	14	0.0003426158	0.000000256749
13	104844114	106247553	1468	14	0.0002672193	0.000000349532
13	106247554	106749999	613	14	0.0000111739	0.000000200496
13	106750000	108189876	1276	14	0.0001914418	0.000000348033
13	108189877	109121209	948	14	0.0001539770	0.000000347759
13	109121210	109815111	763	14	-0.0000496566	0.000000239114
13	109815112	111232072	1388	14	0.0002846130	0.000000376015
13	111232073	112247591	877	14	-0.0000431182	0.000000341419
13	112247592	113572487	971	14	0.0001328107	0.000000360995
13	113572488	115109852	728	14	0.0003299996	0.000000413972
14	19002084	21589401	1094	14	0.0000744718	0.000000420379
14	21589402	23018664	1490	14	-0.0000075748	0.000000326549
14	23018665	24905122	1211	14	0.0001011272	0.000000380358
14	24905123	26135685	1294	14	0.0002011742	0.000000320059
14	26135686	28466532	1651	14	-0.0000244355	0.000000322836
14	28466533	29972144	913	14	-0.0000045438	0.000000264735
14	29972145	32383264	1248	14	0.0000387597	0.000000332072
14	32383265	34846250	2244	14	0.0000474525	0.000000351182
14	34846251	35859592	484	14	0.0002044241	0.000000170599
14	35859593	38667724	1671	14	0.0000835042	0.000000317714
14	38667725	40341989	1191	14	-0.0000109597	0.000000300858
14	40341990	41615501	1121	14	0.0000897998	0.000000180166
14	41615502	43137388	1005	14	0.0002323097	0.000000240098
14	43137389	44543226	974	14	0.0001460594	0.000000281463
14	44543227	46081895	814	14	0.0000421897	0.000000219224
14	46081896	46749129	539	14	0.0001708690	0.000000098070
14	46749130	48573585	1571	14	0.0001368140	0.000000299968
14	48573586	49005470	296	14	0.0000169330	0.000000065269
14	49005471	50507759	1005	14	0.0002343234	0.000000315802
14	50507760	51493571	703	14	0.0004262095	0.000000263195
14	51493572	53474382	1654	14	-0.0000558514	0.000000305557
14	53474383	53997830	412	14	0.0003276657	0.000000112900
14	53997831	55233680	800	14	0.0002216313	0.000000326461
14	55233681	56216879	579	14	0.0000932504	0.000000142315
14	56216880	57481261	1328	14	0.0000875958	0.000000308820
14	57481262	59448335	1482	14	0.0000569172	0.000000305620
14	59448336	61680423	1428	14	0.0000284897	0.000000285218
14	61680424	63790014	1665	14	-0.0000635887	0.000000295161
14	63790015	65220297	685	14	0.0001423453	0.000000215871
14	65220298	66399554	774	14	0.0005780261	0.000000288639
14	66399555	67992316	719	14	0.0000631250	0.000000164111
14	67992317	71131956	2278	14	0.0002652837	0.000000327871
14	71131957	72889614	1462	14	0.0001506818	0.000000307279
14	72889615	76444766	2119	14	0.0003316498	0.000000338099
14	76444767	77229471	629	14	-0.0000213183	0.000000276682
14	77229472	78561944	1122	14	0.0001712545	0.000000321471
14	78561945	80186578	1235	14	0.0001737176	0.000000312195
14	80186579	81579713	1179	14	0.0001808288	0.000000299356
14	81579714	83138096	1065	14	0.0002067688	0.000000321866
14	83138097	84241632	958	14	0.0000592348	0.000000274966
14	84241633	85746318	1168	14	0.0001749663	0.000000309937
14	85746319	86647001	655	14	0.0001903010	0.000000214691
14	86647002	87635340	739	14	-0.0000008492	0.000000217990
14	87635341	89497642	1353	14	0.0000463569	0.000000308018
14	89497643	91296859	1329	14	0.0000740445	0.000000329423
14	91296860	93132298	1309	14	0.0001350944	0.000000335414
14	93132299	94325284	783	14	0.0000567154	0.000000295953
14	94325285	95750866	1591	14	0.0000398121	0.000000341519
14	95750867	96262414	700	14	0.0002612478	0.000000322620
14	96262415	98341161	1604	14	0.0002012498	0.000000355180
14	98341162	99138531	877	14	0.0000707809	0.000000224741
14	99138532	101534306	1633	14	0.0000451262	0.000000349662
14	101534307	103012101	763	14	0.0004125789	0.000000406027
14	103012102	105001722	942	14	0.0003280927	0.000000365884
14	105001723	106340357	302	14	-0.0000378656	0.000000166174
14	106340358	107289453	279	14	0.0001565391	0.000000178312
15	20001200	21131603	35	6	0.0008196983	0.000000162438
15	21131604	24195126	600	14	-0.0000119233	0.000000321727
15	24195127	25108589	661	14	0.0001445518	0.000000201661
15	25108590	27298111	1747	14	0.0000351580	0.000000362491
15	27298112	29338501	1070	14	0.0000502141	0.000000333601
15	29338502	30165567	608	14	0.0002470322	0.000000246318
15	30165568	31591820	536	14	-0.0000164903	0.000000233744
15	31591821	32441810	506	14	0.0001833552	0.000000176837
15	32441811	34015424	1343	14	0.0001786426	0.000000329944
15	34015425	35083250	750	14	-0.0001007240	0.000000295940
15	35083251	37456501	1917	14	-0.0000261505	0.000000325461
15	37456502	38530776	747	14	0.0001689646	0.000000285973
15	38530777	40384131	1644	14	0.0003255295	0.000000335489
15	40384132	41177513	412	14	0.0001804310	0.000000155162
15	41177514	42776398	779	14	0.0001419245	0.000000295421
15	42776399	44198048	428	14	0.0000360506	0.000000106215
15	44198049	46618786	991	14	0.0002142771	0.000000313945
15	46618787	48136047	1351	14	0.0001869994	0.000000297885
15	48136048	50008042	957	14	-0.0000444750	0.000000233724
15	50008043	51677559	1138	14	0.0002064287	0.000000303229
15	51677560	53069095	793	14	0.0001539927	0.000000237179
15	53069096	54508527	1386	14	0.0004130269	0.000000322839
15	54508528	55136268	588	14	0.0000849197	0.000000207446
15	55136269	56901772	1113	14	0.0000861959	0.000000323484
15	56901773	58441365	1248	14	0.0002849470	0.000000337638
15	58441366	59694115	940	14	0.0001577985	0.000000336687
15	59694116	61265835	1222	14	-0.0001102697	0.000000320800
15	61265836	63215221	1682	14	-0.0000181117	0.000000322960
15	63215222	65104667	920	14	0.0000504709	0.000000323122
15	65104668	67094766	1042	14	0.0008050507	0.000000381973
15	67094767	69017998	1317	14	0.0000541500	0.000000316792
15	69017999	70133340	564	14	0.0001862322	0.000000241128
15	70133341	71922648	1257	14	0.0001858530	0.000000338533
15	71922649	73628713	748	14	0.0001742835	0.000000185936
15	73628714	76398623	1012	14	0.0009310487	0.000000371605
15	76398624	78516052	1096	14	0.0001229041	0.000000309088
15	78516053	80860977	1905	14	0.0003565485	0.000000326803
15	80860978	84260467	1528	14	0.0000609280	0.000000314531
15	84260468	86652904	1643	14	0.0002264817	0.000000317831
15	86652905	88369942	1510	14	0.0004115599	0.000000334943
15	88369943	90475550	1290	14	0.0000045885	0.000000330095
15	90475551	92164391	1181	14	0.0001976835	0.000000344949
15	92164392	93780901	1420	14	0.0002162308	0.000000350970
15	93780902	94924329	1183	14	-0.0000214341	0.000000367730
15	94924330	96141595	1115	14	0.0001975523	0.000000339615
15	96141596	98030909	1396	14	0.0003550908	0.000000371025
15	98030910	99244058	1123	14	0.0000422076	0.000000358531
15	99244059	100636846	1078	14	0.0000337907	0.000000353659
15	100636847	101552693	714	14	0.0002215737	0.000000370783
15	101552694	102520965	744	14	0.0000212954	0.000000376774
16	60054	1207205	478	14	0.0012842278	0.000000493234
16	1207206	2764828	627	14	0.0002917143	0.000000366323
16	2764829	4001195	480	14	0.0002878938	0.000000326164
16	4001196	5118344	599	14	0.0000751739	0.000000395926
16	5118345	5891579	749	14	-0.0000487774	0.000000361949
16	5891580	6893550	1262	14	0.0000383133	0.000000342946
16	6893551	7529120	932	14	0.0001331566	0.000000325374
16	7529121	8338518	1061	14	0.0001725247	0.000000347055
16	8338519	9799418	1375	14	0.0000985852	0.000000336193
16	9799419	10426031	762	14	0.0001771552	0.000000251006
16	10426032	11520160	810	14	-0.0000248268	0.000000346654
16	11520161	12613097	726	14	0.0000411016	0.000000337268
16	12613098	13154436	656	14	0.0000071972	0.000000247025
16	13154437	14464001	1095	14	0.0001166039	0.000000316395
16	14464002	16154059	440	14	0.0001247023	0.000000231516
16	16154060	17644748	698	14	-0.0000638836	0.000000348238
16	17644749	18643606	364	14	0.0000186227	0.000000141167
16	18643607	20150570	804	14	0.0002343583	0.000000358208
16	20150571	22448903	769	14	-0.0000466968	0.000000267037
16	22448904	24136874	959	14	0.0000190357	0.000000339637
16	24136875	25986861	1374	14	0.0002441708	0.000000351166
16	25986862	27445754	1231	14	-0.0000503617	0.000000331967
16	27445755	29036612	533	14	0.0002108380	0.000000200419
16	29036613	31382942	467	14	0.0005333168	0.000000270363
16	31382943	46399472	248	14	0.0003016798	0.000000112396
16	46399473	49007925	607	14	0.0001607592	0.000000167162
16	49007926	52035822	2019	14	0.0001019201	0.000000332994
16	52035823	53382571	905	14	0.0001358913	0.000000272830
16	53382572	55903773	2186	14	0.0000652649	0.000000334233
16	55903774	57664329	1168	14	0.0002992202	0.000000356599
16	57664330	59045404	902	14	0.0000031474	0.000000347705
16	59045405	60745693	1145	14	0.0001045698	0.000000328841
16	60745694	62229848	820	14	0.0002503831	0.000000220012
16	62229849	63691588	1026	14	0.0000173929	0.000000325968
16	63691589	65938565	1757	14	0.0001595273	0.000000314087
16	65938566	68841362	1184	14	0.0006848374	0.000000362282
16	68841363	71054027	625	14	0.0003150067	0.000000270423
16	71054028	72935149	768	14	-0.0000142700	0.000000267201
16	72935150	74971502	1295	14	0.0001584768	0.000000369347
16	74971503	75977953	460	14	0.0006089280	0.000000221477
16	75977954	77523677	1478	14	-0.0000425034	0.000000318433
16	77523678	78456291	1177	14	0.0001484602	0.000000339067
16	78456292	79134814	984	14	-0.0000051438	0.000000349909
16	79134815	80297373	1356	14	0.0002479988	0.000000334903
16	80297374	81772535	1452	14	0.0001334140	0.000000350996
16	81772536	82747727	1045	14	-0.0000030084	0.000000352250
16	82747728	83477207	1088	14	0.0000414254	0.000000316306
16	83477208	84445882	1308	14	-0.0000391967	0.000000354134
16	84445883	85148684	841	14	0.0002238111	0.000000411723
16	85148685	86156598	871	14	0.0001860339	0.000000432308
16	86156599	86815410	904	14	-0.0001350955	0.000000355510
16	86815411	87647348	671	14	0.0001354949	0.000000383619
16	87647349	89041164	671	14	0.0002743923	0.000000510692
16	89041165	90292811	555	14	0.0005554147	0.000000343347
17	56	1172398	527	14	0.0002305944	0.000000511045
17	1172399	1928730	424	14	0.0004400425	0.000000304356
17	1928731	3702311	1127	14	0.0000490929	0.000000360481
17	3702312	4696260	601	14	0.0000357275	0.000000400814
17	4696261	5741333	777	14	0.0003857477	0.000000309652
17	5741334	7317397	1113	14	-0.0000507540	0.000000400167
17	7317398	8306424	452	14	-0.0000547593	0.000000246753
17	8306425	9965920	1237	14	-0.0001225590	0.000000351630
17	9965921	11102814	916	14	0.0000977094	0.000000355660
17	11102815	12534768	1037	14	0.0000162521	0.000000342607
17	12534769	13180371	591	14	0.0000253094	0.000000266870
17	13180372	13894636	724	14	0.0001350539	0.000000358831
17	13894637	15019096	1302	14	-0.0000665121	0.000000331326
17	15019097	16412341	604	14	0.0000941091	0.000000270289
17	16412342	18856319	1043	14	0.0001921110	0.000000351778
17	18856320	21290356	740	14	0.0020397458	0.000000409153
17	21290357	27334243	1062	14	0.0009542574	0.000000396318
17	27334244	29786490	768	14	0.0005705285	0.000000243682
17	29786491	31538424	1002	14	0.0001491453	0.000000340759
17	31538425	32912797	1615	14	0.0000402909	0.000000313251
17	32912798	34469035	969	14	0.0000307108	0.000000339378
17	34469036	36809343	862	14	-0.0000251362	0.000000362309
17	36809344	38877403	721	14	0.0004221103	0.000000337248
17	38877404	39899809	697	14	0.0001174220	0.000000228853
17	39899810	41772086	539	14	0.0002887434	0.000000181658
17	41772087	43056904	558	14	0.0001197042	0.000000194945
17	43056905	45876021	1244	14	0.0002344776	0.000000306503
17	45876022	47517399	907	14	0.0000801477	0.000000288495
17	47517400	49898956	1359	14	0.0000901108	0.000000362389
17	49898957	50719054	609	14	0.0000247669	0.000000137233
17	50719055	51826117	859	14	0.0000146683	0.000000175900
17	51826118	53599431	1241	14	0.0000655423	0.000000323380
17	53599432	55357540	1201	14	0.0000390219	0.000000339113
17	55357541	57487511	1143	14	0.0003221847	0.000000361500
17	57487512	59312754	419	14	0.0003396290	0.000000127349
17	59312755	61545588	822	14	0.0001869781	0.000000352866
17	61545589	63148127	523	14	-0.0000340220	0.000000183439
17	63148128	64800429	1372	14	0.0001139092	0.000000330829
17	64800430	67858769	1793	14	-0.0000946602	0.000000337174
17	67858770	69387816	1390	14	0.0002127830	0.000000316865
17	69387817	72672202	2609	14	0.0000635730	0.000000363855
17	72672203	74375559	687	14	0.0002182648	0.000000345578
17	74375560	76263412	1294	14	0.0000519109	0.000000418636
17	76263413	77298635	760	14	0.0001407349	0.000000427827
17	77298636	78837587	1032	14	0.0000862737	0.000000388456
17	78837588	80034407	457	14	0.0003624134	0.000000324858
17	80034408	81194907	553	14	0.0000979159	0.000000235248
18	10644	912485	718	14	0.0001409251	0.000000382907
18	912486	1942910	840	14	0.0000448274	0.000000252624
18	1942911	3891657	1558	14	0.0000148838	0.000000366325
18	3891658	5834179	1606	14	0.0001965340	0.000000371689
18	5834180	7090484	1090	14	0.0000960725	0.000000376614
18	7090485	8498930	1105	14	0.0000390614	0.000000346152
18	8498931	11075912	2383	14	-0.0000822328	0.000000349295
18	11075913	11905439	567	14	-0.0000017424	0.000000282999
18	11905440	14440798	1438	14	0.0000367364	0.000000354842
18	14440799	19485843	357	14	0.0000554470	0.000000127689
18	19485844	20649471	669	14	0.0006547791	0.000000226567
18	20649472	22996650	1518	14	0.0001486445	0.000000310741
18	22996651	24026190	664	14	0.0002920450	0.000000225677
18	24026191	25927681	1560	14	-0.0000390575	0.000000315923
18	25927682	26875586	663	14	0.0001507082	0.000000134494
18	26875587	27866477	722	14	-0.0000668267	0.000000156067
18	27866478	30264065	1876	14	0.0002695732	0.000000329840
18	30264066	31780066	875	14	-0.0000880338	0.000000186464
18	31780067	33861963	1370	14	0.0002845297	0.000000326851
18	33861964	35075249	914	14	0.0000564951	0.000000316375
18	35075250	36365489	1101	14	0.0000875661	0.000000264999
18	36365490	37684366	832	14	0.0001324834	0.000000184747
18	37684367	39892647	1831	14	0.0001896814	0.000000314723
18	39892648	42922105	2191	14	-0.0000410662	0.000000298664
18	42922106	44299245	1225	14	0.0017321962	0.000000429125
18	44299246	45939731	1139	14	0.0000412315	0.000000324698
18	45939732	47730583	1377	14	-0.0000632057	0.000000323101
18	47730584	51062184	2555	14	0.0001230624	0.000000312383
18	51062185	51554174	483	14	-0.0000356503	0.000000075651
18	51554175	55213837	2238	14	0.0002580908	0.000000322220
18	55213838	56530219	1110	14	0.0001052390	0.000000338540
18	56530220	57630482	1072	14	0.0000100140	0.000000320865
18	57630483	59020750	1013	14	0.0001196398	0.000000290026
18	59020751	60277714	1202	14	0.0000854877	0.000000316857
18	60277715	61820251	1212	14	0.0000823161	0.000000326468
18	61820252	63463401	1292	14	0.0000747715	0.000000303736
18	63463402	64252800	752	14	-0.0001064335	0.000000134541
18	64252801	66125816	1762	14	0.0001159955	0.000000321177
18	66125817	67175819	758	14	0.0000758249	0.000000266757
18	67175820	68621178	989	14	0.0003347238	0.000000377402
18	68621179	69621617	958	14	0.0001234499	0.000000327739
18	69621618	71038473	1301	14	0.0000243997	0.000000335411
18	71038474	71971461	1034	14	0.0000457562	0.000000356747
18	71971462	73526986	1369	14	0.0001224756	0.000000329664
18	73526987	74813814	1150	14	0.0000359561	0.000000340273
18	74813815	75976316	1223	14	0.0002498508	0.000000356603
18	75976317	77149990	990	14	0.0001104330	0.000000356980
18	77149991	78017157	529	14	0.0003421384	0.000000260674
19	80840	610728	153	14	0.0002038316	0.000000214981
19	610729	2098395	529	14	0.0001327732	0.000000835851
19	2098396	3019659	419	14	-0.0000193767	0.000000321743
19	3019660	4348966	541	14	0.0002067377	0.000000574124
19	4348967	5811851	672	14	0.0013042330	0.000000570243
19	5811852	6684884	354	14	-0.0000766248	0.000000238520
19	6684885	8347512	907	14	0.0001406722	0.000000464564
19	8347513	9238392	430	14	0.0002130525	0.000000194216
19	9238393	11284027	822	14	0.0001049336	0.000000354172
19	11284028	13471126	759	14	0.0019385696	0.000000492506
19	13471127	14486346	369	14	0.0000618427	0.000000232554
19	14486347	15648609	585	14	0.0001229154	0.000000307028
19	15648610	16374415	694	14	0.0004273103	0.000000244216
19	16374416	18409861	914	14	0.0001004122	0.000000431747
19	18409862	19877470	536	14	0.0002861440	0.000000259561
19	19877471	20905756	368	14	-0.0000255623	0.000000149370
19	20905757	22732895	951	14	0.0000846272	0.000000247639
19	22732896	23467745	351	14	0.0002815400	0.000000106583
19	23467746	28557892	804	14	0.0000184053	0.000000179635
19	28557893	29790946	1232	14	0.0000266497	0.000000296866
19	29790947	30727953	719	14	0.0004155547	0.000000303971
19	30727954	32746519	1249	14	0.0001993003	0.000000331029
19	32746520	34262951	964	14	0.0005840653	0.000000386491
19	34262952	36469294	1156	14	0.0001059539	0.000000390025
19	36469295	37527032	478	14	0.0000581536	0.000000118294
19	37527033	40170618	1128	14	-0.0000715019	0.000000328639
19	40170619	40984600	328	14	0.0001672595	0.000000131481
19	40984601	42131572	502	14	0.0000290288	0.000000280879
19	42131573	43862454	518	14	0.0001047071	0.000000239694
19	43862455	44744107	538	14	0.0000558413	0.000000176210
19	44744108	46102696	656	14	0.0001148560	0.000000362170
19	46102697	47150081	489	14	-0.0000030296	0.000000291742
19	47150082	49282226	994	14	0.0002024729	0.000000429394
19	49282227	51532566	1052	14	0.0002270114	0.000000495085
19	51532567	52985289	1194	14	-0.0000074749	0.000000384893
19	52985290	54602361	1041	14	0.0000796080	0.000000547307
19	54602362	55728079	619	14	0.0000365093	0.000000515093
19	55728080	57521334	1158	14	0.0001066135	0.000000441919
19	57521335	59118838	879	14	0.0003873250	0.000000349964
20	60479	697599	442	14	0.0000897564	0.000000301485
20	697600	2469500	1865	14	0.0001578588	0.000000366015
20	2469501	3828412	935	14	0.0004037092	0.000000359791
20	3828413	5477849	1495	14	0.0001568549	0.000000372138
20	5477850	7084072	1559	14	0.0001044712	0.000000340353
20	7084073	8117010	1061	14	0.0001615555	0.000000255497
20	8117011	9730920	1580	14	-0.0001486713	0.000000309354
20	9730921	11249535	1499	14	0.0000704735	0.000000352738
20	11249536	12447498	1101	14	0.0000974394	0.000000330697
20	12447499	13689863	1166	14	0.0002065434	0.000000362064
20	13689864	15958358	2050	14	0.0002416457	0.000000354311
20	15958359	17487231	1867	14	-0.0000511622	0.000000333534
20	17487232	18972202	1215	14	-0.0000162756	0.000000351642
20	18972203	20959709	1783	14	0.0001404859	0.000000364745
20	20959710	22491455	894	14	0.0002502894	0.000000258086
20	22491456	23293789	837	14	0.0000724610	0.000000244303
20	23293790	24717723	1158	14	0.0001630040	0.000000345311
20	24717724	25344230	597	14	0.0000636496	0.000000127206
20	25344231	31614822	1175	14	0.0005429746	0.000000369767
20	31614823	32813440	476	14	0.0001036214	0.000000167051
20	32813441	34960445	791	14	0.0001276015	0.000000209294
20	34960446	36909529	928	14	0.0000506432	0.000000349265
20	36909530	38436760	1099	14	0.0003252221	0.000000347887
20	38436761	39610855	966	14	0.0000726091	0.000000347500
20	39610856	40585688	568	14	0.0004041490	0.000000220299
20	40585689	41615459	1060	14	0.0001166850	0.000000349317
20	41615460	42680175	716	14	0.0004480921	0.000000371182
20	42680176	44839055	1440	14	0.0003426303	0.000000365061
20	44839056	47199979	1958	14	0.0004716293	0.000000382555
20	47199980	49239657	1469	14	0.0002385099	0.000000360707
20	49239658	52472548	2589	14	0.0000600124	0.000000356094
20	52472549	54055265	1353	14	-0.0000119139	0.000000352005
20	54055266	56447958	2239	14	0.0000655779	0.000000374138
20	56447959	58406571	1578	14	0.0000282985	0.000000392644
20	58406572	59561723	1073	14	0.0004477243	0.000000379809
20	59561724	61301854	1430	14	-0.0000244088	0.000000434223
20	61301855	62190179	542	14	0.0001277601	0.000000410794
20	62190180	62965162	391	14	0.0006404962	0.000000254547
21	9411243	15950981	636	14	0.0000670418	0.000000312705
21	15950982	18053164	1384	14	0.0000684914	0.000000335631
21	18053165	19480374	966	14	0.0000308624	0.000000351901
21	19480375	20962338	1362	14	0.0000811135	0.000000342342
21	20962339	22072763	908	14	0.0003187140	0.000000355716
21	22072764	23362874	1214	14	0.0001710806	0.000000341950
21	23362875	24696230	916	14	0.0000607281	0.000000299296
21	24696231	26469121	1532	14	0.0001030284	0.000000322744
21	26469122	27271018	478	14	0.0001396012	0.000000153424
21	27271019	29125225	1780	14	-0.0000418067	0.000000314509
21	29125226	31197024	1579	14	0.0001035883	0.000000315962
21	31197025	32668641	1102	14	0.0001142021	0.000000233904
21	32668642	34376998	1144	14	0.0002341895	0.000000336081
21	34376999	35225464	491	14	0.0003616286	0.000000218633
21	35225465	36524372	1066	14	0.0000362176	0.000000340553
21	36524373	37870778	990	14	0.0001246193	0.000000309290
21	37870779	38711703	621	14	0.0000278142	0.000000207104
21	38711704	40482901	1638	14	0.0002269056	0.000000339699
21	40482902	41389526	957	14	0.0001927264	0.000000333112
21	41389527	43321527	1804	14	-0.0000189337	0.000000351027
21	43321528	44506267	1251	14	0.0000637282	0.000000361344
21	44506268	46177104	1063	14	0.0000270956	0.000000373075
21	46177105	47492225	947	14	0.0003788437	0.000000374040
21	47492226	48119751	420	14	-0.0000503697	0.000000152878
22	16050408	17674294	419	14	-0.0000448550	0.000000208970
22	17674295	18296087	438	14	0.0000713892	0.000000236957
22	18296088	19912357	1010	14	0.0000088342	0.000000381940
22	19912358	22357324	1051	14	0.0001835086	0.000000387796
22	22357325	23712646	823	14	-0.0000140234	0.000000410504
22	23712647	24984203	684	14	0.0004685863	0.000000307312
22	24984204	26791627	1429	14	0.0000632347	0.000000372598
22	26791628	27834751	1368	14	-0.0000131770	0.000000352640
22	27834752	29651798	1041	14	0.0002463091	0.000000350555
22	29651799	31439917	1008	14	0.0002347200	0.000000317495
22	31439918	32664985	602	14	0.0002588968	0.000000200024
22	32664986	34494913	1803	14	0.0009335594	0.000000397972
22	34494914	35530984	1191	14	0.0001757683	0.000000302494
22	35530985	37570268	1631	14	0.0039022022	0.000000638030
22	37570269	39307893	955	14	0.0000488485	0.000000350577
22	39307894	40545796	623	14	0.0000784978	0.000000319687
22	40545797	42690817	861	14	0.0004688798	0.000000243665
22	42690818	43714199	777	14	0.0000302050	0.000000357105
22	43714200	44995307	1348	14	0.0000587446	0.000000352215
22	44995308	46470494	1199	14	0.0001263882	0.000000386762
22	46470495	47596317	925	14	-0.0001340011	0.000000341559
22	47596318	48903702	1606	14	0.0000761221	0.000000357387
22	48903703	49824533	1372	14	0.0000390096	0.000000388413
22	49824534	51243297	765	14	0.0010273891	0.000000437746
