chr	start	end	num_snp	k	local_h2g	var
1	10583	1892606	183	15	-0.0001852689	0.000000200667
1	1892607	3582735	845	15	0.0000671957	0.000000586179
1	3582736	4380810	580	15	0.0005371470	0.000000427131
1	4380811	5913892	1938	15	0.0000781933	0.000000428023
1	5913893	7247334	761	15	-0.0001189336	0.000000396481
1	7247335	9365198	1325	15	0.0000230627	0.000000422321
1	9365199	10806983	566	15	0.0000425139	0.000000326094
1	10806984	11777840	427	15	0.0004929301	0.000000356802
1	11777841	12779465	476	15	0.0000822986	0.000000378917
1	12779466	14891510	1246	15	0.0000842084	0.000000437460
1	14891511	16897729	1200	15	0.0002360597	0.000000470717
1	16897730	18662898	1197	15	-0.0000487932	0.000000442079
1	18662899	20469148	1293	15	0.0001982435	0.000000490731
1	20469149	21736587	829	15	0.0002042869	0.000000436342
1	21736588	23086882	976	15	-0.0001827570	0.000000426944
1	23086883	23920589	370	15	0.0000121426	0.000000174919
1	23920590	25516844	940	15	0.0002423984	0.000000458522
1	25516845	27401866	686	15	-0.0000743463	0.000000276758
1	27401867	30161880	991	15	-0.0000675760	0.000000428871
1	30161881	32438684	1977	15	-0.0000355582	0.000000419479
1	32438685	34799757	1226	15	-0.0000869562	0.000000412270
1	34799758	37549182	1042	15	0.0001183575	0.000000453254
1	37549183	38731846	639	15	0.0001378768	0.000000349941
1	38731847	40200566	772	15	0.0002917928	0.000000461108
1	40200567	41975326	1043	15	0.0000222454	0.000000401849
1	41975327	43758456	1150	15	0.0002409510	0.000000426050
1	43758457	44969182	648	15	0.0001181702	0.000000275586
1	44969183	46899500	832	15	-0.0000153881	0.000000238119
1	46899501	48002575	546	15	-0.0000532543	0.000000195644
1	48002576	48978187	579	15	0.0000225996	0.000000274650
1	48978188	49894176	472	15	0.0003441735	0.000000194472
1	49894177	51713725	496	15	0.0000524271	0.000000137195
1	51713726	54226261	1009	15	0.0000047350	0.000000407682
1	54226262	56413116	1516	15	-0.0000590903	0.000000426583
1	56413117	57021727	543	15	0.0002515158	0.000000200544
1	57021728	58865398	1624	15	0.0001135572	0.000000439003
1	58865399	59890408	807	15	0.0001766550	0.000000320147
1	59890409	61922364	1254	15	-0.0001124147	0.000000415845
1	61922365	63455088	1021	15	-0.0000430323	0.000000445398
1	63455089	65041703	1386	15	-0.0000760018	0.000000403913
1	65041704	66939403	1376	15	-0.0000383097	0.000000380403
1	66939404	68477894	1387	15	0.0000300586	0.000000389504
1	68477895	69687615	789	15	0.0000367096	0.000000321116
1	69687616	71372469	1164	15	0.0003317066	0.000000450714
1	71372470	71684404	182	13	-0.0000177559	0.000000045975
1	71684405	74326906	1638	15	0.0001182927	0.000000397884
1	74326907	76728134	1716	15	-0.0000088936	0.000000401509
1	76728135	79661197	2039	15	0.0002321643	0.000000442798
1	79661198	81354190	1242	15	-0.0000941886	0.000000406719
1	81354191	83991747	2259	15	0.0000149841	0.000000434716
1	83991748	84844494	589	15	0.0000978394	0.000000215791
1	84844495	86454750	1328	15	0.0000076514	0.000000411068
1	86454751	88128630	1185	15	0.0002026199	0.000000438173
1	88128631	90066302	1053	15	-0.0000507014	0.000000411867
1	90066303	91886316	1095	15	0.0000971868	0.000000432399
1	91886317	93536458	1098	15	0.0001236664	0.000000373510
1	93536459	94506190	546	15	-0.0000679871	0.000000158892
1	94506191	96150892	1171	15	-0.0001305520	0.000000411903
1	96150893	97885248	1180	15	0.0001467227	0.000000406480
1	97885249	99800603	1322	15	0.0000160558	0.000000412675
1	99800604	100826404	672	15	0.0000067627	0.000000202717
1	100826405	102041015	922	15	0.0001921786	0.000000340957
1	102041016	102898744	703	15	0.0001704972	0.000000253866
1	102898745	103914210	624	15	0.0001477233	0.000000140395
1	103914211	106087841	1299	15	0.0003353674	0.000000451732
1	106087842	108409664	1716	15	0.0000264892	0.000000428558
1	108409665	110303930	1090	15	0.0003220200	0.000000484406
1	110303931	111741736	1024	15	0.0000309074	0.000000455766
1	111741737	113273305	1369	15	-0.0000543985	0.000000416611
1	113273306	114873844	929	15	-0.0000769387	0.000000425592
1	114873845	115880592	603	15	-0.0001093363	0.000000221556
1	115880593	118839066	1736	15	-0.0000025161	0.000000438892
1	118839067	144977493	1241	15	0.0001899875	0.000000417563
1	144977494	148361252	847	15	-0.0000758938	0.000000332968
1	148361253	151538880	574	15	-0.0000363624	0.000000205220
1	151538881	153180828	1046	15	0.0000439028	0.000000308383
1	153180829	154770402	806	15	0.0000039708	0.000000373931
1	154770403	156336132	486	15	0.0000073633	0.000000263185
1	156336133	158027411	1233	15	0.0002070129	0.000000451286
1	158027412	159913047	1398	15	0.0002836411	0.000000483126
1	159913048	162346720	1649	15	0.0001528926	0.000000454218
1	162346721	165191701	2524	15	-0.0000451600	0.000000419664
1	165191702	166460516	1063	15	0.0002046537	0.000000439837
1	166460517	169086323	2134	15	-0.0000996243	0.000000439336
1	169086324	170557775	1423	15	-0.0000240022	0.000000358930
1	170557776	173097906	1776	15	0.0000555590	0.000000414759
1	173097907	175089767	774	15	0.0000729298	0.000000205001
1	175089768	177433380	1639	15	-0.0000999733	0.000000413793
1	177433381	178944308	976	15	0.0000480637	0.000000345173
1	178944309	178954469	3	1	0.0000133359	0.000000011684
1	178954470	181144120	1570	15	-0.0000265638	0.000000391996
1	181144121	182755355	1158	15	-0.0000742529	0.000000416915
1	182755356	184595512	1343	15	0.0000061080	0.000000430824
1	184595513	186810022	957	15	0.0000850278	0.000000382191
1	186810023	188759944	1597	15	-0.0001292216	0.000000402408
1	188759945	189904129	658	15	0.0001433596	0.000000150384
1	189904130	191868929	1589	15	-0.0001777011	0.000000339406
1	191868930	194107441	1419	15	-0.0000470182	0.000000420372
1	194107442	196176200	1693	15	0.0001124955	0.000000422438
1	196176201	197311513	515	15	0.0000685114	0.000000138859
1	197311514	199239883	1085	15	-0.0000021181	0.000000402161
1	199239884	200137648	678	15	0.0000395351	0.000000242627
1	200137649	201589974	1293	15	0.0000785627	0.000000447887
1	201589975	203334733	1096	15	-0.0000523403	0.000000466840
1	203334734	204681067	890	15	0.0004004699	0.000000479685
1	204681068	206073264	1092	15	0.0000805631	0.000000437337
1	206073265	208410363	1242	15	0.0000204234	0.000000437057
1	208410364	210787749	1831	15	-0.0000532668	0.000000420071
1	210787750	212842329	1344	15	-0.0000043044	0.000000423894
1	212842330	214578265	1138	15	-0.0001149795	0.000000426050
1	214578266	216243633	1333	15	0.0000754239	0.000000408054
1	216243634	218705512	2396	15	-0.0001032727	0.000000397787
1	218705513	219590570	692	15	0.0000882636	0.000000245836
1	219590571	221858230	1587	15	0.0000582156	0.000000403484
1	221858231	222230219	352	15	0.0000163429	0.000000143415
1	222230220	224938519	1124	15	-0.0000569674	0.000000485820
1	224938520	226810859	970	15	0.0000580801	0.000000441870
1	226810860	229156247	1524	15	-0.0001332660	0.000000433549
1	229156248	230685254	958	15	0.0000724033	0.000000475292
1	230685255	232090251	1103	15	0.0001159152	0.000000457363
1	232090252	233429283	1172	15	-0.0000757222	0.000000449171
1	233429284	234599433	1097	15	-0.0000364917	0.000000450270
1	234599434	235819435	759	15	0.0001828699	0.000000508381
1	235819436	237555627	1431	15	0.0000739421	0.000000455250
1	237555628	238567806	928	15	-0.0000088712	0.000000428228
1	238567807	239925313	1159	15	0.0002501431	0.000000431285
1	239925314	240564090	700	15	0.0000956969	0.000000336345
1	240564091	241582219	982	15	-0.0001743783	0.000000467171
1	241582220	242071601	404	15	0.0000963468	0.000000211887
1	242071602	244109498	1217	15	0.0002596191	0.000000464556
1	244109499	245506745	970	15	-0.0000263797	0.000000501155
1	245506746	247344517	1482	15	-0.0000408040	0.000000456025
1	247344518	249239465	894	15	0.0004592608	0.000000487250
2	10133	1781021	1409	15	-0.0000291926	0.000000409445
2	1781022	3973778	1900	15	0.0000373938	0.000000430658
2	3973779	5708336	1459	15	0.0000127153	0.000000409198
2	5708337	6836253	1310	15	0.0001482130	0.000000411574
2	6836254	8422146	1367	15	-0.0000298649	0.000000394252
2	8422147	10298468	1393	15	0.0001335601	0.000000440141
2	10298469	12419149	1929	15	0.0002485309	0.000000453538
2	12419150	14335307	1624	15	0.0001176474	0.000000398230
2	14335308	16329734	1792	15	0.0003144665	0.000000405935
2	16329735	18647422	1901	15	0.0000262522	0.000000409122
2	18647423	19692403	813	15	-0.0000465613	0.000000305723
2	19692404	21050489	1320	15	0.0000271615	0.000000404370
2	21050490	23341382	1405	15	-0.0000359310	0.000000392421
2	23341383	24686917	878	15	-0.0000086078	0.000000349242
2	24686918	26894984	1073	15	0.0000479264	0.000000412178
2	26894985	28598776	730	15	-0.0000771229	0.000000262055
2	28598777	29217558	475	15	0.0002429743	0.000000238007
2	29217559	30463710	1212	15	-0.0000996043	0.000000397237
2	30463711	31550449	1184	15	0.0000698136	0.000000415870
2	31550450	33363776	838	15	0.0000712549	0.000000415895
2	33363777	35345027	1823	15	-0.0000608518	0.000000392767
2	35345028	36122005	879	15	0.0002026939	0.000000286971
2	36122006	38132711	1930	15	-0.0000487470	0.000000401886
2	38132712	39031336	643	15	0.0001257638	0.000000353047
2	39031337	40281482	642	15	0.0001593555	0.000000287669
2	40281483	43309589	2880	15	0.0000844203	0.000000378580
2	43309590	44313802	855	15	0.0001220650	0.000000403596
2	44313803	46482633	2026	15	-0.0001054168	0.000000410342
2	46482634	47318771	799	15	-0.0000152005	0.000000421394
2	47318772	48213000	532	15	-0.0000791997	0.000000407687
2	48213001	50022256	1561	15	0.0001994234	0.000000399401
2	50022257	50818927	833	15	0.0000238275	0.000000276011
2	50818928	52491132	1694	15	0.0001381089	0.000000393211
2	52491133	53508451	1141	15	0.0001296903	0.000000393291
2	53508452	54685225	897	15	0.0000384653	0.000000388789
2	54685226	56203344	1244	15	0.0000777082	0.000000383575
2	56203345	57429099	994	15	0.0000340832	0.000000346816
2	57429100	58297314	675	15	0.0001772924	0.000000239452
2	58297315	60291999	1359	15	0.0001121965	0.000000389165
2	60292000	62429043	1062	15	-0.0000173306	0.000000377007
2	62429044	64625912	1156	15	0.0002249482	0.000000400436
2	64625913	65933443	896	15	0.0000506422	0.000000402716
2	65933444	67226165	1162	15	-0.0000333154	0.000000383853
2	67226166	68010175	949	15	0.0000259549	0.000000328571
2	68010176	69139563	1062	15	-0.0000874885	0.000000402278
2	69139564	70755197	991	15	0.0000789917	0.000000376576
2	70755198	73174847	1825	15	0.0002997860	0.000000439694
2	73174848	75630085	1499	15	-0.0000969302	0.000000413007
2	75630086	76913660	1097	15	-0.0000850516	0.000000369258
2	76913661	78079263	942	15	0.0001868391	0.000000448096
2	78079264	80050402	2057	15	0.0000735453	0.000000384355
2	80050403	81620840	1153	15	-0.0000392592	0.000000393029
2	81620841	85140679	2455	15	-0.0000347484	0.000000366305
2	85140680	88038506	1255	15	-0.0000085260	0.000000397854
2	88038507	89154525	452	15	-0.0000824905	0.000000161924
2	89154526	95326451	52	5	0.0001075483	0.000000081723
2	95326452	98995200	878	15	0.0001798136	0.000000372600
2	98995201	101822328	1934	15	0.0001039242	0.000000366770
2	101822329	102688764	614	15	0.0000375633	0.000000192696
2	102688765	103588214	982	15	-0.0000574239	0.000000228563
2	103588215	105125033	811	15	0.0000553452	0.000000269707
2	105125034	106210057	876	15	-0.0000589333	0.000000344871
2	106210058	107408266	971	15	-0.0000481658	0.000000397789
2	107408267	108429176	949	15	0.0000051852	0.000000252163
2	108429177	110572431	1168	15	0.0001126287	0.000000407777
2	110572432	113921855	1462	15	-0.0000987623	0.000000374805
2	113921856	116772469	1718	15	-0.0001083156	0.000000389627
2	116772470	118367465	1057	15	-0.0001553482	0.000000268361
2	118367466	121303782	2077	15	0.0001378515	0.000000420705
2	121303783	123302905	1259	15	0.0001255123	0.000000443924
2	123302906	124732249	1204	15	0.0000815903	0.000000296364
2	124732250	125840920	902	15	0.0000354775	0.000000312751
2	125840921	127373763	1095	15	-0.0000929992	0.000000252137
2	127373764	128034346	625	15	-0.0001662731	0.000000264225
2	128034347	129474440	862	15	-0.0000929629	0.000000371833
2	129474441	130067169	483	15	-0.0000298564	0.000000163612
2	130067170	130658084	479	15	-0.0001167298	0.000000152825
2	130658085	133042783	549	15	0.0000992622	0.000000380699
2	133042784	135158577	1782	15	-0.0001520601	0.000000400227
2	135158578	137042793	872	15	0.0003579547	0.000000314208
2	137042794	138698116	1261	15	0.0000177820	0.000000411840
2	138698117	140100270	1047	15	-0.0000573030	0.000000280596
2	140100271	141805350	1430	15	-0.0000310299	0.000000407410
2	141805351	142518601	728	15	0.0001436984	0.000000252772
2	142518602	144519483	1517	15	0.0000570151	0.000000404832
2	144519484	146445569	890	15	0.0003402303	0.000000371371
2	146445570	147277161	387	15	0.0001094166	0.000000129777
2	147277162	150210291	1518	15	-0.0000458773	0.000000386148
2	150210292	151731461	1065	15	0.0003157134	0.000000435389
2	151731462	152486781	584	15	0.0003431310	0.000000209346
2	152486782	154005055	1058	15	0.0001446060	0.000000386695
2	154005056	155391134	1176	15	0.0001746864	0.000000415926
2	155391135	157560634	1252	15	0.0000662242	0.000000406462
2	157560635	158533217	353	15	0.0001452706	0.000000175736
2	158533218	159577081	734	15	0.0000061846	0.000000286214
2	159577082	161769732	1407	15	-0.0000441157	0.000000391787
2	161769733	163503550	731	15	-0.0001200476	0.000000230217
2	163503551	164466637	543	15	0.0000443460	0.000000182482
2	164466638	165178839	423	15	0.0002057050	0.000000168172
2	165178840	167160269	1398	15	-0.0000899412	0.000000373038
2	167160270	167355969	176	13	-0.0000293231	0.000000052500
2	167355970	169968235	1693	15	0.0002407605	0.000000407414
2	169968236	171226244	998	15	-0.0001229536	0.000000394799
2	171226245	173138904	1053	15	-0.0000215685	0.000000401076
2	173138905	175588928	1660	15	-0.0000615069	0.000000403474
2	175588929	177363635	1015	15	-0.0000152084	0.000000405629
2	177363636	178553182	1049	15	0.0000915797	0.000000346559
2	178553183	181312738	2237	15	0.0002216946	0.000000412616
2	181312739	182266030	716	15	0.0000928983	0.000000223077
2	182266031	184357607	1338	15	0.0002808350	0.000000436541
2	184357608	185280172	636	15	0.0000483021	0.000000187090
2	185280173	189882064	2563	15	0.0000369171	0.000000404371
2	189882065	191973356	1087	15	-0.0000450985	0.000000350557
2	191973357	195861163	1739	15	0.0000443897	0.000000436126
2	195861164	196447455	348	15	0.0000045875	0.000000127338
2	196447456	198078109	901	15	0.0002662359	0.000000288792
2	198078110	199311124	623	15	0.0001895971	0.000000188645
2	199311125	201576283	1273	15	-0.0000010055	0.000000380034
2	201576284	202818636	530	15	0.0003918441	0.000000268467
2	202818637	205799240	1388	15	0.0002235485	0.000000428133
2	205799241	206735703	684	15	0.0001709760	0.000000462298
2	206735704	208645398	1206	15	-0.0000850630	0.000000408476
2	208645399	209941528	742	15	0.0000126569	0.000000306659
2	209941529	212379517	1725	15	0.0002767071	0.000000408008
2	212379518	214014281	1473	15	0.0000207077	0.000000410410
2	214014282	215573794	1067	15	0.0000643878	0.000000370937
2	215573795	217715660	1548	15	-0.0000194235	0.000000424401
2	217715661	218395479	533	15	-0.0000502447	0.000000271753
2	218395480	220454550	939	15	0.0000692090	0.000000453822
2	220454551	222521175	1864	15	0.0000322028	0.000000423262
2	222521176	224859418	1718	15	0.0001748275	0.000000453082
2	224859419	225840003	762	15	0.0001144984	0.000000247292
2	225840004	228119841	1627	15	0.0002181183	0.000000424844
2	228119842	229370786	952	15	-0.0000113240	0.000000363620
2	229370787	231843388	1897	15	0.0000575139	0.000000426831
2	231843389	233550002	825	15	-0.0001096479	0.000000445838
2	233550003	235150986	1488	15	0.0001202634	0.000000420380
2	235150987	236043549	795	15	0.0002324113	0.000000493698
2	236043550	237449031	918	15	0.0001930903	0.000000427326
2	237449032	238760980	1098	15	0.0001424445	0.000000419549
2	238760981	239952642	858	15	0.0000577332	0.000000456262
2	239952643	241560083	1272	15	-0.0000695866	0.000000475460
2	241560084	242149920	386	15	0.0000763032	0.000000206651
2	242149921	243188919	272	15	0.0001138946	0.000000167281
3	60157	1441778	1268	15	0.0003953809	0.000000477976
3	1441779	2992119	1748	15	-0.0002261780	0.000000426305
3	2992120	4431646	1566	15	0.0001902710	0.000000460439
3	4431647	6083182	1516	15	-0.0000770168	0.000000458303
3	6083183	7083386	944	15	0.0002036021	0.000000456822
3	7083387	8648560	1788	15	0.0000120547	0.000000401328
3	8648561	9543182	858	15	-0.0000464780	0.000000487265
3	9543183	11019664	1003	15	-0.0001056995	0.000000444855
3	11019665	13070798	1364	15	0.0000722637	0.000000463369
3	13070799	14816899	1481	15	-0.0000231145	0.000000455760
3	14816900	16282441	1027	15	0.0000503385	0.000000447157
3	16282442	17891117	1060	15	0.0000703066	0.000000405450
3	17891118	19125143	777	15	-0.0000102525	0.000000296891
3	19125144	20091347	349	15	0.0000344623	0.000000178837
3	20091348	21643706	1372	15	0.0002552746	0.000000427718
3	21643707	22204243	915	15	-0.0000772351	0.000000439751
3	22204244	23804864	1191	15	-0.0000882871	0.000000400151
3	23804865	25461557	1460	15	0.0002339184	0.000000436945
3	25461558	26877768	1005	15	0.0001071010	0.000000422715
3	26877769	27840909	664	15	0.0003676562	0.000000272718
3	27840910	29142259	959	15	0.0000018808	0.000000401319
3	29142260	30717954	1389	15	-0.0000178048	0.000000428955
3	30717955	32351714	1305	15	0.0000318479	0.000000426109
3	32351715	33255591	476	15	-0.0000264784	0.000000302314
3	33255592	35283457	1274	15	0.0002827386	0.000000430397
3	35283458	36486841	905	15	-0.0001364061	0.000000325111
3	36486842	38356115	1078	15	-0.0000161065	0.000000426250
3	38356116	40221297	1336	15	-0.0000827473	0.000000423245
3	40221298	41064527	320	15	-0.0000452863	0.000000128863
3	41064528	42540001	1042	15	0.0003209697	0.000000442989
3	42540002	45165152	1302	15	0.0002180296	0.000000433155
3	45165153	46657499	1085	15	0.0001337783	0.000000432816
3	46657500	47727211	312	15	0.0004586087	0.000000154763
3	47727212	49316971	365	15	0.0000354916	0.000000094409
3	49316972	51832014	687	15	0.0002135933	0.000000170566
3	51832015	54081389	1041	15	0.0001371920	0.000000429581
3	54081390	55348859	1165	15	-0.0000247765	0.000000426556
3	55348860	56433906	741	15	-0.0001376014	0.000000318873
3	56433907	58157518	993	15	-0.0000854863	0.000000394556
3	58157519	60272905	1848	15	-0.0000398255	0.000000416002
3	60272906	62355665	1849	15	-0.0000557900	0.000000424799
3	62355666	63669285	1314	15	-0.0001548504	0.000000408039
3	63669286	65273537	1380	15	-0.0000340849	0.000000409454
3	65273538	66270446	610	15	-0.0000218905	0.000000425122
3	66270447	68286913	1424	15	0.0003988444	0.000000448086
3	68286914	69276761	717	15	0.0000659099	0.000000369694
3	69276762	70449027	872	15	-0.0000953877	0.000000407219
3	70449028	72529328	1441	15	-0.0000938299	0.000000412562
3	72529329	74321816	1490	15	-0.0000818310	0.000000401168
3	74321817	75704948	637	15	0.0000250991	0.000000295608
3	75704949	77508834	1164	15	0.0000058581	0.000000424759
3	77508835	79024540	942	15	0.0000111997	0.000000390414
3	79024541	81427309	1337	15	0.0002005055	0.000000360694
3	81427310	82643885	732	15	-0.0000561072	0.000000194264
3	82643886	84367478	900	15	0.0001707517	0.000000271809
3	84367479	85582230	666	15	-0.0000785311	0.000000181206
3	85582231	87409731	1296	15	0.0003392315	0.000000325098
3	87409732	88298372	530	15	0.0001045651	0.000000121394
3	88298373	94255315	1272	15	0.0001337127	0.000000362848
3	94255316	95311970	783	15	0.0000649122	0.000000158571
3	95311971	98215949	1629	15	0.0001160728	0.000000403698
3	98215950	99373761	846	15	0.0000511764	0.000000264542
3	99373762	100592216	622	15	0.0000360812	0.000000202391
3	100592217	103084959	1509	15	0.0003420218	0.000000436659
3	103084960	104581612	1235	15	0.0000371805	0.000000341659
3	104581613	106982810	1683	15	-0.0001213530	0.000000411821
3	106982811	109522394	1781	15	0.0000495606	0.000000403771
3	109522395	110513769	732	15	-0.0000799541	0.000000168037
3	110513770	112815698	1577	15	0.0004700330	0.000000456529
3	112815699	113947862	692	15	0.0001073395	0.000000285879
3	113947863	115447079	800	15	-0.0000084344	0.000000407803
3	115447080	116800152	1093	15	0.0002834550	0.000000450542
3	116800153	118530250	1388	15	-0.0000547456	0.000000402346
3	118530251	120523054	1240	15	0.0001119937	0.000000421798
3	120523055	121974096	817	15	-0.0000049916	0.000000203230
3	121974097	123517767	984	15	0.0000465061	0.000000420744
3	123517768	124936641	1194	15	0.0000634845	0.000000405216
3	124936642	126214942	964	15	0.0001587104	0.000000365018
3	126214943	128194860	1290	15	0.0000468642	0.000000426993
3	128194861	130244734	809	15	0.0001679192	0.000000337649
3	130244735	131836515	1167	15	0.0000884055	0.000000365753
3	131836516	133252172	1093	15	0.0000929231	0.000000367779
3	133252173	135456905	1692	15	-0.0000833364	0.000000403723
3	135456906	137371082	891	15	0.0002562021	0.000000286687
3	137371083	139954596	1655	15	0.0000877488	0.000000391261
3	139954597	141339096	864	15	0.0002321318	0.000000413974
3	141339097	143164627	1133	15	0.0001394625	0.000000428350
3	143164628	144410815	845	15	0.0001369322	0.000000320893
3	144410816	145664618	1095	15	-0.0000753448	0.000000293788
3	145664619	146726628	893	15	-0.0000613473	0.000000265119
3	146726629	149043236	1454	15	0.0002300862	0.000000442333
3	149043237	150252003	842	15	-0.0000957248	0.000000413254
3	150252004	151348729	681	15	0.0000695794	0.000000359389
3	151348730	153256570	1311	15	0.0002439008	0.000000415054
3	153256571	154714217	998	15	0.0000598134	0.000000274589
3	154714218	156008699	711	15	0.0001331573	0.000000305423
3	156008700	157312027	944	15	-0.0000159247	0.000000310524
3	157312028	159477889	1476	15	-0.0000104935	0.000000389950
3	159477890	161524503	1278	15	0.0000118627	0.000000348531
3	161524504	163253204	1666	15	-0.0001401715	0.000000308787
3	163253205	165055468	1220	15	0.0001983886	0.000000265284
3	165055469	167117428	1241	15	-0.0000370362	0.000000341891
3	167117429	168580959	794	15	0.0000784758	0.000000284840
3	168580960	170964908	1438	15	0.0004113426	0.000000434525
3	170964909	172295730	950	15	0.0000642037	0.000000461278
3	172295731	173477284	784	15	0.0000339878	0.000000476312
3	173477285	175116538	1361	15	0.0000597030	0.000000423611
3	175116539	176320286	863	15	-0.0000678813	0.000000287860
3	176320287	178107164	1152	15	-0.0000626241	0.000000427584
3	178107165	179374585	812	15	0.0001018291	0.000000321523
3	179374586	181511165	972	15	-0.0000945564	0.000000369996
3	181511166	183769682	1247	15	0.0001105796	0.000000430997
3	183769683	185068254	764	15	0.0000204974	0.000000454815
3	185068255	186890343	1067	15	0.0000135180	0.000000489503
3	186890344	188856213	1526	15	-0.0001215540	0.000000428549
3	188856214	190226606	1426	15	0.0000693775	0.000000416775
3	190226607	192343813	1664	15	-0.0000946371	0.000000415410
3	192343814	194059670	820	15	0.0000285187	0.000000506071
3	194059671	194786673	456	15	0.0001632281	0.000000413757
3	194786674	195971407	373	15	0.0001927078	0.000000317641
3	195971408	197075986	428	15	0.0002169890	0.000000313550
3	197075987	197946621	355	15	0.0002142496	0.000000214168
4	10240	694714	203	15	-0.0000346948	0.000000092855
4	694715	1478710	440	15	-0.0000840049	0.000000205115
4	1478711	2842978	508	15	0.0000739024	0.000000339035
4	2842979	3846039	523	15	-0.0000925593	0.000000385746
4	3846040	4684115	473	15	0.0000139132	0.000000355708
4	4684116	5502387	713	15	-0.0000606622	0.000000413518
4	5502388	6773042	1156	15	0.0001238747	0.000000537056
4	6773043	7539691	703	15	0.0001407545	0.000000549084
4	7539692	8152234	576	15	-0.0000834429	0.000000460469
4	8152235	9326478	478	15	0.0001328703	0.000000346224
4	9326479	10699151	1206	15	-0.0000286723	0.000000391122
4	10699152	12323033	1435	15	-0.0000737434	0.000000404726
4	12323034	14272000	1675	15	-0.0000949753	0.000000396562
4	14272001	15147445	746	15	0.0001196522	0.000000355136
4	15147446	15927008	516	15	0.0001313609	0.000000246373
4	15927009	17383321	1282	15	-0.0000451059	0.000000404390
4	17383322	18841873	965	15	0.0000019205	0.000000406508
4	18841874	20544556	1180	15	0.0002558655	0.000000376549
4	20544557	22319346	1455	15	-0.0000789148	0.000000404970
4	22319347	24135528	1307	15	0.0000573333	0.000000414442
4	24135529	25609321	1110	15	-0.0000794548	0.000000430817
4	25609322	27343721	1055	15	-0.0001368206	0.000000446198
4	27343722	27965867	493	15	-0.0001315705	0.000000198120
4	27965868	29762207	1449	15	0.0000593960	0.000000417173
4	29762208	30454534	396	15	-0.0000019671	0.000000150088
4	30454535	31782980	961	15	-0.0000983228	0.000000404634
4	31782981	33172765	858	15	0.0000074754	0.000000295787
4	33172766	35151414	981	15	-0.0000062073	0.000000227169
4	35151415	36020435	805	15	0.0000789574	0.000000231815
4	36020436	37255046	1099	15	0.0000203634	0.000000331374
4	37255047	38907021	1435	15	-0.0000386274	0.000000446615
4	38907022	40202608	697	15	-0.0000251650	0.000000329211
4	40202609	42213057	1315	15	-0.0000242690	0.000000437120
4	42213058	43965044	1226	15	-0.0001258022	0.000000381088
4	43965045	45189156	936	15	0.0002994083	0.000000267271
4	45189157	47411895	1176	15	-0.0000568900	0.000000369104
4	47411896	48123599	489	15	0.0000905795	0.000000149767
4	48123600	53877432	938	15	0.0000970907	0.000000310762
4	53877433	55429555	1030	15	0.0002516511	0.000000399167
4	55429556	56547643	787	15	0.0001270757	0.000000371868
4	56547644	58935007	1701	15	0.0001485461	0.000000429551
4	58935008	60741086	1269	15	-0.0000235157	0.000000398090
4	60741087	62371762	1103	15	-0.0000355839	0.000000355080
4	62371763	64341000	1131	15	0.0002737954	0.000000450834
4	64341001	66600491	1340	15	0.0000220961	0.000000429527
4	66600492	68059496	942	15	-0.0001066689	0.000000320924
4	68059497	68854764	542	15	-0.0000825458	0.000000189529
4	68854765	71049151	1259	15	0.0001796265	0.000000383364
4	71049152	72140557	535	15	0.0002236618	0.000000173147
4	72140558	74592389	1098	15	0.0000992665	0.000000390238
4	74592390	77130706	1538	15	-0.0000586018	0.000000401838
4	77130707	79093978	1401	15	-0.0000337956	0.000000426250
4	79093979	80990296	1238	15	0.0000234498	0.000000403658
4	80990297	82125314	522	15	-0.0000137579	0.000000185828
4	82125315	83372592	789	15	0.0001391157	0.000000349348
4	83372593	84799655	932	15	0.0000332492	0.000000428284
4	84799656	86930608	1310	15	0.0001131007	0.000000425504
4	86930609	87534647	283	15	-0.0000060579	0.000000082950
4	87534648	89238027	1123	15	0.0000456148	0.000000403128
4	89238028	90231563	644	15	0.0001541110	0.000000316685
4	90231564	91560676	816	15	0.0001319419	0.000000321949
4	91560677	94233298	1274	15	0.0000919822	0.000000424144
4	94233299	96182187	1330	15	0.0001175602	0.000000414793
4	96182188	97540702	1201	15	-0.0000046535	0.000000421429
4	97540703	99424066	1064	15	-0.0000073133	0.000000272845
4	99424067	100678359	840	15	-0.0000478819	0.000000340980
4	100678360	103221355	1719	15	0.0000639798	0.000000433046
4	103221356	105305293	1132	15	0.0002307795	0.000000378428
4	105305294	107501304	1229	15	0.0002815018	0.000000438706
4	107501305	108815347	793	15	0.0000334544	0.000000256687
4	108815348	111256566	1550	15	-0.0000330933	0.000000404236
4	111256567	113870101	1487	15	-0.0000920869	0.000000388119
4	113870102	115666245	1189	15	0.0000940136	0.000000434228
4	115666246	117276928	940	15	-0.0000496065	0.000000215735
4	117276929	118479917	1070	15	0.0001710162	0.000000318773
4	118479918	119933511	1136	15	-0.0000284365	0.000000301072
4	119933512	120392683	321	15	0.0002994746	0.000000106775
4	120392684	122657986	1669	15	0.0000974318	0.000000429460
4	122657987	124286480	893	15	-0.0000329110	0.000000260149
4	124286481	125210861	529	15	0.0000355029	0.000000227977
4	125210862	126480885	882	15	-0.0000501724	0.000000324131
4	126480886	127275476	589	15	0.0001106941	0.000000222482
4	127275477	127830292	447	15	-0.0000624226	0.000000161768
4	127830293	128996664	459	15	-0.0000115435	0.000000123412
4	128996665	130591884	957	15	-0.0000147070	0.000000381867
4	130591885	131283820	479	15	-0.0001979112	0.000000163757
4	131283821	132954032	973	15	0.0000674814	0.000000341937
4	132954033	134628433	1171	15	-0.0000129159	0.000000320615
4	134628434	136566406	1199	15	-0.0000093713	0.000000348456
4	136566407	138541970	1321	15	-0.0000756428	0.000000421801
4	138541971	139556510	756	15	0.0001204818	0.000000325167
4	139556511	141084630	865	15	0.0000510779	0.000000454496
4	141084631	143443264	1538	15	-0.0001772990	0.000000399075
4	143443265	146178186	1215	15	0.0001042123	0.000000380692
4	146178187	148521872	1248	15	0.0001284084	0.000000423228
4	148521873	150683579	1183	15	-0.0000828564	0.000000422403
4	150683580	152782183	952	15	0.0000773903	0.000000301646
4	152782184	154477640	879	15	0.0000269734	0.000000443948
4	154477641	155056125	411	15	-0.0000509245	0.000000188792
4	155056126	157485096	1733	15	0.0000734166	0.000000447082
4	157485097	158743717	706	15	0.0001477387	0.000000289998
4	158743718	161058863	1150	15	0.0002808893	0.000000412803
4	161058864	161826434	625	15	0.0001323870	0.000000258192
4	161826435	163243678	1101	15	0.0000542502	0.000000409362
4	163243679	164478233	776	15	0.0003188719	0.000000341705
4	164478234	165823447	1001	15	0.0001503043	0.000000441663
4	165823448	167018857	750	15	0.0000028998	0.000000416861
4	167018858	167852916	512	15	0.0001225778	0.000000176840
4	167852917	169676824	1275	15	0.0000301971	0.000000424819
4	169676825	170776509	563	15	-0.0001461635	0.000000245914
4	170776510	172558634	1084	15	-0.0000658373	0.000000375472
4	172558635	174264131	950	15	0.0001575247	0.000000370495
4	174264132	176570715	1401	15	0.0000536708	0.000000459591
4	176570716	178991909	1800	15	0.0001469481	0.000000441363
4	178991910	180122042	821	15	0.0004738077	0.000000435130
4	180122043	182066806	1742	15	0.0000588968	0.000000453858
4	182066807	183371274	1356	15	0.0000044949	0.000000430275
4	183371275	184929454	1068	15	-0.0001238178	0.000000518655
4	184929455	186909089	1526	15	0.0000311265	0.000000473758
4	186909090	188472980	1152	15	-0.0001319723	0.000000448442
4	188472981	189693510	846	15	-0.0001430545	0.000000500669
4	189693511	191043593	716	15	-0.0000619595	0.000000496344
5	11940	982251	453	15	0.0001933928	0.000000262759
5	982252	2132441	896	15	0.0000672263	0.000000505610
5	2132442	3361940	1674	15	0.0002936437	0.000000480336
5	3361941	4632109	1156	15	-0.0000141821	0.000000444135
5	4632110	5973232	1511	15	0.0002290081	0.000000439075
5	5973233	7143217	1199	15	0.0001487075	0.000000436034
5	7143218	8446335	1274	15	-0.0001724622	0.000000396530
5	8446336	9718831	1342	15	0.0000068509	0.000000429962
5	9718832	11173270	1440	15	0.0001594615	0.000000435066
5	11173271	13464831	1255	15	0.0000372901	0.000000415489
5	13464832	14757803	1159	15	0.0002679007	0.000000417435
5	14757804	16963612	1435	15	0.0000453868	0.000000410255
5	16963613	18051591	586	15	0.0000891866	0.000000339528
5	18051592	19917715	1381	15	-0.0000073952	0.000000403189
5	19917716	22152072	1129	15	0.0000037922	0.000000358829
5	22152073	23494323	954	15	-0.0000607752	0.000000306190
5	23494324	26184850	1893	15	-0.0000305867	0.000000393902
5	26184851	26857603	437	15	-0.0000884456	0.000000141319
5	26857604	27984512	612	15	0.0000001390	0.000000217193
5	27984513	29714819	1264	15	-0.0000552593	0.000000366255
5	29714820	31390248	1452	15	0.0000888151	0.000000402146
5	31390249	33500179	1436	15	-0.0000024969	0.000000420349
5	33500180	35048969	1063	15	0.0001725094	0.000000450541
5	35048970	36433953	1038	15	0.0000582118	0.000000349738
5	36433954	38802409	1554	15	-0.0000562625	0.000000413070
5	38802410	40287728	1178	15	-0.0000258048	0.000000354749
5	40287729	41888709	1291	15	0.0000266483	0.000000316179
5	41888710	43983498	964	15	0.0001239804	0.000000272661
5	43983499	50163397	1053	15	-0.0000472843	0.000000261072
5	50163398	52134621	1394	15	0.0000915217	0.000000384405
5	52134622	53703043	1362	15	0.0001021009	0.000000389750
5	53703044	55417348	1196	15	-0.0000991885	0.000000403611
5	55417349	56621101	1008	15	-0.0000219582	0.000000427629
5	56621102	57340072	606	15	0.0000304699	0.000000193582
5	57340073	58524621	1205	15	0.0002374727	0.000000410596
5	58524622	60935906	1481	15	-0.0001789296	0.000000370419
5	60935907	61672994	549	15	0.0000092466	0.000000173108
5	61672995	63218986	1093	15	0.0001124475	0.000000320419
5	63218987	63968303	373	15	-0.0001201559	0.000000107468
5	63968304	65911285	1273	15	0.0001792180	0.000000406494
5	65911286	67850859	1540	15	-0.0000024742	0.000000417171
5	67850860	71240455	913	15	-0.0000108819	0.000000399933
5	71240456	73759325	1895	15	0.0000980542	0.000000432346
5	73759326	75798865	1358	15	0.0000371779	0.000000425642
5	75798866	77623331	1365	15	0.0003011606	0.000000441621
5	77623332	79393143	1198	15	-0.0000497451	0.000000396347
5	79393144	80481470	889	15	0.0000506976	0.000000413007
5	80481471	82025647	922	15	0.0000206561	0.000000406530
5	82025648	83972688	1079	15	-0.0001453272	0.000000417914
5	83972689	85767289	1468	15	-0.0000459974	0.000000386813
5	85767290	87389990	659	15	0.0001959054	0.000000272955
5	87389991	88891529	599	15	0.0000914903	0.000000215904
5	88891530	90422653	892	15	0.0001925410	0.000000342777
5	90422654	91840541	680	15	0.0000633620	0.000000254736
5	91840542	93809983	808	15	0.0000045170	0.000000310712
5	93809984	95963518	1367	15	-0.0000226396	0.000000408280
5	95963519	97315600	975	15	0.0001272815	0.000000295392
5	97315601	99260991	1186	15	0.0000120439	0.000000373220
5	99260992	101578768	1377	15	0.0003313758	0.000000413103
5	101578769	103320004	1109	15	-0.0001785940	0.000000380900
5	103320005	104851482	1085	15	0.0000533690	0.000000362306
5	104851483	105893054	432	15	-0.0000106748	0.000000194423
5	105893055	107264195	1197	15	0.0000183287	0.000000407456
5	107264196	108633933	935	15	-0.0000616949	0.000000333627
5	108633934	110821143	1556	15	0.0002196192	0.000000414218
5	110821144	111981561	901	15	0.0002193320	0.000000420836
5	111981562	113396284	1220	15	0.0002813686	0.000000406942
5	113396285	114830369	1157	15	0.0001428256	0.000000405460
5	114830370	115831046	921	15	0.0000549721	0.000000386457
5	115831047	117346212	1371	15	0.0002421118	0.000000436319
5	117346213	118608819	838	15	0.0000207135	0.000000411258
5	118608820	119669041	746	15	-0.0000310352	0.000000325059
5	119669042	120452165	592	15	-0.0000134208	0.000000230183
5	120452166	122556904	1459	15	0.0000826606	0.000000389365
5	122556905	123798099	1032	15	-0.0000012367	0.000000387714
5	123798100	125785648	1911	15	0.0002800725	0.000000413576
5	125785649	127344603	857	15	-0.0000014219	0.000000386726
5	127344604	129519024	1617	15	0.0001601629	0.000000417368
5	129519025	132139648	1178	15	0.0003803410	0.000000338007
5	132139649	134777400	1597	15	0.0000505548	0.000000438013
5	134777401	136376049	1258	15	0.0000330858	0.000000389187
5	136376050	139265071	1265	15	0.0000056440	0.000000411204
5	139265072	140645970	610	15	0.0001505064	0.000000211272
5	140645971	142981247	1597	15	0.0000307610	0.000000446608
5	142981248	144943353	1489	15	-0.0000554462	0.000000373745
5	144943354	147181997	1548	15	-0.0000428993	0.000000398391
5	147181998	148662623	1211	15	0.0000211198	0.000000411667
5	148662624	150561297	1498	15	-0.0000625703	0.000000448942
5	150561298	152867773	1876	15	0.0001818727	0.000000400753
5	152867774	153773087	967	15	0.0002133173	0.000000293172
5	153773088	155373504	1215	15	-0.0000358156	0.000000426351
5	155373505	156628699	818	15	0.0003946968	0.000000332208
5	156628700	158825697	1811	15	-0.0000527575	0.000000392268
5	158825698	159973943	748	15	0.0000535338	0.000000415855
5	159973944	161482132	1147	15	0.0000774864	0.000000377699
5	161482133	162743907	903	15	-0.0000270158	0.000000338681
5	162743908	163771581	882	15	-0.0000460926	0.000000369488
5	163771582	165642394	1243	15	0.0002814337	0.000000441292
5	165642395	166847739	897	15	0.0001598506	0.000000420333
5	166847740	168525317	1338	15	0.0000947670	0.000000410699
5	168525318	169505663	906	15	-0.0000439380	0.000000398389
5	169505664	171074291	1265	15	0.0000296734	0.000000429644
5	171074292	172678326	1178	15	0.0001641801	0.000000436197
5	172678327	173642870	970	15	0.0001137981	0.000000425205
5	173642871	175450594	1569	15	0.0001500784	0.000000471401
5	175450595	177251506	554	15	-0.0000454439	0.000000311176
5	177251507	178413463	828	15	-0.0000624828	0.000000445091
5	178413464	179401243	645	15	-0.0001132338	0.000000431975
5	179401244	180559932	646	15	0.0000887077	0.000000456027
5	180559933	180885155	83	12	0.0001035329	0.000000064763
6	73924	1452361	1341	15	-0.0000852723	0.000000460073
6	1452362	2458935	840	15	-0.0000483670	0.000000419417
6	2458936	3573592	1077	15	0.0004505364	0.000000493631
6	3573593	4617816	1138	15	0.0002688968	0.000000418851
6	4617817	5791471	1161	15	-0.0000333180	0.000000423795
6	5791472	6785206	1112	15	0.0000118553	0.000000411793
6	6785207	7808935	958	15	0.0001285597	0.000000455317
6	7808936	9020025	1249	15	0.0000098693	0.000000379606
6	9020026	10540316	1354	15	0.0001060242	0.000000406804
6	10540317	11790815	1051	15	-0.0000254026	0.000000399470
6	11790816	13209387	1251	15	0.0000031942	0.000000401844
6	13209388	14802923	1357	15	0.0000605622	0.000000427203
6	14802924	17386404	1975	15	0.0002143752	0.000000441509
6	17386405	19207486	1499	15	0.0000935936	0.000000411475
6	19207487	21684064	2184	15	-0.0001217745	0.000000418000
6	21684065	22748306	1111	15	0.0001356590	0.000000433671
6	22748307	23936618	1191	15	-0.0000475435	0.000000417734
6	23936619	24852274	766	15	0.0000396595	0.000000431406
6	24852275	25684586	951	15	0.0004012600	0.000000411723
6	25684587	26791232	911	15	0.0005576693	0.000000293521
6	26791233	28017818	565	15	-0.0000285392	0.000000156609
6	28017819	28917607	590	15	0.0002344013	0.000000135916
6	28917608	29737970	938	15	0.0000994704	0.000000246449
6	29737971	30798167	1870	15	0.0003127465	0.000000416539
6	30798168	31571217	1696	15	-0.0000072341	0.000000462470
6	31571218	32682663	1220	15	0.0001129246	0.000000443799
6	32682664	33236496	1255	15	0.0001164892	0.000000435984
6	33236497	35455755	1350	15	0.0002893144	0.000000447769
6	35455756	37572595	1466	15	0.0004426370	0.000000449193
6	37572596	39295676	1560	15	0.0001416337	0.000000408682
6	39295677	40345114	845	15	0.0000345124	0.000000358592
6	40345115	42038720	1380	15	-0.0000170517	0.000000417634
6	42038721	43756168	751	15	0.0000909992	0.000000447969
6	43756169	45406562	1207	15	0.0001508901	0.000000433532
6	45406563	47311897	1553	15	0.0002456012	0.000000408999
6	47311898	48391124	921	15	-0.0000785859	0.000000237169
6	48391125	50386144	1518	15	0.0001300054	0.000000319370
6	50386145	52210475	1423	15	0.0001312765	0.000000404773
6	52210476	53279101	851	15	0.0001017712	0.000000361410
6	53279102	55468269	2097	15	0.0003213197	0.000000405776
6	55468270	56105312	658	15	-0.0000354946	0.000000125886
6	56105313	57599464	810	15	-0.0000208493	0.000000300130
6	57599465	61880511	422	15	0.0000811138	0.000000120218
6	61880512	63552887	1115	15	0.0002845455	0.000000214348
6	63552888	65765741	1274	15	-0.0000762352	0.000000339573
6	65765742	67329214	1681	15	-0.0001149485	0.000000397655
6	67329215	68849482	1408	15	-0.0000718221	0.000000391507
6	68849483	69523447	604	15	0.0001834188	0.000000196052
6	69523448	71609509	1773	15	0.0000545223	0.000000404894
6	71609510	73450096	1556	15	0.0001568724	0.000000403862
6	73450097	75462002	1309	15	0.0002371970	0.000000431558
6	75462003	77414880	1076	15	0.0002925184	0.000000349485
6	77414881	78957727	1410	15	0.0000188484	0.000000275289
6	78957728	80691169	1372	15	0.0000517689	0.000000400613
6	80691170	81929221	1111	15	-0.0000818171	0.000000188129
6	81929222	83127148	866	15	0.0001548106	0.000000284602
6	83127149	85209988	1231	15	0.0001535170	0.000000411559
6	85209989	87069499	1449	15	-0.0001050638	0.000000347962
6	87069500	88822139	1255	15	-0.0000125848	0.000000425591
6	88822140	89973051	915	15	0.0000154593	0.000000393093
6	89973052	91843195	1516	15	0.0000167479	0.000000417142
6	91843196	93428643	1315	15	0.0004742940	0.000000428816
6	93428644	94118141	732	15	0.0000233823	0.000000243614
6	94118142	94441174	212	11	-0.0001396658	0.000000047176
6	94441175	97093510	2010	15	0.0000096446	0.000000406391
6	97093511	97842283	579	15	0.0001762206	0.000000178186
6	97842284	100630145	1892	15	0.0000257895	0.000000382204
6	100630146	102636771	1356	15	0.0000863218	0.000000392198
6	102636772	103983394	971	15	-0.0001620780	0.000000231317
6	103983395	106056732	1436	15	0.0000253283	0.000000409357
6	106056733	107450305	1231	15	0.0000309925	0.000000424597
6	107450306	108464379	633	15	-0.0000944603	0.000000259991
6	108464380	110304246	1110	15	0.0000882772	0.000000373215
6	110304247	112345013	1225	15	0.0001690033	0.000000424700
6	112345014	114220832	1442	15	-0.0000365547	0.000000390849
6	114220833	116131395	1203	15	-0.0000078401	0.000000339622
6	116131396	117672971	1081	15	0.0002410950	0.000000352849
6	117672972	118963114	889	15	-0.0000134841	0.000000257353
6	118963115	119963277	776	15	-0.0000475822	0.000000228439
6	119963278	120512127	515	15	0.0001157147	0.000000119149
6	120512128	121905675	1104	15	0.0001305257	0.000000258160
6	121905676	123856180	1515	15	0.0000956830	0.000000411423
6	123856181	125424382	1308	15	0.0003059975	0.000000458765
6	125424383	127540460	1050	15	0.0001065547	0.000000407310
6	127540461	129861030	1551	15	-0.0000319085	0.000000401113
6	129861031	130935453	1056	15	0.0000703020	0.000000407470
6	130935454	132765668	1419	15	0.0000757778	0.000000400435
6	132765669	134244242	1308	15	-0.0000381101	0.000000391264
6	134244243	136224176	1277	15	0.0004320716	0.000000449555
6	136224177	137614217	669	15	-0.0000247022	0.000000307462
6	137614218	138822628	972	15	-0.0000383253	0.000000402988
6	138822629	139845435	730	15	-0.0000327733	0.000000402057
6	139845436	142288478	1425	15	0.0001741346	0.000000398999
6	142288479	145319809	2206	15	0.0002647655	0.000000408939
6	145319810	146665423	931	15	0.0000137566	0.000000173303
6	146665424	148920351	1899	15	0.0000509459	0.000000415704
6	148920352	150253403	1099	15	0.0000788546	0.000000410474
6	150253404	151912702	1692	15	-0.0000555992	0.000000418369
6	151912703	153094495	1098	15	0.0001007029	0.000000426042
6	153094496	154974119	1853	15	-0.0000263380	0.000000403625
6	154974120	156763325	1428	15	-0.0000146229	0.000000439079
6	156763326	158218718	733	15	-0.0000139593	0.000000499510
6	158218719	160580496	2131	15	0.0001652080	0.000000435195
6	160580497	162169563	1460	15	0.0000721794	0.000000421255
6	162169564	162931202	736	15	0.0000822659	0.000000397849
6	162931203	164383520	1454	15	0.0000570712	0.000000423260
6	164383521	165586863	1335	15	0.0000331626	0.000000412349
6	165586864	167024732	1633	15	0.0000540287	0.000000432319
6	167024733	168042834	901	15	0.0001522430	0.000000437120
6	168042835	169382049	1353	15	0.0000125010	0.000000468658
6	169382050	170330172	883	15	0.0000958793	0.000000309362
6	170330173	171051269	505	15	0.0000707670	0.000000227194
7	16161	972751	185	15	0.0004274287	0.000000219145
7	972752	1353066	163	15	0.0001577148	0.000000166621
7	1353067	2062397	283	15	0.0001071146	0.000000246743
7	2062398	2772226	384	15	-0.0000579161	0.000000284233
7	2772227	4573427	1808	15	-0.0000725986	0.000000426406
7	4573428	5416231	358	15	0.0000469835	0.000000371827
7	5416232	5854525	172	15	-0.0001117988	0.000000117070
7	5854526	6573856	248	15	0.0002200182	0.000000203595
7	6573857	7808751	928	15	-0.0001050203	0.000000448814
7	7808752	9123422	1611	15	-0.0000084728	0.000000460397
7	9123423	9987498	914	15	0.0002247165	0.000000479980
7	9987499	11299197	1239	15	0.0001979220	0.000000419054
7	11299198	12635460	1711	15	0.0000082867	0.000000411657
7	12635461	13884201	1400	15	0.0000318538	0.000000433200
7	13884202	15143656	1290	15	0.0002449393	0.000000448086
7	15143657	16902068	1657	15	0.0000910436	0.000000419514
7	16902069	19481546	2118	15	0.0001268065	0.000000436269
7	19481547	20124907	605	15	0.0000225391	0.000000267839
7	20124908	22507628	2411	15	0.0000752127	0.000000418394
7	22507629	23471441	611	15	0.0001125341	0.000000347231
7	23471442	25077258	1375	15	0.0001871224	0.000000432646
7	25077259	25909554	946	15	0.0000685985	0.000000430212
7	25909555	28360308	2008	15	0.0003041998	0.000000453728
7	28360309	31137288	2219	15	-0.0001064429	0.000000448591
7	31137289	33555767	2148	15	0.0000033524	0.000000401586
7	33555768	36213537	2130	15	-0.0001216256	0.000000400854
7	36213538	37555183	1187	15	0.0001009487	0.000000445509
7	37555184	38966702	1365	15	-0.0000463579	0.000000403210
7	38966703	39862669	648	15	-0.0000691338	0.000000228810
7	39862670	42001810	1343	15	0.0001049076	0.000000419614
7	42001811	43159073	896	15	0.0000500535	0.000000374569
7	43159074	44763827	989	15	0.0001274528	0.000000412910
7	44763828	45952921	732	15	-0.0000447277	0.000000381465
7	45952922	46986719	1069	15	-0.0000017803	0.000000335914
7	46986720	49212277	1899	15	-0.0000633612	0.000000397387
7	49212278	51675321	2023	15	-0.0000246949	0.000000393529
7	51675322	53176311	1657	15	-0.0001569388	0.000000386139
7	53176312	54222975	931	15	0.0003418416	0.000000310627
7	54222976	55691583	1212	15	-0.0000199677	0.000000419611
7	55691584	57382637	651	15	0.0000735865	0.000000251682
7	57382638	63307358	484	15	0.0004013784	0.000000258600
7	63307359	63641124	160	10	0.0001852611	0.000000067264
7	63641125	65689808	799	15	0.0001226793	0.000000242142
7	65689809	68234073	1630	15	0.0000522944	0.000000432892
7	68234074	69085363	536	15	0.0002615804	0.000000264123
7	69085364	71874884	1653	15	0.0001053814	0.000000428457
7	71874885	73334601	254	15	0.0001975675	0.000000149969
7	73334602	76458563	622	15	-0.0000686494	0.000000443055
7	76458564	78093858	1236	15	0.0000282403	0.000000413600
7	78093859	79888068	1502	15	0.0001005926	0.000000418263
7	79888069	82022685	1607	15	-0.0001713463	0.000000431333
7	82022686	83801202	1494	15	0.0002973609	0.000000430631
7	83801203	85572181	1097	15	-0.0000509662	0.000000287651
7	85572182	87825003	1260	15	0.0001850829	0.000000380340
7	87825004	90661783	2650	15	0.0001195962	0.000000405023
7	90661784	92493751	774	15	0.0000478474	0.000000330149
7	92493752	93966600	809	15	0.0004693022	0.000000436769
7	93966601	96073507	1382	15	0.0001085866	0.000000384252
7	96073508	97099569	641	15	0.0000596917	0.000000262663
7	97099570	98715473	865	15	0.0003825325	0.000000415120
7	98715474	100196650	401	15	0.0001124635	0.000000146367
7	100196651	101199252	415	15	0.0004025298	0.000000269515
7	101199253	103197509	741	15	0.0001197340	0.000000387583
7	103197510	104159524	983	15	-0.0000662921	0.000000383645
7	104159525	105682904	880	15	0.0000641544	0.000000428710
7	105682905	107780177	1480	15	0.0002128608	0.000000452654
7	107780178	109647593	1297	15	0.0001251655	0.000000420024
7	109647594	112618683	1701	15	-0.0000262154	0.000000417630
7	112618684	113712386	570	15	0.0000977639	0.000000204049
7	113712387	116780177	1580	15	0.0000070114	0.000000407971
7	116780178	118351580	926	15	0.0001104395	0.000000224128
7	118351581	121045272	1171	15	-0.0001359988	0.000000317149
7	121045273	121933629	475	15	-0.0001469616	0.000000165640
7	121933630	124156804	1657	15	0.0000307951	0.000000392997
7	124156805	124167551	10	2	0.0000581914	0.000000009172
7	124167552	126519169	1911	15	0.0003255795	0.000000423509
7	126519170	126869220	386	15	0.0002821264	0.000000118703
7	126869221	128778385	1129	15	0.0001155284	0.000000425867
7	128778386	130422413	769	15	-0.0000076908	0.000000383007
7	130422414	132805847	1762	15	0.0001682462	0.000000449607
7	132805848	134307595	1056	15	0.0000722639	0.000000304031
7	134307596	135591082	1008	15	0.0001042355	0.000000426087
7	135591083	136876561	976	15	0.0001224184	0.000000370752
7	136876562	138744678	1164	15	-0.0000302315	0.000000497525
7	138744679	139933176	523	15	0.0001332608	0.000000297749
7	139933177	140235209	182	15	0.0003368643	0.000000189141
7	140235210	141226556	539	15	0.0000249770	0.000000211137
7	141226557	142656309	955	15	-0.0000182279	0.000000328171
7	142656310	144968288	1192	15	0.0001976478	0.000000435254
7	144968289	146427959	1091	15	0.0001093370	0.000000358785
7	146427960	147815317	1469	15	-0.0000244200	0.000000400281
7	147815318	149840657	1140	15	0.0000101665	0.000000496205
7	149840658	150711504	601	15	0.0001174504	0.000000270073
7	150711505	152249805	773	15	-0.0000671170	0.000000534995
7	152249806	153674018	1038	15	0.0000127571	0.000000504587
7	153674019	154964729	1039	15	0.0001423958	0.000000513187
7	154964730	156065249	946	15	0.0000358004	0.000000559832
7	156065250	157634596	998	15	0.0000640026	0.000000454722
7	157634597	159128574	932	15	0.0000834100	0.000000488027
8	10422	1044216	744	15	-0.0001379649	0.000000423861
8	1044217	1163244	132	15	0.0004410433	0.000000119566
8	1163245	2042941	801	15	-0.0000652112	0.000000503501
8	2042942	2573278	614	15	-0.0000792723	0.000000449309
8	2573279	3392925	1160	15	-0.0000118974	0.000000424727
8	3392926	3783016	899	15	0.0000169051	0.000000434137
8	3783017	4480475	1328	15	0.0001154384	0.000000475643
8	4480476	5146926	998	15	0.0000331574	0.000000459186
8	5146927	6142796	1816	15	0.0003785671	0.000000476972
8	6142797	7153078	976	15	0.0000348782	0.000000496228
8	7153079	9154693	1189	15	-0.0001075937	0.000000428938
8	9154694	9640786	470	15	0.0002096222	0.000000264632
8	9640787	10463196	979	15	-0.0000426487	0.000000435326
8	10463197	11278997	769	15	0.0000539683	0.000000408012
8	11278998	13491774	1572	15	0.0000764115	0.000000444974
8	13491775	13944991	724	15	0.0000065003	0.000000329259
8	13944992	15991659	2325	15	0.0000782159	0.000000391497
8	15991660	17387875	1216	15	0.0000969834	0.000000439511
8	17387876	17836398	567	15	0.0000608939	0.000000314553
8	17836399	19492839	1839	15	0.0001874769	0.000000419416
8	19492840	20060855	622	15	0.0001499303	0.000000345931
8	20060856	21661736	1605	15	0.0000855761	0.000000403035
8	21661737	22897056	753	15	-0.0001364409	0.000000489918
8	22897057	24674717	1335	15	-0.0000163320	0.000000423273
8	24674718	25483453	550	15	0.0001236047	0.000000219499
8	25483454	26682524	1197	15	-0.0000536357	0.000000420822
8	26682525	28162391	1568	15	0.0001296794	0.000000407362
8	28162392	29327895	689	15	0.0002086042	0.000000316070
8	29327896	31133728	1102	15	0.0000973744	0.000000414048
8	31133729	31548359	290	15	-0.0000372571	0.000000111128
8	31548360	32977217	1068	15	-0.0000986726	0.000000352117
8	32977218	35317231	1505	15	0.0001213863	0.000000357205
8	35317232	37379388	830	15	0.0001607108	0.000000326899
8	37379389	38938805	571	15	0.0002025198	0.000000325399
8	38938806	40703336	1240	15	-0.0000193195	0.000000431121
8	40703337	41721453	773	15	0.0003134915	0.000000418865
8	41721454	42773822	316	15	0.0006317712	0.000000199800
8	42773823	46841314	122	11	0.0003509579	0.000000089999
8	46841315	50082469	902	15	0.0000077130	0.000000306484
8	50082470	53302929	2315	15	0.0001122810	0.000000375610
8	53302930	54418043	859	15	0.0001124610	0.000000284797
8	54418044	55945580	1064	15	0.0000760268	0.000000355529
8	55945581	56956382	755	15	0.0000150272	0.000000262095
8	56956383	59068650	1671	15	0.0001121195	0.000000398826
8	59068651	59728099	644	15	-0.0001528700	0.000000206564
8	59728100	62329098	1835	15	-0.0000067870	0.000000384244
8	62329099	63349305	782	15	-0.0001051065	0.000000199641
8	63349306	65232871	1323	15	0.0003525424	0.000000369330
8	65232872	66489089	760	15	0.0000258860	0.000000281368
8	66489090	69863056	1835	15	0.0000474971	0.000000415539
8	69863057	70867978	925	15	0.0001103826	0.000000409067
8	70867979	72289453	1015	15	0.0000829954	0.000000331624
8	72289454	73817198	1547	15	-0.0001434843	0.000000378841
8	73817199	75445063	1211	15	0.0001372012	0.000000414119
8	75445064	76456541	722	15	0.0003177685	0.000000227296
8	76456542	79132860	1915	15	0.0001489402	0.000000396790
8	79132861	81956394	1607	15	-0.0000849883	0.000000389356
8	81956395	82693738	528	15	0.0002785261	0.000000208864
8	82693739	84225588	1205	15	0.0000682879	0.000000288168
8	84225589	85955618	989	15	0.0002838745	0.000000293170
8	85955619	87411708	536	15	0.0002567034	0.000000167607
8	87411709	89085480	1132	15	-0.0000004325	0.000000350877
8	89085481	90638161	996	15	0.0002219872	0.000000302975
8	90638162	93554385	1594	15	0.0000700283	0.000000369969
8	93554386	95005526	798	15	0.0002066843	0.000000333047
8	95005527	96534805	1212	15	0.0002933891	0.000000435023
8	96534806	99401580	2168	15	0.0000401032	0.000000396661
8	99401581	101620957	843	15	0.0001713946	0.000000282487
8	101620958	104123305	1958	15	-0.0001058584	0.000000405963
8	104123306	104988751	732	15	0.0001204465	0.000000158857
8	104988752	107410753	1870	15	0.0000083566	0.000000369634
8	107410754	108648176	1159	15	-0.0000362281	0.000000310901
8	108648177	109248172	516	15	-0.0000576812	0.000000113589
8	109248173	110484313	984	15	0.0003409556	0.000000241789
8	110484314	111850846	760	15	0.0000493858	0.000000192519
8	111850847	113064319	781	15	0.0000184583	0.000000140861
8	113064320	116096494	2238	15	0.0000305759	0.000000374525
8	116096495	119685456	2638	15	-0.0000184132	0.000000387281
8	119685457	121201699	1264	15	0.0000977229	0.000000382920
8	121201700	124861458	2776	15	-0.0000285270	0.000000395316
8	124861459	125683718	617	15	0.0001763779	0.000000278344
8	125683719	126410916	498	15	0.0001372485	0.000000235575
8	126410917	128659110	1894	15	-0.0000393230	0.000000411450
8	128659111	130381138	1528	15	0.0000485836	0.000000395000
8	130381139	131639624	985	15	0.0002042428	0.000000403709
8	131639625	133351143	1671	15	0.0002267378	0.000000415873
8	133351144	134570000	1423	15	0.0000639723	0.000000392891
8	134570001	136035604	1631	15	-0.0000095309	0.000000386733
8	136035605	137524150	1301	15	0.0001062032	0.000000378104
8	137524151	139254829	1820	15	0.0000728384	0.000000398006
8	139254830	140725642	1491	15	0.0001955682	0.000000437084
8	140725643	143044913	1589	15	0.0000429255	0.000000441605
8	143044914	144236880	764	15	0.0000338316	0.000000386529
8	144236881	146303866	632	15	0.0000038637	0.000000413542
9	10023	1079706	1085	15	0.0001007331	0.000000434234
9	1079707	1916876	1244	15	0.0000439706	0.000000418857
9	1916877	3190063	1526	15	-0.0001800049	0.000000445591
9	3190064	4495327	1424	15	0.0000460847	0.000000441303
9	4495328	4884925	449	15	0.0000140985	0.000000299881
9	4884926	6557588	1112	15	0.0000867658	0.000000404826
9	6557589	7154922	613	15	0.0002467649	0.000000380760
9	7154923	8456298	1870	15	0.0002335539	0.000000474052
9	8456299	9166402	793	15	0.0001219722	0.000000498006
9	9166403	10879252	2095	15	0.0000468122	0.000000462263
9	10879253	12276488	1467	15	0.0002770022	0.000000455345
9	12276489	14836362	2626	15	0.0000476888	0.000000461819
9	14836363	16659654	1695	15	-0.0001593061	0.000000413344
9	16659655	18661050	2105	15	0.0001934716	0.000000419385
9	18661051	20463533	1662	15	0.0000637287	0.000000441884
9	20463534	22206558	1490	15	-0.0000690902	0.000000398424
9	22206559	24158517	1417	15	0.0000239494	0.000000436579
9	24158518	25330809	735	15	0.0000208328	0.000000426457
9	25330810	26111756	622	15	0.0001627922	0.000000462545
9	26111757	28224282	2010	15	0.0000661037	0.000000403368
9	28224283	28811583	581	15	0.0001549030	0.000000284353
9	28811584	30387391	1586	15	-0.0000256391	0.000000392849
9	30387392	31310382	849	15	0.0002078714	0.000000263000
9	31310383	32019367	661	15	0.0000322198	0.000000166034
9	32019368	33578333	1329	15	0.0003600672	0.000000432797
9	33578334	34642242	595	15	-0.0000361228	0.000000156251
9	34642243	36743282	1066	15	0.0001456791	0.000000431624
9	36743283	38641598	1446	15	0.0000018048	0.000000425874
9	38641599	65472189	204	15	0.0001515166	0.000000177038
9	65472190	72512710	1163	15	0.0000701926	0.000000396659
9	72512711	72753754	231	15	0.0001128458	0.000000068699
9	72753755	74253039	1275	15	-0.0000364348	0.000000386737
9	74253040	76203945	1277	15	0.0001810871	0.000000383248
9	76203946	76973080	544	15	0.0000527436	0.000000141014
9	76973081	78900182	1755	15	-0.0000675987	0.000000413457
9	78900183	79471207	529	15	0.0000407266	0.000000313697
9	79471208	81079054	1191	15	-0.0000299649	0.000000395606
9	81079055	82590927	1332	15	0.0000828027	0.000000405153
9	82590928	84211232	1738	15	0.0001330629	0.000000407089
9	84211233	85440800	670	15	0.0000431846	0.000000355301
9	85440801	86938195	1337	15	0.0000695543	0.000000405392
9	86938196	88109332	1011	15	-0.0000012934	0.000000374930
9	88109333	88590416	208	15	0.0000839515	0.000000092544
9	88590417	90136245	1255	15	0.0001050376	0.000000404422
9	90136246	92528697	1779	15	-0.0000928325	0.000000427622
9	92528698	94167202	1311	15	0.0001271871	0.000000444622
9	94167203	96671697	1710	15	-0.0001586222	0.000000400247
9	96671698	98922039	1329	15	0.0000689788	0.000000408322
9	98922040	101592858	1675	15	-0.0000892653	0.000000399395
9	101592859	104624436	2232	15	-0.0000586063	0.000000393831
9	104624437	105967975	1589	15	-0.0000979053	0.000000399627
9	105967976	107581748	1734	15	0.0001244043	0.000000386987
9	107581749	109298753	1308	15	-0.0000232214	0.000000451037
9	109298754	110695061	1130	15	0.0000659992	0.000000468427
9	110695062	112778023	2384	15	0.0001434750	0.000000402787
9	112778024	114831081	1887	15	0.0000414297	0.000000419636
9	114831082	115693144	719	15	0.0001552412	0.000000226648
9	115693145	117019800	1237	15	0.0001991211	0.000000473977
9	117019801	117921959	932	15	0.0000845663	0.000000427877
9	117921960	121321536	3198	15	-0.0000347381	0.000000393733
9	121321537	122260296	825	15	0.0001580070	0.000000325339
9	122260297	124871321	1671	15	0.0003005354	0.000000433596
9	124871322	126971886	1285	15	-0.0000000084	0.000000470241
9	126971887	129059664	998	15	-0.0000429743	0.000000391096
9	129059665	130055509	651	15	0.0000636965	0.000000311906
9	130055510	132165469	985	15	0.0000573560	0.000000438375
9	132165470	133223216	630	15	0.0000572096	0.000000398176
9	133223217	134127887	578	15	0.0001625439	0.000000429501
9	134127888	135298841	784	15	-0.0001632988	0.000000399974
9	135298842	137041121	1260	15	-0.0000504398	0.000000509568
9	137041122	137589363	394	15	0.0002892571	0.000000371737
9	137589364	138938977	1204	15	0.0000249265	0.000000527506
9	138938978	139500341	237	15	-0.0000218745	0.000000194289
9	139500342	141144795	448	15	-0.0000334038	0.000000371994
10	60523	751338	250	15	-0.0000503888	0.000000160586
10	751339	1523543	654	15	0.0001071759	0.000000372280
10	1523544	2254499	976	15	0.0000208346	0.000000431018
10	2254500	3352698	1342	15	0.0000389995	0.000000448674
10	3352699	4572273	1294	15	-0.0000271125	0.000000417254
10	4572274	5983761	1479	15	0.0000355299	0.000000439539
10	5983762	7171483	1293	15	-0.0000031466	0.000000456303
10	7171484	8774664	1679	15	-0.0000400618	0.000000437543
10	8774665	10249395	1283	15	0.0000012312	0.000000408370
10	10249396	12586796	2064	15	-0.0000421334	0.000000428847
10	12586797	13321599	801	15	0.0001872275	0.000000494479
10	13321600	15026067	1715	15	0.0001623650	0.000000433438
10	15026068	16551766	1172	15	0.0001717827	0.000000445271
10	16551767	18537266	1588	15	0.0001164025	0.000000441900
10	18537267	19716877	1323	15	0.0001115681	0.000000431115
10	19716878	22772282	2122	15	-0.0000651667	0.000000420139
10	22772283	23175131	284	15	0.0000550982	0.000000130847
10	23175132	25578595	1622	15	0.0001447141	0.000000438417
10	25578596	26888683	1343	15	0.0001943174	0.000000432791
10	26888684	29323235	2042	15	0.0000171147	0.000000427524
10	29323236	29783691	556	15	0.0000481722	0.000000285697
10	29783692	30458837	742	15	0.0001153302	0.000000393913
10	30458838	31907518	1086	15	0.0001627506	0.000000421391
10	31907519	33707967	1398	15	-0.0000640570	0.000000392643
10	33707968	35109354	1075	15	-0.0001022926	0.000000388966
10	35109355	36572507	950	15	-0.0000311361	0.000000346518
10	36572508	37790028	792	15	0.0001286628	0.000000272387
10	37790029	42372578	610	15	0.0000266025	0.000000089554
10	42372579	43894770	740	15	0.0000246257	0.000000299436
10	43894771	44730074	724	15	0.0001003060	0.000000248357
10	44730075	48760449	1551	15	-0.0000269565	0.000000430109
10	48760450	50840914	1355	15	-0.0000120873	0.000000438955
10	50840915	53616628	1533	15	0.0001432715	0.000000450000
10	53616629	55103571	1562	15	0.0002743627	0.000000449642
10	55103572	57031139	2045	15	-0.0001268439	0.000000417851
10	57031140	57662145	537	15	-0.0001369613	0.000000105546
10	57662146	58959527	1293	15	-0.0000859679	0.000000210694
10	58959528	60289986	1191	15	-0.0000377247	0.000000293066
10	60289987	61891408	1208	15	-0.0000948599	0.000000412093
10	61891409	62659678	687	15	-0.0000463479	0.000000245912
10	62659679	63341694	349	15	0.0001496868	0.000000145300
10	63341695	65794113	1851	15	-0.0000785208	0.000000408557
10	65794114	67549614	1318	15	0.0000330007	0.000000382887
10	67549615	69900147	2093	15	-0.0001167075	0.000000389865
10	69900148	70195990	206	15	0.0001863023	0.000000090033
10	70195991	72220849	1609	15	0.0000064716	0.000000450847
10	72220850	73508511	1424	15	-0.0000252890	0.000000460670
10	73508512	75422549	749	15	0.0003470059	0.000000278841
10	75422550	78706813	1677	15	-0.0000446844	0.000000390879
10	78706814	80876748	1988	15	0.0001201863	0.000000433415
10	80876749	82414678	1050	15	-0.0000339311	0.000000423962
10	82414679	84383744	1654	15	0.0000548890	0.000000403006
10	84383745	85458702	1194	15	0.0000232077	0.000000299344
10	85458703	87937576	2279	15	-0.0001146245	0.000000383936
10	87937577	89127063	521	15	-0.0001207900	0.000000230128
10	89127064	91013380	1470	15	-0.0000395997	0.000000413638
10	91013381	92006580	871	15	0.0002376998	0.000000346858
10	92006581	93335046	1037	15	0.0000058649	0.000000357964
10	93335047	95396367	1235	15	0.0001136001	0.000000427031
10	95396368	96221242	551	15	-0.0000432823	0.000000216448
10	96221243	97822356	1093	15	-0.0000781730	0.000000338494
10	97822357	100241301	1581	15	-0.0000788732	0.000000432391
10	100241302	100668399	356	15	0.0001031028	0.000000115200
10	100668400	102949238	1372	15	0.0001323606	0.000000428557
10	102949239	104380409	523	15	0.0001920540	0.000000174320
10	104380410	106695047	1438	15	-0.0000078319	0.000000378201
10	106695048	108726685	1658	15	0.0001556496	0.000000406406
10	108726686	110317704	1512	15	0.0001848057	0.000000415325
10	110317705	112561492	1665	15	0.0000658388	0.000000403609
10	112561493	115328431	2048	15	0.0000808120	0.000000432826
10	115328432	116421405	959	15	-0.0000579421	0.000000430408
10	116421406	119523933	2126	15	0.0001016920	0.000000421391
10	119523934	120591352	812	15	0.0001083274	0.000000437954
10	120591353	122407322	1344	15	0.0000040245	0.000000424761
10	122407323	123231464	766	15	0.0001515895	0.000000375696
10	123231465	123900544	523	15	0.0002561244	0.000000309006
10	123900545	125869345	1583	15	0.0002556344	0.000000455569
10	125869346	128001097	1897	15	0.0001786693	0.000000437804
10	128001098	129154361	997	15	0.0001297656	0.000000437540
10	129154362	130844283	1795	15	0.0000778431	0.000000485766
10	130844284	131741326	877	15	0.0000418986	0.000000462289
10	131741327	132580244	933	15	0.0000279724	0.000000428525
10	132580245	134336328	1841	15	-0.0000649573	0.000000475054
10	134336329	134494672	59	6	-0.0000215494	0.000000027522
10	134494673	135523864	503	15	0.0003717355	0.000000385511
11	70855	1213589	435	15	0.0001629869	0.000000377664
11	1213590	3665480	1613	15	0.0003190882	0.000000569946
11	3665481	4746708	904	15	-0.0000395183	0.000000424816
11	4746709	6322868	2246	15	0.0002460002	0.000000438389
11	6322869	7436700	1063	15	0.0000281284	0.000000419894
11	7436701	8333273	883	15	0.0000394844	0.000000442174
11	8333274	9087316	526	15	0.0001596953	0.000000255459
11	9087317	10952026	1232	15	0.0001163276	0.000000398312
11	10952027	12564228	2070	15	-0.0000864549	0.000000418908
11	12564229	13373123	823	15	0.0000526487	0.000000342634
11	13373124	15742551	1698	15	0.0000488332	0.000000385716
11	15742552	17578401	1181	15	0.0000033046	0.000000383670
11	17578402	19569534	1571	15	0.0000312314	0.000000424873
11	19569535	21017137	1451	15	0.0001973697	0.000000439182
11	21017138	22374141	1248	15	0.0000144903	0.000000417711
11	22374142	24088516	1565	15	0.0001824255	0.000000414519
11	24088517	26045752	1838	15	-0.0000008292	0.000000426484
11	26045753	27020460	851	15	0.0001357357	0.000000306543
11	27020461	28481592	791	15	0.0000958820	0.000000255448
11	28481593	30141356	1017	15	0.0000343643	0.000000333113
11	30141357	32276900	1356	15	-0.0000048392	0.000000389024
11	32276901	33958738	1064	15	-0.0001222306	0.000000391438
11	33958739	35502604	1631	15	0.0000277608	0.000000403182
11	35502605	37116814	1416	15	-0.0000785002	0.000000399848
11	37116815	39382002	1536	15	-0.0000292101	0.000000354629
11	39382003	42310002	2309	15	0.0001235533	0.000000395412
11	42310003	44693798	2011	15	-0.0001256434	0.000000395755
11	44693799	47006136	1370	15	0.0002667704	0.000000420676
11	47006137	49866049	1134	15	0.0001825394	0.000000268398
11	49866050	54695472	492	12	0.0003003952	0.000000108324
11	54695473	55082656	43	5	-0.0000314563	0.000000016679
11	55082657	58457494	2835	15	0.0000918346	0.000000372628
11	58457495	58780548	194	10	0.0002410647	0.000000063938
11	58780549	62223770	1832	15	0.0001319113	0.000000433052
11	62223771	63804568	483	15	-0.0000604359	0.000000224503
11	63804569	65898630	810	15	0.0002219263	0.000000453337
11	65898631	68005824	535	15	0.0000336713	0.000000283154
11	68005825	69516129	920	15	0.0000646478	0.000000468432
11	69516130	70926291	914	15	-0.0001140206	0.000000457862
11	70926292	72286016	664	15	-0.0000023168	0.000000308312
11	72286017	74412350	1043	15	0.0001337094	0.000000402837
11	74412351	76797208	1357	15	0.0000670081	0.000000420410
11	76797209	78355057	844	15	0.0001272779	0.000000335655
11	78355058	80722372	2160	15	0.0000037785	0.000000423702
11	80722373	81266711	669	15	0.0000536620	0.000000271854
11	81266712	84381271	2686	15	0.0000260367	0.000000400894
11	84381272	86619300	1587	15	-0.0000881729	0.000000380895
11	86619301	87430234	776	15	0.0002064406	0.000000261684
11	87430235	89208935	1239	15	-0.0000373766	0.000000402464
11	89208936	90966489	1053	15	0.0002169560	0.000000288915
11	90966490	92077143	863	15	0.0000302476	0.000000266125
11	92077144	93276156	849	15	0.0000336619	0.000000307255
11	93276157	94242259	596	15	0.0000776608	0.000000191549
11	94242260	95726040	1183	15	-0.0000073563	0.000000432197
11	95726041	97057057	1008	15	0.0000041985	0.000000440545
11	97057058	98705064	1438	15	0.0000339844	0.000000411989
11	98705065	100417168	1853	15	-0.0000197823	0.000000399595
11	100417169	101331120	990	15	0.0000340796	0.000000327849
11	101331121	103959635	2545	15	-0.0000711699	0.000000389972
11	103959636	104873283	691	15	-0.0000346089	0.000000140020
11	104873284	106520893	1192	15	0.0002187037	0.000000352484
11	106520894	107844199	1039	15	0.0001021035	0.000000433633
11	107844200	108437036	231	14	0.0000816245	0.000000071250
11	108437037	109866115	767	15	-0.0001046249	0.000000318501
11	109866116	111114396	1032	15	0.0000785489	0.000000373152
11	111114397	112459487	731	15	0.0000325961	0.000000265303
11	112459488	114257727	1563	15	0.0000028853	0.000000425577
11	114257728	114830665	532	15	0.0000039434	0.000000172103
11	114830666	116383347	1222	15	0.0001232941	0.000000424208
11	116383348	117747109	1097	15	-0.0000016401	0.000000469515
11	117747110	119215475	883	15	-0.0000711287	0.000000424616
11	119215476	120766805	1150	15	0.0001193101	0.000000462538
11	120766806	121175942	418	15	-0.0000547442	0.000000147169
11	121175943	122591909	966	15	0.0000969744	0.000000415456
11	122591910	123500116	698	15	-0.0000238623	0.000000436064
11	123500117	124495527	1054	15	0.0000998353	0.000000285165
11	124495528	126311319	1460	15	0.0000275180	0.000000409009
11	126311320	127316678	1079	15	0.0000223770	0.000000411190
11	127316679	128188536	665	15	0.0000700794	0.000000272748
11	128188537	130342574	1554	15	0.0000354659	0.000000447759
11	130342575	131074611	761	15	0.0002861054	0.000000440613
11	131074612	133000045	2078	15	0.0000102762	0.000000438497
11	133000046	134205992	949	15	-0.0001302424	0.000000433583
11	134205993	134946451	885	15	0.0000511899	0.000000489104
12	61107	1080330	567	15	0.0000098683	0.000000402668
12	1080331	2544785	891	15	-0.0000034966	0.000000460173
12	2544786	3677036	919	15	-0.0000914029	0.000000454818
12	3677037	4417678	671	15	0.0001043356	0.000000465167
12	4417679	5321471	904	15	-0.0000745915	0.000000401136
12	5321472	6419752	1045	15	-0.0000431485	0.000000424258
12	6419753	8377535	903	15	0.0001418264	0.000000510893
12	8377536	9031394	277	15	0.0002912506	0.000000237882
12	9031395	10481533	1123	15	0.0000888068	0.000000422276
12	10481534	11754845	809	15	0.0001059833	0.000000347780
12	11754846	12733527	764	15	-0.0000220301	0.000000439619
12	12733528	15241483	2005	15	-0.0000901582	0.000000398714
12	15241484	16310459	497	15	-0.0001320716	0.000000223020
12	16310460	18087872	1347	15	0.0001227561	0.000000399007
12	18087873	20863942	2332	15	0.0000381835	0.000000413840
12	20863943	23820633	2219	15	0.0000070744	0.000000400084
12	23820634	25371082	1494	15	-0.0001033581	0.000000405626
12	25371083	27799772	2185	15	0.0000923765	0.000000402952
12	27799773	29651254	1609	15	-0.0001552548	0.000000385686
12	29651255	30512405	1224	15	-0.0000625765	0.000000409745
12	30512406	32165591	1415	15	-0.0000681931	0.000000423125
12	32165592	33076988	872	15	0.0000117920	0.000000354776
12	33076989	37856716	1126	15	0.0003890705	0.000000278715
12	37856717	39227168	527	15	0.0001801018	0.000000138253
12	39227169	40816184	1356	15	0.0001184862	0.000000348593
12	40816185	41658585	854	15	0.0000507673	0.000000231856
12	41658586	43984473	2193	15	0.0000698972	0.000000387270
12	43984474	46024228	1139	15	0.0001269577	0.000000319581
12	46024229	47714792	966	15	0.0000733338	0.000000404816
12	47714793	49001865	1081	15	0.0001853002	0.000000430729
12	49001866	51776493	1076	15	0.0001185114	0.000000449644
12	51776494	53039003	1146	15	-0.0000334508	0.000000430919
12	53039004	54778822	1037	15	-0.0000339047	0.000000449009
12	54778823	55665836	613	15	0.0000309537	0.000000283261
12	55665837	57548859	708	15	0.0001025461	0.000000369647
12	57548860	59308665	896	15	0.0000892579	0.000000348911
12	59308666	61123728	1134	15	-0.0000283508	0.000000338345
12	61123729	64032460	2428	15	0.0000032850	0.000000420634
12	64032461	65559694	754	15	0.0001433934	0.000000372421
12	65559695	67181143	1049	15	0.0001169638	0.000000420449
12	67181144	67909728	725	15	0.0000130297	0.000000213991
12	67909729	69826541	1530	15	-0.0000044245	0.000000449455
12	69826542	70957986	1150	15	-0.0000035480	0.000000370640
12	70957987	72645074	1223	15	-0.0000223592	0.000000431274
12	72645075	73818453	764	15	0.0000305257	0.000000254952
12	73818454	76511313	1830	15	-0.0000134770	0.000000412713
12	76511314	78570569	1690	15	0.0000015440	0.000000435820
12	78570570	80448149	958	15	0.0000203714	0.000000403426
12	80448150	81467766	758	15	-0.0000481498	0.000000207552
12	81467767	83502665	1352	15	-0.0000005188	0.000000409466
12	83502666	84303843	662	15	-0.0001051191	0.000000155135
12	84303844	85990425	1093	15	-0.0000720108	0.000000243712
12	85990426	89682121	2038	15	0.0001400622	0.000000395989
12	89682122	92066154	1572	15	0.0000081676	0.000000409774
12	92066155	94514566	1847	15	0.0000066258	0.000000454051
12	94514567	96020784	1223	15	-0.0000071250	0.000000435168
12	96020785	97108838	889	15	0.0004962500	0.000000466291
12	97108839	99305986	1813	15	-0.0000654495	0.000000407546
12	99305987	101447640	1427	15	0.0001991586	0.000000445181
12	101447641	101862689	287	15	0.0003035778	0.000000147064
12	101862690	102964985	644	15	-0.0000611375	0.000000295260
12	102964986	104848695	1540	15	0.0000566117	0.000000420140
12	104848696	106436212	1541	15	-0.0001595586	0.000000402046
12	106436213	106958747	427	15	0.0000541516	0.000000215787
12	106958748	109025900	1438	15	-0.0000981426	0.000000410104
12	109025901	110336718	742	15	-0.0000396322	0.000000331248
12	110336719	113263517	720	15	-0.0000455170	0.000000283218
12	113263518	113986708	399	15	-0.0000860870	0.000000207367
12	113986709	115036601	1090	15	-0.0000547585	0.000000406959
12	115036602	115503215	389	15	0.0000718675	0.000000206289
12	115503216	117087470	1317	15	-0.0000083676	0.000000426731
12	117087471	118135374	828	15	0.0000615935	0.000000442840
12	118135375	119754109	1291	15	-0.0000134643	0.000000441586
12	119754110	122007650	1186	15	-0.0000312071	0.000000418380
12	122007651	124977979	1167	15	-0.0000340204	0.000000431155
12	124977980	126445504	1196	15	-0.0001322664	0.000000484112
12	126445505	127875097	1417	15	0.0002000795	0.000000465265
12	127875098	129237296	1424	15	-0.0000189173	0.000000518239
12	129237297	130377920	1279	15	0.0001518214	0.000000461139
12	130377921	131786750	1460	15	0.0000585185	0.000000495333
12	131786751	132807033	671	15	-0.0000894161	0.000000371637
12	132807034	133841510	338	15	0.0000729241	0.000000202591
13	19020013	20686719	787	15	0.0002869859	0.000000382157
13	20686720	22242173	1149	15	0.0000000133	0.000000430068
13	22242174	23594701	1308	15	-0.0000596120	0.000000472555
13	23594702	24531936	1031	15	0.0003310409	0.000000449427
13	24531937	25784361	1230	15	0.0000899929	0.000000443114
13	25784362	27284361	1160	15	-0.0000127502	0.000000419069
13	27284362	29257550	1635	15	-0.0000078684	0.000000447068
13	29257551	30483266	1074	15	0.0000716492	0.000000429711
13	30483267	32301814	1552	15	-0.0001638396	0.000000453885
13	32301815	33776902	1216	15	0.0000093274	0.000000408967
13	33776903	35026463	1012	15	0.0000214291	0.000000379150
13	35026464	36046366	485	15	-0.0000372622	0.000000204356
13	36046367	37498184	1303	15	0.0000479808	0.000000422160
13	37498185	38878162	1439	15	-0.0000677322	0.000000376026
13	38878163	41069262	1874	15	0.0000534600	0.000000430587
13	41069263	43101026	1307	15	0.0001311998	0.000000400002
13	43101027	44901408	1652	15	0.0001023300	0.000000403918
13	44901409	46495213	985	15	-0.0000224535	0.000000437380
13	46495214	47431078	717	15	0.0001579106	0.000000293476
13	47431079	49383961	1418	15	-0.0000166454	0.000000394900
13	49383962	51591090	1448	15	-0.0000024596	0.000000409684
13	51591091	53339621	712	15	-0.0000039391	0.000000394072
13	53339622	54682863	1185	15	0.0000260353	0.000000394706
13	54682864	55817130	883	15	0.0000049845	0.000000248987
13	55817131	57554216	970	15	0.0002585610	0.000000204858
13	57554217	58410625	563	15	0.0003131818	0.000000150392
13	58410626	59302270	695	15	0.0000320227	0.000000162961
13	59302271	60854777	1323	15	0.0000528888	0.000000402986
13	60854778	61591948	707	15	0.0000721730	0.000000245955
13	61591949	63971558	1958	15	0.0001166196	0.000000422784
13	63971559	65200601	1102	15	0.0001796936	0.000000246601
13	65200602	67844452	1735	15	-0.0000037644	0.000000390906
13	67844453	70724515	2660	15	-0.0000262327	0.000000396868
13	70724516	71526790	736	15	-0.0001173345	0.000000357550
13	71526791	73934088	1830	15	0.0001245355	0.000000445509
13	73934089	75670142	1487	15	-0.0000437184	0.000000423028
13	75670143	77410554	1680	15	0.0000972132	0.000000394746
13	77410555	78808812	1014	15	0.0000619905	0.000000328790
13	78808813	80585675	1272	15	0.0002275273	0.000000423628
13	80585676	82581813	1611	15	-0.0000029465	0.000000406930
13	82581814	84133143	1161	15	-0.0000134687	0.000000267660
13	84133144	85610915	1116	15	0.0003845358	0.000000371582
13	85610916	88559881	2216	15	0.0001114900	0.000000407287
13	88559882	90521310	1360	15	0.0000217629	0.000000341126
13	90521311	93129690	2150	15	0.0001045580	0.000000413483
13	93129691	93586454	297	15	0.0002057214	0.000000137169
13	93586455	96087557	2206	15	0.0001032631	0.000000447407
13	96087558	97519209	782	15	-0.0000515916	0.000000277418
13	97519210	98938918	861	15	-0.0000704915	0.000000431038
13	98938919	100574094	1534	15	0.0000879385	0.000000407479
13	100574095	102300522	1536	15	0.0001623723	0.000000406056
13	102300523	104066709	1888	15	-0.0000875870	0.000000405568
13	104066710	104844113	758	15	-0.0000097539	0.000000305619
13	104844114	106247553	1468	15	0.0000638954	0.000000438234
13	106247554	106749999	613	15	-0.0000247570	0.000000261822
13	106750000	108189876	1276	15	0.0000593069	0.000000443591
13	108189877	109121209	949	15	0.0001111419	0.000000451382
13	109121210	109815111	762	15	0.0002987835	0.000000341264
13	109815112	111232072	1388	15	-0.0000152620	0.000000469000
13	111232073	112247591	879	15	0.0000591990	0.000000454427
13	112247592	113572487	972	15	0.0002555202	0.000000481789
13	113572488	115109852	728	15	0.0002041238	0.000000525838
14	19002084	21589401	1094	15	0.0001442525	0.000000559288
14	21589402	23018664	1490	15	-0.0001373520	0.000000414777
14	23018665	24905122	1214	15	-0.0001004739	0.000000479649
14	24905123	26135685	1296	15	0.0001217094	0.000000409674
14	26135686	28466532	1651	15	-0.0001034375	0.000000416145
14	28466533	29972144	913	15	-0.0000232000	0.000000346219
14	29972145	32383264	1247	15	-0.0000733128	0.000000423412
14	32383265	34846250	2245	15	0.0001139892	0.000000464245
14	34846251	35859592	485	15	0.0001476902	0.000000219906
14	35859593	38667724	1672	15	0.0000760138	0.000000411366
14	38667725	40341989	1193	15	-0.0001273027	0.000000380512
14	40341990	41615501	1122	15	0.0001596208	0.000000241443
14	41615502	43137388	1005	15	0.0002366030	0.000000313496
14	43137389	44543226	974	15	0.0002496145	0.000000373873
14	44543227	46081895	814	15	0.0002586090	0.000000303205
14	46081896	46749129	539	15	0.0000689402	0.000000121044
14	46749130	48573585	1571	15	0.0001055866	0.000000386638
14	48573586	49005470	296	15	0.0001569958	0.000000097576
14	49005471	50507759	1005	15	0.0000126814	0.000000389031
14	50507760	51493571	703	15	0.0001797352	0.000000321617
14	51493572	53474382	1654	15	-0.0000132231	0.000000401929
14	53474383	53997830	412	15	0.0001214784	0.000000133085
14	53997831	55233680	800	15	0.0001594164	0.000000415741
14	55233681	56216879	580	15	0.0000383286	0.000000182873
14	56216880	57481261	1328	15	0.0002577081	0.000000413056
14	57481262	59448335	1483	15	0.0000528608	0.000000396950
14	59448336	61680423	1429	15	0.0003038257	0.000000387900
14	61680424	63790014	1666	15	0.0000828583	0.000000391904
14	63790015	65220297	685	15	0.0000427055	0.000000272846
14	65220298	66399554	775	15	0.0002461468	0.000000347926
14	66399555	67992316	719	15	-0.0000404855	0.000000208360
14	67992317	71131956	2280	15	0.0000267259	0.000000408361
14	71131957	72889614	1463	15	0.0000549743	0.000000390174
14	72889615	76444766	2120	15	0.0000300036	0.000000415565
14	76444767	77229471	630	15	-0.0001150082	0.000000362271
14	77229472	78561944	1123	15	0.0001818342	0.000000419361
14	78561945	80186578	1235	15	0.0002119490	0.000000404953
14	80186579	81579713	1180	15	0.0000932254	0.000000378857
14	81579714	83138096	1065	15	0.0000304335	0.000000406431
14	83138097	84241632	958	15	0.0001625499	0.000000368729
14	84241633	85746318	1169	15	0.0000027287	0.000000389188
14	85746319	86647001	655	15	0.0002428579	0.000000285226
14	86647002	87635340	739	15	0.0001040426	0.000000292053
14	87635341	89497642	1353	15	-0.0000894733	0.000000390289
14	89497643	91296859	1329	15	0.0000053217	0.000000421064
14	91296860	93132298	1310	15	-0.0000031544	0.000000424802
14	93132299	94325284	783	15	0.0000979607	0.000000390878
14	94325285	95750866	1591	15	0.0002285461	0.000000460844
14	95750867	96262414	700	15	0.0004012724	0.000000436032
14	96262415	98341161	1604	15	-0.0001563139	0.000000435813
14	98341162	99138531	877	15	-0.0000183206	0.000000288823
14	99138532	101534306	1633	15	0.0003116532	0.000000477759
14	101534307	103012101	765	15	-0.0001336309	0.000000485307
14	103012102	105001722	942	15	-0.0000559232	0.000000441389
14	105001723	106340357	302	15	0.0003360693	0.000000249417
14	106340358	107289453	279	15	0.0001071174	0.000000240445
15	20001200	21131603	36	6	0.0014751492	0.000000297233
15	21131604	24195126	603	15	-0.0001080628	0.000000414986
15	24195127	25108589	661	15	0.0000487498	0.000000259341
15	25108590	27298111	1750	15	0.0000703786	0.000000476430
15	27298112	29338501	1070	15	0.0000616021	0.000000435850
15	29338502	30165567	608	15	0.0000913348	0.000000308389
15	30165568	31591820	536	15	0.0003241112	0.000000332712
15	31591821	32441810	506	15	0.0001144955	0.000000225052
15	32441811	34015424	1343	15	0.0001969658	0.000000429212
15	34015425	35083250	752	15	0.0000946830	0.000000402683
15	35083251	37456501	1918	15	0.0000875191	0.000000433791
15	37456502	38530776	748	15	-0.0000454511	0.000000357275
15	38530777	40384131	1646	15	0.0000648543	0.000000414854
15	40384132	41177513	412	15	-0.0000150650	0.000000192111
15	41177514	42776398	780	15	-0.0000044965	0.000000372767
15	42776399	44198048	428	15	0.0000886218	0.000000144459
15	44198049	46618786	992	15	0.0002203347	0.000000406426
15	46618787	48136047	1351	15	0.0000844110	0.000000374945
15	48136048	50008042	957	15	0.0000537398	0.000000312111
15	50008043	51677559	1138	15	0.0001690606	0.000000387554
15	51677560	53069095	793	15	0.0002204505	0.000000313612
15	53069096	54508527	1387	15	0.0000221524	0.000000386901
15	54508528	55136268	588	15	-0.0000427764	0.000000262661
15	55136269	56901772	1113	15	0.0001132690	0.000000423179
15	56901773	58441365	1248	15	-0.0000237508	0.000000418173
15	58441366	59694115	940	15	0.0002402544	0.000000446032
15	59694116	61265835	1222	15	0.0000476667	0.000000434199
15	61265836	63215221	1682	15	-0.0000576433	0.000000419446
15	63215222	65104667	920	15	0.0001404098	0.000000429407
15	65104668	67094766	1042	15	0.0000638391	0.000000435856
15	67094767	69017998	1317	15	0.0000791537	0.000000413602
15	69017999	70133340	564	15	0.0002977506	0.000000325091
15	70133341	71922648	1259	15	0.0001620109	0.000000439308
15	71922649	73628713	748	15	0.0001663648	0.000000242276
15	73628714	76398623	1011	15	0.0004019488	0.000000433709
15	76398624	78516052	1097	15	0.0002400411	0.000000411217
15	78516053	80860977	1905	15	-0.0000813659	0.000000390296
15	80860978	84260467	1528	15	-0.0000767424	0.000000399164
15	84260468	86652904	1643	15	-0.0000539258	0.000000393505
15	86652905	88369942	1510	15	0.0003545205	0.000000430362
15	88369943	90475550	1291	15	0.0001959421	0.000000443658
15	90475551	92164391	1181	15	0.0001163443	0.000000441211
15	92164392	93780901	1422	15	0.0001747543	0.000000454407
15	93780902	94924329	1185	15	0.0000183996	0.000000488014
15	94924330	96141595	1116	15	-0.0000692302	0.000000421062
15	96141596	98030909	1398	15	0.0001053174	0.000000463844
15	98030910	99244058	1125	15	-0.0001057118	0.000000458311
15	99244059	100636846	1081	15	0.0001739411	0.000000474507
15	100636847	101552693	715	15	0.0001466968	0.000000477740
15	101552694	102520965	744	15	-0.0000604400	0.000000487549
16	60054	1207205	481	15	-0.0001192846	0.000000502790
16	1207206	2764828	629	15	0.0002577370	0.000000476930
16	2764829	4001195	480	15	-0.0000822990	0.000000392738
16	4001196	5118344	600	15	-0.0000604216	0.000000505254
16	5118345	5891579	751	15	0.0002074090	0.000000491210
16	5891580	6893550	1262	15	-0.0001661682	0.000000431690
16	6893551	7529120	932	15	0.0004450146	0.000000452345
16	7529121	8338518	1061	15	-0.0000727464	0.000000433018
16	8338519	9799418	1375	15	0.0001746598	0.000000444566
16	9799419	10426031	765	15	0.0003099464	0.000000339260
16	10426032	11520160	810	15	0.0001860580	0.000000468873
16	11520161	12613097	726	15	-0.0001052494	0.000000432937
16	12613098	13154436	656	15	-0.0001014519	0.000000314868
16	13154437	14464001	1095	15	0.0000762553	0.000000408078
16	14464002	16154059	441	15	0.0002383384	0.000000314231
16	16154060	17644748	700	15	0.0002053738	0.000000482518
16	17644749	18643606	364	15	0.0001782995	0.000000198957
16	18643607	20150570	804	15	-0.0000714695	0.000000444580
16	20150571	22448903	770	15	0.0001458985	0.000000363959
16	22448904	24136874	959	15	0.0002545096	0.000000459043
16	24136875	25986861	1373	15	-0.0000819770	0.000000432094
16	25986862	27445754	1232	15	-0.0001031098	0.000000430790
16	27445755	29036612	533	15	0.0001388129	0.000000255775
16	29036613	31382942	467	15	0.0000577109	0.000000313131
16	31382943	46399472	248	15	-0.0000709559	0.000000117024
16	46399473	49007925	607	15	0.0000510352	0.000000209586
16	49007926	52035822	2020	15	0.0000609448	0.000000427909
16	52035823	53382571	904	15	0.0000616791	0.000000350251
16	53382572	55903773	2186	15	0.0000358057	0.000000433443
16	55903774	57664329	1168	15	-0.0000516372	0.000000437480
16	57664330	59045404	902	15	0.0000719815	0.000000458919
16	59045405	60745693	1145	15	-0.0000811039	0.000000416360
16	60745694	62229848	821	15	-0.0000292486	0.000000267486
16	62229849	63691588	1026	15	0.0003178408	0.000000447353
16	63691589	65938565	1757	15	0.0000728769	0.000000403230
16	65938566	68841362	1185	15	-0.0001430808	0.000000403226
16	68841363	71054027	625	15	0.0001445253	0.000000341583
16	71054028	72935149	768	15	0.0002286716	0.000000369818
16	72935150	74971502	1295	15	-0.0000837285	0.000000465748
16	74971503	75977953	460	15	0.0000759371	0.000000244168
16	75977954	77523677	1478	15	0.0001280827	0.000000427541
16	77523678	78456291	1177	15	-0.0001693981	0.000000419670
16	78456292	79134814	984	15	0.0002689581	0.000000480046
16	79134815	80297373	1356	15	-0.0000717936	0.000000414533
16	80297374	81772535	1452	15	-0.0000345341	0.000000446827
16	81772536	82747727	1046	15	0.0000764116	0.000000473215
16	82747728	83477207	1088	15	-0.0000822030	0.000000409231
16	83477208	84445882	1308	15	0.0000138138	0.000000475666
16	84445883	85148684	843	15	0.0001293200	0.000000536211
16	85148685	86156598	873	15	-0.0000218694	0.000000558551
16	86156599	86815410	904	15	0.0001175186	0.000000491455
16	86815411	87647348	671	15	-0.0000059907	0.000000496501
16	87647349	89041164	671	15	0.0000017760	0.000000635676
16	89041165	90292811	555	15	0.0001541798	0.000000414383
17	56	1172398	529	15	0.0002065379	0.000000668498
17	1172399	1928730	426	15	0.0002459595	0.000000380541
17	1928731	3702311	1128	15	0.0000835719	0.000000470864
17	3702312	4696260	602	15	-0.0000894912	0.000000519038
17	4696261	5741333	777	15	0.0001847233	0.000000383276
17	5741334	7317397	1115	15	-0.0001112601	0.000000525331
17	7317398	8306424	452	15	0.0000154089	0.000000328228
17	8306425	9965920	1238	15	0.0000254754	0.000000470154
17	9965921	11102814	918	15	0.0000563346	0.000000461429
17	11102815	12534768	1039	15	0.0000626228	0.000000448144
17	12534769	13180371	591	15	0.0000277969	0.000000350814
17	13180372	13894636	725	15	0.0001236939	0.000000470850
17	13894637	15019096	1303	15	0.0000239756	0.000000440831
17	15019097	16412341	604	15	-0.0001699020	0.000000333375
17	16412342	18856319	1045	15	0.0001815595	0.000000455761
17	18856320	21290356	741	15	0.0000980815	0.000000369304
17	21290357	27334243	1062	15	0.0001453029	0.000000447989
17	27334244	29786490	768	15	-0.0000215369	0.000000272950
17	29786491	31538424	1001	15	0.0000211804	0.000000430035
17	31538425	32912797	1617	15	0.0000399242	0.000000409107
17	32912798	34469035	969	15	-0.0000411634	0.000000435480
17	34469036	36809343	862	15	0.0001121029	0.000000480878
17	36809344	38877403	721	15	0.0000436578	0.000000403893
17	38877404	39899809	697	15	-0.0000740291	0.000000288977
17	39899810	41772086	539	15	0.0001734573	0.000000226927
17	41772087	43056904	558	15	0.0008105420	0.000000307803
17	43056905	45876021	1244	15	0.0001180075	0.000000387653
17	45876022	47517399	907	15	-0.0000193637	0.000000367078
17	47517400	49898956	1360	15	0.0002364926	0.000000481919
17	49898957	50719054	610	15	-0.0000461002	0.000000177448
17	50719055	51826117	859	15	0.0002862049	0.000000252246
17	51826118	53599431	1241	15	0.0001022431	0.000000424436
17	53599432	55357540	1201	15	-0.0000255055	0.000000435094
17	55357541	57487511	1143	15	-0.0000487908	0.000000442821
17	57487512	59312754	419	15	0.0000415516	0.000000144171
17	59312755	61545588	822	15	0.0001210081	0.000000454558
17	61545589	63148127	523	15	-0.0000406084	0.000000241818
17	63148128	64800429	1372	15	-0.0000260323	0.000000421506
17	64800430	67858769	1794	15	-0.0000847614	0.000000444054
17	67858770	69387816	1390	15	0.0001356348	0.000000403642
17	69387817	72672202	2610	15	-0.0001358884	0.000000459402
17	72672203	74375559	688	15	0.0003052480	0.000000455047
17	74375560	76263412	1297	15	-0.0000323489	0.000000543076
17	76263413	77298635	761	15	0.0001086878	0.000000557077
17	77298636	78837587	1032	15	0.0001359910	0.000000510244
17	78837588	80034407	458	15	0.0000692760	0.000000400772
17	80034408	81194907	554	15	0.0000974050	0.000000310177
18	10644	912485	718	15	0.0000398882	0.000000494633
18	912486	1942910	840	15	-0.0000432706	0.000000323001
18	1942911	3891657	1560	15	-0.0000844186	0.000000471866
18	3891658	5834179	1609	15	-0.0000749076	0.000000465940
18	5834180	7090484	1090	15	0.0002132395	0.000000500544
18	7090485	8498930	1106	15	0.0001110578	0.000000456344
18	8498931	11075912	2383	15	-0.0001060288	0.000000460777
18	11075913	11905439	568	15	-0.0000000206	0.000000373961
18	11905440	14440798	1439	15	-0.0000563128	0.000000459068
18	14440799	19485843	359	15	-0.0001142177	0.000000159895
18	19485844	20649471	670	15	0.0000327014	0.000000244653
18	20649472	22996650	1518	15	-0.0000233354	0.000000388746
18	22996651	24026190	664	15	-0.0000301229	0.000000267288
18	24026191	25927681	1560	15	0.0000095811	0.000000414489
18	25927682	26875586	663	15	0.0000623011	0.000000167971
18	26875587	27866477	723	15	0.0000791562	0.000000215991
18	27866478	30264065	1877	15	0.0000327125	0.000000407066
18	30264066	31780066	875	15	-0.0000024355	0.000000250950
18	31780067	33861963	1370	15	-0.0000921796	0.000000389773
18	33861964	35075249	914	15	-0.0000573782	0.000000405948
18	35075250	36365489	1101	15	0.0002301781	0.000000352673
18	36365490	37684366	833	15	0.0002230024	0.000000248210
18	37684367	39892647	1833	15	0.0000635900	0.000000397720
18	39892648	42922105	2192	15	0.0000108876	0.000000391983
18	42922106	44299245	1225	15	-0.0000530786	0.000000410702
18	44299246	45939731	1139	15	0.0001607476	0.000000431406
18	45939732	47730583	1377	15	0.0002962930	0.000000449309
18	47730584	51062184	2556	15	-0.0000236506	0.000000392224
18	51062185	51554174	483	15	0.0000487576	0.000000106365
18	51554175	55213837	2238	15	-0.0000498892	0.000000393903
18	55213838	56530219	1109	15	0.0001097461	0.000000442173
18	56530220	57630482	1072	15	0.0001328329	0.000000426883
18	57630483	59020750	1013	15	0.0002317219	0.000000382987
18	59020751	60277714	1202	15	0.0000014516	0.000000405378
18	60277715	61820251	1213	15	-0.0001221934	0.000000409084
18	61820252	63463401	1294	15	-0.0000604369	0.000000386382
18	63463402	64252800	753	15	0.0002434802	0.000000207022
18	64252801	66125816	1763	15	0.0002330873	0.000000426262
18	66125817	67175819	758	15	0.0000519000	0.000000351855
18	67175820	68621178	990	15	0.0000441893	0.000000466833
18	68621179	69621617	957	15	0.0002637726	0.000000436557
18	69621618	71038473	1301	15	0.0001439022	0.000000448587
18	71038474	71971461	1034	15	-0.0000584091	0.000000462289
18	71971462	73526986	1368	15	0.0003159301	0.000000439318
18	73526987	74813814	1150	15	-0.0000555228	0.000000436996
18	74813815	75976316	1224	15	-0.0000464513	0.000000439342
18	75976317	77149990	991	15	0.0001135644	0.000000464715
18	77149991	78017157	531	15	0.0001379344	0.000000324198
19	80840	610728	153	15	0.0001640454	0.000000282289
19	610729	2098395	533	15	-0.0001255236	0.000001053353
19	2098396	3019659	420	15	-0.0001246935	0.000000407221
19	3019660	4348966	544	15	-0.0000253644	0.000000722862
19	4348967	5811851	672	15	-0.0000428980	0.000000616031
19	5811852	6684884	355	15	-0.0000308286	0.000000323150
19	6684885	8347512	907	15	0.0000494423	0.000000602444
19	8347513	9238392	431	15	-0.0000306889	0.000000236240
19	9238393	11284027	822	15	0.0002837111	0.000000472479
19	11284028	13471126	760	15	0.0002247129	0.000000485821
19	13471127	14486346	369	15	-0.0000162596	0.000000298842
19	14486347	15648609	585	15	-0.0000560941	0.000000384603
19	15648610	16374415	695	15	0.0000224587	0.000000288932
19	16374416	18409861	917	15	-0.0000520910	0.000000550588
19	18409862	19877470	536	15	0.0001338775	0.000000327738
19	19877471	20905756	368	15	0.0000774575	0.000000207487
19	20905757	22732895	951	15	-0.0000533056	0.000000311773
19	22732896	23467745	351	15	-0.0001212631	0.000000108767
19	23467746	28557892	806	15	-0.0000011366	0.000000234327
19	28557893	29790946	1232	15	-0.0000428559	0.000000379806
19	29790947	30727953	719	15	-0.0000987559	0.000000356126
19	30727954	32746519	1249	15	0.0002498425	0.000000433514
19	32746520	34262951	964	15	0.0002955511	0.000000477628
19	34262952	36469294	1157	15	-0.0000497873	0.000000500588
19	36469295	37527032	478	15	0.0000792942	0.000000158623
19	37527033	40170618	1128	15	-0.0000318056	0.000000428024
19	40170619	40984600	328	15	-0.0000458747	0.000000156084
19	40984601	42131572	502	15	0.0003833738	0.000000403827
19	42131573	43862454	518	15	0.0000249026	0.000000316386
19	43862455	44744107	538	15	0.0002843517	0.000000249917
19	44744108	46102696	657	15	-0.0001747543	0.000000450366
19	46102697	47150081	489	15	0.0002508869	0.000000409828
19	47150082	49282226	996	15	0.0000403875	0.000000546798
19	49282227	51532566	1053	15	-0.0000846574	0.000000615841
19	51532567	52985289	1195	15	0.0000572377	0.000000509856
19	52985290	54602361	1043	15	-0.0001011494	0.000000708192
19	54602362	55728079	620	15	0.0001332326	0.000000689037
19	55728080	57521334	1161	15	-0.0000224814	0.000000572348
19	57521335	59118838	878	15	-0.0000386512	0.000000417786
20	60479	697599	442	15	-0.0001694145	0.000000376156
20	697600	2469500	1866	15	-0.0000287751	0.000000462136
20	2469501	3828412	935	15	0.0001403530	0.000000445577
20	3828413	5477849	1496	15	-0.0000144876	0.000000472159
20	5477850	7084072	1559	15	0.0000707165	0.000000440417
20	7084073	8117010	1062	15	0.0002531343	0.000000335046
20	8117011	9730920	1584	15	0.0001294653	0.000000420483
20	9730921	11249535	1516	15	0.0001459762	0.000000468535
20	11249536	12447498	1127	15	-0.0000571854	0.000000428788
20	12447499	13689863	1173	15	0.0003536883	0.000000482756
20	13689864	15958358	2064	15	-0.0001350536	0.000000431059
20	15958359	17487231	1877	15	-0.0001450039	0.000000428822
20	17487232	18972202	1223	15	0.0000915087	0.000000469313
20	18972203	20959709	1792	15	-0.0000119842	0.000000460484
20	20959710	22491455	908	15	-0.0000790779	0.000000315995
20	22491456	23293789	853	15	-0.0000280731	0.000000319335
20	23293790	24717723	1187	15	-0.0000383296	0.000000441162
20	24717724	25344230	611	15	0.0003544842	0.000000195692
20	25344231	31614822	1187	15	0.0003629138	0.000000467253
20	31614823	32813440	479	15	-0.0001149337	0.000000204540
20	32813441	34960445	794	15	0.0000904849	0.000000276361
20	34960446	36909529	933	15	0.0000212417	0.000000453833
20	36909530	38436760	1107	15	-0.0001144632	0.000000418916
20	38436761	39610855	970	15	0.0003769588	0.000000478287
20	39610856	40585688	571	15	0.0002052700	0.000000272553
20	40585689	41615459	1062	15	0.0000299786	0.000000446362
20	41615460	42680175	723	15	-0.0000576153	0.000000442750
20	42680176	44839055	1458	15	-0.0000905310	0.000000441362
20	44839056	47199979	1969	15	-0.0001124732	0.000000449361
20	47199980	49239657	1476	15	-0.0000759627	0.000000441367
20	49239658	52472548	2602	15	0.0000310666	0.000000460649
20	52472549	54055265	1363	15	-0.0000054126	0.000000459523
20	54055266	56447958	2255	15	0.0001749548	0.000000501418
20	56447959	58406571	1592	15	0.0001075078	0.000000523002
20	58406572	59561723	1088	15	-0.0000753059	0.000000451344
20	59561724	61301854	1432	15	0.0000883216	0.000000582352
20	61301855	62190179	547	15	0.0001165966	0.000000544316
20	62190180	62965162	395	15	-0.0000614880	0.000000276979
21	9411243	15950981	638	15	-0.0000700668	0.000000403694
21	15950982	18053164	1385	15	-0.0000495475	0.000000424475
21	18053165	19480374	967	15	-0.0001218216	0.000000443835
21	19480375	20962338	1362	15	0.0000730524	0.000000443407
21	20962339	22072763	908	15	0.0000355260	0.000000437874
21	22072764	23362874	1213	15	-0.0000296481	0.000000425982
21	23362875	24696230	917	15	0.0002490722	0.000000404648
21	24696231	26469121	1534	15	-0.0001081401	0.000000402939
21	26469122	27271018	479	15	0.0002437956	0.000000210792
21	27271019	29125225	1781	15	0.0000659907	0.000000415834
21	29125226	31197024	1579	15	0.0001283873	0.000000411115
21	31197025	32668641	1102	15	-0.0000283501	0.000000292130
21	32668642	34376998	1144	15	0.0000086032	0.000000416836
21	34376999	35225464	492	15	0.0002229142	0.000000277374
21	35225465	36524372	1066	15	-0.0000638132	0.000000435604
21	36524373	37870778	991	15	0.0000299130	0.000000391759
21	37870779	38711703	621	15	0.0000017977	0.000000270400
21	38711704	40482901	1638	15	0.0003441645	0.000000449288
21	40482902	41389526	959	15	0.0001179342	0.000000428236
21	41389527	43321527	1804	15	0.0001391753	0.000000468760
21	43321528	44506267	1251	15	0.0001180924	0.000000477487
21	44506268	46177104	1065	15	-0.0000099451	0.000000482170
21	46177105	47492225	947	15	0.0001584798	0.000000464898
21	47492226	48119751	420	15	0.0001148991	0.000000214514
22	16050408	17674294	423	15	0.0000916274	0.000000293855
22	17674295	18296087	442	15	0.0001383964	0.000000324035
22	18296088	19912357	1010	15	0.0001398089	0.000000504449
22	19912358	22357324	1052	15	0.0002310710	0.000000506807
22	22357325	23712646	823	15	-0.0000828707	0.000000529606
22	23712647	24984203	684	15	0.0000909097	0.000000368286
22	24984204	26791627	1429	15	-0.0000290049	0.000000480666
22	26791628	27834751	1369	15	0.0000240759	0.000000466132
22	27834752	29651798	1043	15	0.0000761796	0.000000442270
22	29651799	31439917	1008	15	0.0000498557	0.000000395174
22	31439918	32664985	602	15	0.0001447216	0.000000249516
22	32664986	34494913	1805	15	0.0001002559	0.000000446805
22	34494914	35530984	1191	15	0.0002984475	0.000000401045
22	35530985	37570268	1633	15	0.0005370964	0.000000518448
22	37570269	39307893	955	15	0.0000670177	0.000000455447
22	39307894	40545796	623	15	0.0000369490	0.000000413622
22	40545797	42690817	861	15	-0.0000600608	0.000000275575
22	42690818	43714199	778	15	-0.0000853931	0.000000455939
22	43714200	44995307	1349	15	0.0000138950	0.000000451879
22	44995308	46470494	1202	15	0.0001201198	0.000000502231
22	46470495	47596317	925	15	-0.0000179695	0.000000454530
22	47596318	48903702	1607	15	-0.0000623941	0.000000454934
22	48903703	49824533	1373	15	0.0000138432	0.000000511611
22	49824534	51243297	766	15	0.0000722937	0.000000480819
