chr	start	end	num_snp	k	local_h2g	var
1	10583	1892606	183	15	0.0004615389	0.000000178443
1	1892607	3582735	850	15	-0.0000152441	0.000000368373
1	3582736	4380810	581	15	0.0003023536	0.000000263982
1	4380811	5913892	1938	15	-0.0000776010	0.000000263714
1	5913893	7247334	761	15	0.0001623635	0.000000267710
1	7247335	9365198	1326	15	0.0000234888	0.000000269302
1	9365199	10806983	566	15	0.0000972434	0.000000211380
1	10806984	11777840	429	15	0.0000701745	0.000000207988
1	11777841	12779465	476	15	0.0003268893	0.000000258337
1	12779466	14891510	1248	15	0.0005409603	0.000000307751
1	14891511	16897729	1200	15	0.0001434513	0.000000296349
1	16897730	18662898	1199	15	0.0002049559	0.000000296645
1	18662899	20469148	1294	15	0.0000790067	0.000000306700
1	20469149	21736587	830	15	0.0001597812	0.000000278149
1	21736588	23086882	976	15	0.0002851267	0.000000297467
1	23086883	23920589	370	15	0.0003676895	0.000000133095
1	23920590	25516844	940	15	0.0004208035	0.000000305380
1	25516845	27401866	686	15	0.0004574274	0.000000207038
1	27401867	30161880	991	15	0.0002625765	0.000000291897
1	30161881	32438684	1977	15	0.0004661141	0.000000296869
1	32438685	34799757	1226	15	0.0000014810	0.000000266705
1	34799758	37549182	1043	15	-0.0000775998	0.000000278353
1	37549183	38731846	639	15	0.0003620094	0.000000238091
1	38731847	40200566	773	15	0.0003724454	0.000000302734
1	40200567	41975326	1043	15	0.0001573607	0.000000263779
1	41975327	43758456	1150	15	-0.0000545643	0.000000256921
1	43758457	44969182	648	15	0.0002559820	0.000000185528
1	44969183	46899500	832	15	0.0001770767	0.000000162944
1	46899501	48002575	546	15	0.0010861310	0.000000190710
1	48002576	48978187	579	15	0.0001827634	0.000000184794
1	48978188	49894176	472	15	0.0002774765	0.000000124614
1	49894177	51713725	497	15	0.0001925474	0.000000096562
1	51713726	54226261	1009	15	0.0000496138	0.000000262168
1	54226262	56413116	1516	15	0.0001133004	0.000000281023
1	56413117	57021727	543	15	0.0001084630	0.000000122957
1	57021728	58865398	1625	15	0.0001950820	0.000000285839
1	58865399	59890408	808	15	0.0001751467	0.000000207274
1	59890409	61922364	1254	15	0.0000707890	0.000000273975
1	61922365	63455088	1021	15	0.0002017526	0.000000297699
1	63455089	65041703	1386	15	-0.0000036263	0.000000260492
1	65041704	66939403	1376	15	0.0002651362	0.000000259412
1	66939404	68477894	1388	15	0.0002682763	0.000000262561
1	68477895	69687615	789	15	0.0002660405	0.000000218614
1	69687616	71372469	1164	15	-0.0000940712	0.000000265058
1	71372470	71684404	182	13	0.0000192619	0.000000031387
1	71684405	74326906	1638	15	0.0003355450	0.000000267518
1	74326907	76728134	1716	15	0.0000408574	0.000000258345
1	76728135	79661197	2039	15	-0.0001020593	0.000000263896
1	79661198	81354190	1242	15	0.0000507868	0.000000266182
1	81354191	83991747	2259	15	-0.0001184723	0.000000268090
1	83991748	84844494	589	15	-0.0000299245	0.000000131167
1	84844495	86454750	1328	15	0.0000312020	0.000000262879
1	86454751	88128630	1185	15	0.0002488955	0.000000283900
1	88128631	90066302	1053	15	0.0001298549	0.000000272220
1	90066303	91886316	1095	15	0.0002628606	0.000000286222
1	91886317	93536458	1098	15	0.0001581959	0.000000241486
1	93536459	94506190	546	15	0.0002641867	0.000000120533
1	94506191	96150892	1171	15	0.0000839292	0.000000273359
1	96150893	97885248	1180	15	0.0001269342	0.000000259394
1	97885249	99800603	1322	15	-0.0000371655	0.000000259476
1	99800604	100826404	672	15	0.0000865629	0.000000134149
1	100826405	102041015	922	15	-0.0000026949	0.000000208375
1	102041016	102898744	702	15	0.0000961368	0.000000157817
1	102898745	103914210	624	15	-0.0000393815	0.000000080953
1	103914211	106087841	1298	15	0.0003118092	0.000000289683
1	106087842	108409664	1717	15	0.0000493288	0.000000274287
1	108409665	110303930	1090	15	0.0000628378	0.000000295102
1	110303931	111741736	1025	15	0.0001498882	0.000000297570
1	111741737	113273305	1369	15	-0.0000103514	0.000000266905
1	113273306	114873844	929	15	0.0000849050	0.000000279463
1	114873845	115880592	603	15	0.0001957351	0.000000157819
1	115880593	118839066	1736	15	0.0000774597	0.000000284046
1	118839067	144977493	1242	15	0.0002262916	0.000000271011
1	144977494	148361252	847	15	0.0001380813	0.000000224475
1	148361253	151538880	574	15	0.0002695577	0.000000148499
1	151538881	153180828	1046	15	-0.0000165163	0.000000194018
1	153180829	154770402	806	15	0.0002436181	0.000000252823
1	154770403	156336132	486	15	0.0001529833	0.000000176726
1	156336133	158027411	1235	15	-0.0000237631	0.000000276153
1	158027412	159913047	1398	15	0.0007916972	0.000000342665
1	159913048	162346720	1651	15	-0.0000648577	0.000000277419
1	162346721	165191701	2523	15	0.0001465950	0.000000277822
1	165191702	166460516	1064	15	0.0001351955	0.000000278682
1	166460517	169086323	2134	15	0.0001093243	0.000000291209
1	169086324	170557775	1424	15	-0.0000233274	0.000000229599
1	170557776	173097906	1776	15	-0.0000030417	0.000000261309
1	173097907	175089767	774	15	0.0000483959	0.000000130593
1	175089768	177433380	1640	15	0.0000066324	0.000000269094
1	177433381	178944308	976	15	0.0003016687	0.000000236004
1	178944309	178954469	3	1	0.0001161646	0.000000020168
1	178954470	181144120	1570	15	0.0001411071	0.000000259363
1	181144121	182755355	1158	15	0.0000194648	0.000000270362
1	182755356	184595512	1343	15	0.0000234477	0.000000275021
1	184595513	186810022	957	15	0.0001485748	0.000000248662
1	186810023	188759944	1597	15	0.0002027869	0.000000274806
1	188759945	189904129	658	15	0.0000857465	0.000000094416
1	189904130	191868929	1589	15	0.0002298599	0.000000237899
1	191868930	194107441	1419	15	0.0000654562	0.000000273831
1	194107442	196176200	1693	15	-0.0000670590	0.000000259771
1	196176201	197311513	515	15	0.0002407946	0.000000099686
1	197311514	199239883	1085	15	0.0002154607	0.000000269325
1	199239884	200137648	678	15	0.0002111267	0.000000165692
1	200137649	201589974	1293	15	-0.0000036264	0.000000280156
1	201589975	203334733	1098	15	0.0001243457	0.000000307747
1	203334734	204681067	891	15	0.0005125822	0.000000318020
1	204681068	206073264	1092	15	0.0007399533	0.000000319128
1	206073265	208410363	1242	15	0.0001586172	0.000000286810
1	208410364	210787749	1831	15	0.0001574649	0.000000279678
1	210787750	212842329	1344	15	0.0001707963	0.000000280212
1	212842330	214578265	1137	15	0.0000744741	0.000000280334
1	214578266	216243633	1333	15	0.0003066792	0.000000274571
1	216243634	218705512	2396	15	0.0001472489	0.000000266911
1	218705513	219590570	692	15	0.0000543574	0.000000156020
1	219590571	221858230	1588	15	0.0000963219	0.000000260404
1	221858231	222230219	352	15	0.0001508617	0.000000099755
1	222230220	224938519	1124	15	0.0002561196	0.000000330358
1	224938520	226810859	970	15	0.0001318038	0.000000286352
1	226810860	229156247	1524	15	0.0000582580	0.000000286225
1	229156248	230685254	957	15	0.0001271396	0.000000306141
1	230685255	232090251	1103	15	0.0002881418	0.000000302643
1	232090252	233429283	1172	15	0.0000456007	0.000000291791
1	233429284	234599433	1097	15	-0.0000111258	0.000000287239
1	234599434	235819435	759	15	0.0001214875	0.000000320734
1	235819436	237555627	1431	15	0.0000826366	0.000000290918
1	237555628	238567806	928	15	0.0000968228	0.000000279075
1	238567807	239925313	1159	15	0.0001183084	0.000000269766
1	239925314	240564090	701	15	0.0000444506	0.000000213699
1	240564091	241582219	983	15	0.0000572620	0.000000309288
1	241582220	242071601	404	15	-0.0000798535	0.000000125651
1	242071602	244109498	1218	15	0.0000159166	0.000000284234
1	244109499	245506745	970	15	-0.0000876542	0.000000313038
1	245506746	247344517	1484	15	0.0000418236	0.000000295257
1	247344518	249239465	895	15	0.0000892587	0.000000292744
2	10133	1781021	1410	15	-0.0000378818	0.000000260261
2	1781022	3973778	1900	15	-0.0000745061	0.000000267491
2	3973779	5708336	1459	15	0.0000121868	0.000000260527
2	5708337	6836253	1310	15	-0.0000420037	0.000000252571
2	6836254	8422146	1368	15	0.0000172105	0.000000253581
2	8422147	10298468	1393	15	0.0003574031	0.000000295481
2	10298469	12419149	1930	15	-0.0001515479	0.000000267055
2	12419150	14335307	1624	15	0.0000616723	0.000000251909
2	14335308	16329734	1792	15	0.0000168710	0.000000245319
2	16329735	18647422	1901	15	0.0003258620	0.000000278506
2	18647423	19692403	813	15	0.0002394450	0.000000210749
2	19692404	21050489	1320	15	0.0000887852	0.000000261440
2	21050490	23341382	1406	15	0.0001666083	0.000000261420
2	23341383	24686917	878	15	0.0002718784	0.000000238661
2	24686918	26894984	1073	15	0.0002893690	0.000000277143
2	26894985	28598776	730	15	0.0000690310	0.000000174754
2	28598777	29217558	475	15	0.0000355285	0.000000142616
2	29217559	30463710	1212	15	0.0001451266	0.000000266044
2	30463711	31550449	1185	15	0.0000999354	0.000000267598
2	31550450	33363776	838	15	0.0000083587	0.000000261942
2	33363777	35345027	1823	15	-0.0000115291	0.000000252403
2	35345028	36122005	879	15	-0.0000941654	0.000000168638
2	36122006	38132711	1930	15	0.0001427371	0.000000266537
2	38132712	39031336	643	15	0.0001550199	0.000000228568
2	39031337	40281482	642	15	-0.0000209084	0.000000175493
2	40281483	43309589	2881	15	0.0001682760	0.000000247458
2	43309590	44313802	855	15	0.0004525784	0.000000277651
2	44313803	46482633	2026	15	0.0000134675	0.000000266866
2	46482634	47318771	799	15	0.0001028694	0.000000274855
2	47318772	48213000	531	15	0.0001578041	0.000000271060
2	48213001	50022256	1561	15	0.0000410740	0.000000247725
2	50022257	50818927	833	15	0.0001428672	0.000000183267
2	50818928	52491132	1694	15	0.0000101939	0.000000244728
2	52491133	53508451	1141	15	0.0003012627	0.000000262189
2	53508452	54685225	897	15	0.0002148738	0.000000258401
2	54685226	56203344	1244	15	0.0003292527	0.000000259882
2	56203345	57429099	994	15	0.0001341912	0.000000227428
2	57429100	58297314	675	15	-0.0000789630	0.000000140627
2	58297315	60291999	1359	15	0.0004116165	0.000000266587
2	60292000	62429043	1062	15	0.0010015587	0.000000298617
2	62429044	64625912	1156	15	-0.0001074637	0.000000238820
2	64625913	65933443	896	15	0.0005140093	0.000000283888
2	65933444	67226165	1162	15	0.0000349118	0.000000247678
2	67226166	68010175	949	15	0.0002527408	0.000000222791
2	68010176	69139563	1062	15	0.0003321567	0.000000280061
2	69139564	70755197	991	15	0.0002533167	0.000000250935
2	70755198	73174847	1826	15	0.0002484738	0.000000280453
2	73174848	75630085	1499	15	0.0001751660	0.000000277944
2	75630086	76913660	1097	15	0.0000457240	0.000000241830
2	76913661	78079263	942	15	0.0002496880	0.000000290871
2	78079264	80050402	2057	15	0.0001908989	0.000000252534
2	80050403	81620840	1153	15	0.0000767652	0.000000256403
2	81620841	85140679	2455	15	0.0004760345	0.000000262271
2	85140680	88038506	1256	15	0.0003437025	0.000000274494
2	88038507	89154525	452	15	0.0000355433	0.000000109688
2	89154526	95326451	51	5	0.0002768150	0.000000065610
2	95326452	98995200	878	15	-0.0000758200	0.000000224907
2	98995201	101822328	1934	15	0.0000813269	0.000000233947
2	101822329	102688764	614	15	0.0000621390	0.000000125122
2	102688765	103588214	982	15	0.0002424709	0.000000162504
2	103588215	105125033	811	15	-0.0001065907	0.000000163417
2	105125034	106210057	876	15	0.0000971271	0.000000228188
2	106210058	107408266	971	15	-0.0000900408	0.000000249946
2	107408267	108429176	949	15	-0.0000539213	0.000000157559
2	108429177	110572431	1169	15	0.0001398342	0.000000263090
2	110572432	113921855	1463	15	0.0008096920	0.000000290616
2	113921856	116772469	1718	15	0.0001550249	0.000000262237
2	116772470	118367465	1057	15	0.0001315928	0.000000186086
2	118367466	121303782	2077	15	0.0001237139	0.000000268488
2	121303783	123302905	1260	15	0.0001502947	0.000000285372
2	123302906	124732249	1205	15	0.0001807535	0.000000196587
2	124732250	125840920	902	15	0.0000624210	0.000000201376
2	125840921	127373763	1095	15	0.0001232935	0.000000172352
2	127373764	128034346	625	15	0.0000505731	0.000000179537
2	128034347	129474440	862	15	0.0002015596	0.000000253165
2	129474441	130067169	483	15	0.0000743512	0.000000110440
2	130067170	130658084	479	15	0.0001262162	0.000000110709
2	130658085	133042783	551	15	0.0003250376	0.000000260651
2	133042784	135158577	1783	15	0.0000939476	0.000000267515
2	135158578	137042793	872	15	0.0002209780	0.000000196947
2	137042794	138698116	1261	15	0.0002529788	0.000000276382
2	138698117	140100270	1047	15	-0.0000135540	0.000000180920
2	140100271	141805350	1430	15	0.0000633347	0.000000264525
2	141805351	142518601	728	15	0.0001484419	0.000000163359
2	142518602	144519483	1518	15	-0.0000326107	0.000000253209
2	144519484	146445569	890	15	0.0000471475	0.000000223602
2	146445570	147277161	387	15	0.0001042983	0.000000084180
2	147277162	150210291	1519	15	0.0003235486	0.000000267162
2	150210292	151731461	1065	15	0.0001107640	0.000000268402
2	151731462	152486781	584	15	0.0003208249	0.000000136545
2	152486782	154005055	1058	15	0.0002663900	0.000000255311
2	154005056	155391134	1176	15	0.0001468250	0.000000265079
2	155391135	157560634	1251	15	0.0000072159	0.000000255712
2	157560635	158533217	353	15	0.0004078312	0.000000129322
2	158533218	159577081	733	15	0.0002161873	0.000000193998
2	159577082	161769732	1407	15	0.0003129166	0.000000269776
2	161769733	163503550	731	15	-0.0000186351	0.000000151566
2	163503551	164466637	543	15	0.0001250679	0.000000121907
2	164466638	165178839	423	15	0.0000855476	0.000000103214
2	165178840	167160269	1398	15	0.0002400600	0.000000255825
2	167160270	167355969	176	13	0.0001265478	0.000000042263
2	167355970	169968235	1693	15	-0.0000813598	0.000000243856
2	169968236	171226244	1000	15	-0.0000173715	0.000000256911
2	171226245	173138904	1053	15	0.0000553069	0.000000259631
2	173138905	175588928	1660	15	0.0001250367	0.000000267073
2	175588929	177363635	1015	15	0.0000554244	0.000000262210
2	177363636	178553182	1049	15	0.0001210380	0.000000223621
2	178553183	181312738	2237	15	0.0001105980	0.000000258698
2	181312739	182266030	716	15	0.0001007242	0.000000144107
2	182266031	184357607	1338	15	0.0000251144	0.000000265776
2	184357608	185280172	636	15	0.0002087567	0.000000129478
2	185280173	189882064	2563	15	0.0000838744	0.000000260860
2	189882065	191973356	1087	15	0.0002824393	0.000000241927
2	191973357	195861163	1740	15	0.0002281425	0.000000288868
2	195861164	196447455	348	15	0.0002528497	0.000000096431
2	196447456	198078109	901	15	0.0002668493	0.000000187463
2	198078110	199311124	623	15	0.0000106459	0.000000112752
2	199311125	201576283	1273	15	-0.0000317184	0.000000240452
2	201576284	202818636	530	15	0.0000310748	0.000000155048
2	202818637	205799240	1389	15	0.0002399394	0.000000276377
2	205799241	206735703	684	15	-0.0000272056	0.000000282749
2	206735704	208645398	1206	15	0.0000780576	0.000000268479
2	208645399	209941528	742	15	0.0001341107	0.000000202577
2	209941529	212379517	1725	15	0.0002147265	0.000000259548
2	212379518	214014281	1473	15	0.0004459570	0.000000286421
2	214014282	215573794	1067	15	-0.0000446347	0.000000230611
2	215573795	217715660	1548	15	0.0000319105	0.000000272564
2	217715661	218395479	534	15	0.0003191667	0.000000196415
2	218395480	220454550	939	15	0.0002603429	0.000000300767
2	220454551	222521175	1864	15	-0.0001138706	0.000000260734
2	222521176	224859418	1718	15	0.0002327128	0.000000293640
2	224859419	225840003	762	15	0.0004532481	0.000000178668
2	225840004	228119841	1627	15	0.0003406943	0.000000280166
2	228119842	229370786	953	15	-0.0000894230	0.000000226778
2	229370787	231843388	1898	15	0.0000689982	0.000000272880
2	231843389	233550002	825	15	0.0002921975	0.000000307066
2	233550003	235150986	1489	15	0.0000082631	0.000000262452
2	235150987	236043549	795	15	-0.0000427779	0.000000298753
2	236043550	237449031	918	15	0.0000033625	0.000000263127
2	237449032	238760980	1098	15	0.0001456037	0.000000268951
2	238760981	239952642	858	15	0.0000301384	0.000000288839
2	239952643	241560083	1271	15	0.0000863098	0.000000310475
2	241560084	242149920	386	15	0.0002026886	0.000000140656
2	242149921	243188919	272	15	0.0002101390	0.000000114522
3	60157	1441778	1268	15	0.0001116322	0.000000290805
3	1441779	2992119	1748	15	0.0000071400	0.000000282432
3	2992120	4431646	1568	15	0.0000789639	0.000000288557
3	4431647	6083182	1518	15	0.0000427801	0.000000298114
3	6083183	7083386	945	15	0.0000136538	0.000000281478
3	7083387	8648560	1788	15	0.0001277196	0.000000262493
3	8648561	9543182	860	15	-0.0000273183	0.000000310563
3	9543183	11019664	1003	15	-0.0001207487	0.000000280393
3	11019665	13070798	1365	15	0.0002349781	0.000000305539
3	13070799	14816899	1482	15	0.0002431549	0.000000306232
3	14816900	16282441	1027	15	0.0000019044	0.000000281480
3	16282442	17891117	1060	15	0.0002457582	0.000000269107
3	17891118	19125143	779	15	0.0002127712	0.000000204403
3	19125144	20091347	349	15	0.0000684455	0.000000116538
3	20091348	21643706	1372	15	0.0003569183	0.000000281608
3	21643707	22204243	916	15	-0.0000619727	0.000000279521
3	22204244	23804864	1191	15	0.0000449869	0.000000261627
3	23804865	25461557	1460	15	0.0004026930	0.000000290971
3	25461558	26877768	1005	15	0.0001612751	0.000000273510
3	26877769	27840909	664	15	0.0000952482	0.000000162555
3	27840910	29142259	959	15	0.0000507186	0.000000258540
3	29142260	30717954	1389	15	0.0000237361	0.000000274765
3	30717955	32351714	1305	15	-0.0000686157	0.000000265182
3	32351715	33255591	476	15	0.0001284919	0.000000201546
3	33255592	35283457	1274	15	-0.0000945115	0.000000254744
3	35283458	36486841	905	15	0.0001546087	0.000000222675
3	36486842	38356115	1078	15	0.0002500129	0.000000286863
3	38356116	40221297	1336	15	-0.0000350977	0.000000270675
3	40221298	41064527	320	15	0.0003034912	0.000000102959
3	41064528	42540001	1042	15	0.0000733200	0.000000270936
3	42540002	45165152	1302	15	0.0002589352	0.000000280381
3	45165153	46657499	1085	15	-0.0000073835	0.000000268893
3	46657500	47727211	312	15	0.0002868530	0.000000094009
3	47727212	49316971	365	15	0.0002530955	0.000000073249
3	49316972	51832014	687	15	0.0002161227	0.000000111772
3	51832015	54081389	1041	15	0.0004660115	0.000000294707
3	54081390	55348859	1165	15	0.0001900341	0.000000283761
3	55348860	56433906	741	15	0.0002147196	0.000000222208
3	56433907	58157518	992	15	0.0002304174	0.000000268380
3	58157519	60272905	1848	15	-0.0000250239	0.000000264904
3	60272906	62355665	1849	15	-0.0000839550	0.000000267325
3	62355666	63669285	1314	15	0.0002492646	0.000000281747
3	63669286	65273537	1380	15	0.0001878172	0.000000273221
3	65273538	66270446	610	15	0.0003275380	0.000000290814
3	66270447	68286913	1424	15	0.0004678865	0.000000294208
3	68286914	69276761	717	15	0.0001049140	0.000000238382
3	69276762	70449027	872	15	0.0000130971	0.000000264471
3	70449028	72529328	1442	15	0.0001454631	0.000000275729
3	72529329	74321816	1490	15	0.0001685328	0.000000269025
3	74321817	75704948	636	15	0.0001203240	0.000000193695
3	75704949	77508834	1164	15	0.0001801513	0.000000280841
3	77508835	79024540	942	15	-0.0000707496	0.000000243498
3	79024541	81427309	1337	15	0.0000211388	0.000000221791
3	81427310	82643885	732	15	0.0000703817	0.000000130760
3	82643886	84367478	900	15	0.0000222251	0.000000167060
3	84367479	85582230	666	15	0.0000464082	0.000000122260
3	85582231	87409731	1296	15	0.0001497940	0.000000200700
3	87409732	88298372	530	15	0.0004140370	0.000000096499
3	88298373	94255315	1272	15	0.0000373777	0.000000227687
3	94255316	95311970	783	15	0.0001858155	0.000000109110
3	95311971	98215949	1629	15	-0.0000448987	0.000000249491
3	98215950	99373761	846	15	0.0001129943	0.000000173166
3	99373762	100592216	622	15	0.0001862391	0.000000138382
3	100592217	103084959	1509	15	0.0000624999	0.000000265535
3	103084960	104581612	1235	15	0.0000283709	0.000000217829
3	104581613	106982810	1683	15	0.0002161556	0.000000280871
3	106982811	109522394	1781	15	0.0003218716	0.000000273731
3	109522395	110513769	731	15	0.0001710289	0.000000120431
3	110513770	112815698	1577	15	0.0000566354	0.000000271418
3	112815699	113947862	692	15	0.0003247164	0.000000196452
3	113947863	115447079	800	15	0.0001193833	0.000000266698
3	115447080	116800152	1093	15	0.0000658171	0.000000276681
3	116800153	118530250	1388	15	0.0000427336	0.000000261260
3	118530251	120523054	1240	15	-0.0000837610	0.000000258254
3	120523055	121974096	817	15	0.0000906584	0.000000135533
3	121974097	123517767	984	15	0.0001630454	0.000000275008
3	123517768	124936641	1194	15	0.0000696015	0.000000258720
3	124936642	126214942	964	15	0.0002414071	0.000000239656
3	126214943	128194860	1290	15	0.0001532263	0.000000278368
3	128194861	130244734	809	15	0.0001496710	0.000000216154
3	130244735	131836515	1167	15	0.0000935775	0.000000234343
3	131836516	133252172	1092	15	-0.0000281621	0.000000227848
3	133252173	135456905	1692	15	0.0002895393	0.000000278059
3	135456906	137371082	891	15	0.0000924894	0.000000176703
3	137371083	139954596	1655	15	0.0002435562	0.000000259306
3	139954597	141339096	864	15	0.0005523748	0.000000285186
3	141339097	143164627	1133	15	0.0013623280	0.000000347713
3	143164628	144410815	845	15	0.0001396270	0.000000206427
3	144410816	145664618	1095	15	-0.0000122575	0.000000190332
3	145664619	146726628	893	15	0.0001443330	0.000000180423
3	146726629	149043236	1454	15	-0.0000193575	0.000000269001
3	149043237	150252003	842	15	0.0000354307	0.000000269315
3	150252004	151348729	681	15	-0.0000030909	0.000000225347
3	151348730	153256570	1311	15	0.0000702028	0.000000257082
3	153256571	154714217	998	15	0.0002537345	0.000000187141
3	154714218	156008699	711	15	-0.0000329956	0.000000186316
3	156008700	157312027	945	15	0.0000222514	0.000000200225
3	157312028	159477889	1477	15	-0.0000109865	0.000000248686
3	159477890	161524503	1278	15	0.0003297325	0.000000240566
3	161524504	163253204	1666	15	0.0001556353	0.000000212654
3	163253205	165055468	1220	15	0.0001628548	0.000000169759
3	165055469	167117428	1241	15	0.0000229351	0.000000221099
3	167117429	168580959	794	15	0.0001631417	0.000000187684
3	168580960	170964908	1438	15	0.0001091154	0.000000263507
3	170964909	172295730	950	15	-0.0000708881	0.000000285201
3	172295731	173477284	785	15	-0.0000610338	0.000000297355
3	173477285	175116538	1361	15	0.0000874877	0.000000271791
3	175116539	176320286	863	15	0.0000673643	0.000000190792
3	176320287	178107164	1152	15	-0.0000525148	0.000000271451
3	178107165	179374585	812	15	0.0002612315	0.000000215444
3	179374586	181511165	972	15	0.0002901300	0.000000257329
3	181511166	183769682	1247	15	0.0001258350	0.000000276261
3	183769683	185068254	765	15	-0.0000010930	0.000000288140
3	185068255	186890343	1068	15	0.0000761585	0.000000314505
3	186890344	188856213	1526	15	0.0001658899	0.000000288224
3	188856214	190226606	1426	15	-0.0000616690	0.000000258104
3	190226607	192343813	1664	15	-0.0000283163	0.000000267403
3	192343814	194059670	820	15	-0.0000759228	0.000000316096
3	194059671	194786673	456	15	0.0002623694	0.000000273637
3	194786674	195971407	373	15	0.0021019459	0.000000335419
3	195971408	197075986	428	15	0.0001008674	0.000000195136
3	197075987	197946621	355	15	0.0003168046	0.000000145651
4	10240	694714	204	15	0.0003314821	0.000000081888
4	694715	1478710	440	15	0.0000138878	0.000000135791
4	1478711	2842978	509	15	-0.0000010400	0.000000213423
4	2842979	3846039	524	15	0.0001747813	0.000000262874
4	3846040	4684115	473	15	0.0002432427	0.000000242105
4	4684116	5502387	716	15	0.0004283364	0.000000293592
4	5502388	6773042	1157	15	0.0001333038	0.000000341895
4	6773043	7539691	703	15	0.0002140593	0.000000353480
4	7539692	8152234	577	15	0.0000887647	0.000000302334
4	8152235	9326478	479	15	-0.0000426139	0.000000211643
4	9326479	10699151	1206	15	-0.0000573592	0.000000247276
4	10699152	12323033	1435	15	-0.0000052733	0.000000260706
4	12323034	14272000	1676	15	0.0000800522	0.000000261689
4	14272001	15147445	746	15	0.0005165784	0.000000251104
4	15147446	15927008	516	15	0.0001391514	0.000000159288
4	15927009	17383321	1283	15	0.0000685356	0.000000263869
4	17383322	18841873	965	15	-0.0000477184	0.000000255291
4	18841874	20544556	1180	15	0.0000866795	0.000000232981
4	20544557	22319346	1455	15	0.0001777842	0.000000271865
4	22319347	24135528	1307	15	0.0001179448	0.000000267928
4	24135529	25609321	1110	15	0.0000553903	0.000000280696
4	25609322	27343721	1056	15	0.0001450262	0.000000299326
4	27343722	27965867	493	15	-0.0000396733	0.000000130325
4	27965868	29762207	1449	15	0.0001912506	0.000000274137
4	29762208	30454534	396	15	0.0000259791	0.000000097544
4	30454535	31782980	961	15	-0.0000270125	0.000000260423
4	31782981	33172765	857	15	0.0000027250	0.000000187657
4	33172766	35151414	981	15	0.0001111678	0.000000151871
4	35151415	36020435	805	15	0.0003546778	0.000000165027
4	36020436	37255046	1099	15	0.0002998291	0.000000227950
4	37255047	38907021	1434	15	0.0005381802	0.000000318513
4	38907022	40202608	697	15	0.0006184963	0.000000248400
4	40202609	42213057	1315	15	0.0000982709	0.000000284657
4	42213058	43965044	1226	15	0.0000682299	0.000000252809
4	43965045	45189156	936	15	0.0001828307	0.000000167544
4	45189157	47411895	1176	15	0.0002426673	0.000000252334
4	47411896	48123599	489	15	-0.0000575354	0.000000088554
4	48123600	53877432	938	15	0.0003205946	0.000000212368
4	53877433	55429555	1030	15	0.0010301064	0.000000302225
4	55429556	56547643	787	15	0.0001104371	0.000000237583
4	56547644	58935007	1702	15	0.0001384635	0.000000275103
4	58935008	60741086	1269	15	0.0001216196	0.000000261932
4	60741087	62371762	1103	15	0.0000471114	0.000000230592
4	62371763	64341000	1131	15	0.0000621428	0.000000277110
4	64341001	66600491	1340	15	0.0001167690	0.000000279271
4	66600492	68059496	942	15	0.0001840920	0.000000220620
4	68059497	68854764	541	15	0.0000766752	0.000000129309
4	68854765	71049151	1259	15	0.0002081169	0.000000247965
4	71049152	72140557	535	15	0.0002879334	0.000000117167
4	72140558	74592389	1098	15	-0.0001276663	0.000000236296
4	74592390	77130706	1538	15	0.0001152709	0.000000265159
4	77130707	79093978	1401	15	0.0000180834	0.000000273732
4	79093979	80990296	1237	15	0.0001328771	0.000000263414
4	80990297	82125314	522	15	0.0002968660	0.000000137030
4	82125315	83372592	789	15	0.0000818187	0.000000220600
4	83372593	84799655	932	15	-0.0000091838	0.000000269452
4	84799656	86930608	1310	15	0.0000029391	0.000000265677
4	86930609	87534647	283	15	0.0002359941	0.000000066790
4	87534648	89238027	1124	15	0.0001936281	0.000000266319
4	89238028	90231563	645	15	0.0002219516	0.000000208827
4	90231564	91560676	815	15	0.0001568798	0.000000207596
4	91560677	94233298	1274	15	0.0000999372	0.000000271528
4	94233299	96182187	1330	15	0.0001716553	0.000000268527
4	96182188	97540702	1201	15	-0.0001040558	0.000000261909
4	97540703	99424066	1064	15	0.0003176901	0.000000193172
4	99424067	100678359	840	15	0.0000173984	0.000000220527
4	100678360	103221355	1719	15	0.0001438949	0.000000281011
4	103221356	105305293	1132	15	0.0000403042	0.000000232475
4	105305294	107501304	1230	15	-0.0000135678	0.000000265340
4	107501305	108815347	793	15	-0.0000042393	0.000000162109
4	108815348	111256566	1550	15	0.0001955522	0.000000270702
4	111256567	113870101	1487	15	0.0002442125	0.000000265809
4	113870102	115666245	1189	15	0.0001819913	0.000000282515
4	115666246	117276928	940	15	0.0001363759	0.000000148134
4	117276929	118479917	1070	15	0.0000943850	0.000000200884
4	118479918	119933511	1136	15	0.0000254450	0.000000194898
4	119933512	120392683	321	15	0.0001905184	0.000000065681
4	120392684	122657986	1669	15	0.0001956786	0.000000280597
4	122657987	124286480	894	15	0.0008761135	0.000000220236
4	124286481	125210861	529	15	0.0000940001	0.000000149329
4	125210862	126480885	882	15	0.0001716452	0.000000218927
4	126480886	127275476	589	15	0.0000867428	0.000000141773
4	127275477	127830292	447	15	0.0000770233	0.000000111039
4	127830293	128996664	459	15	0.0001869081	0.000000089956
4	128996665	130591884	957	15	0.0002678955	0.000000259610
4	130591885	131283820	479	15	0.0002597352	0.000000129785
4	131283821	132954032	974	15	0.0001720951	0.000000225450
4	132954033	134628433	1171	15	0.0000988442	0.000000210806
4	134628434	136566406	1199	15	0.0001742068	0.000000232608
4	136566407	138541970	1322	15	0.0000809872	0.000000277077
4	138541971	139556510	756	15	0.0003046570	0.000000219701
4	139556511	141084630	865	15	0.0000917778	0.000000291661
4	141084631	143443264	1538	15	0.0000006095	0.000000262200
4	143443265	146178186	1215	15	0.0001964767	0.000000249220
4	146178187	148521872	1248	15	-0.0000408877	0.000000260692
4	148521873	150683579	1183	15	0.0000102553	0.000000273194
4	150683580	152782183	954	15	0.0000772967	0.000000193747
4	152782184	154477640	880	15	-0.0000548258	0.000000277418
4	154477641	155056125	411	15	-0.0000660238	0.000000118880
4	155056126	157485096	1734	15	0.0001250442	0.000000288403
4	157485097	158743717	706	15	0.0000242033	0.000000179368
4	158743718	161058863	1150	15	0.0000732577	0.000000253965
4	161058864	161826434	625	15	0.0002849104	0.000000175233
4	161826435	163243678	1101	15	0.0000119956	0.000000258777
4	163243679	164478233	776	15	0.0003113199	0.000000220993
4	164478234	165823447	1001	15	-0.0000596354	0.000000269868
4	165823448	167018857	750	15	0.0002472189	0.000000279782
4	167018858	167852916	512	15	0.0002180109	0.000000119978
4	167852917	169676824	1275	15	0.0000621529	0.000000272435
4	169676825	170776509	563	15	0.0001492962	0.000000173120
4	170776510	172558634	1084	15	0.0002504701	0.000000257124
4	172558635	174264131	949	15	0.0003611807	0.000000248858
4	174264132	176570715	1402	15	-0.0000189988	0.000000287866
4	176570716	178991909	1800	15	0.0003375134	0.000000293979
4	178991910	180122042	821	15	0.0000377682	0.000000255358
4	180122043	182066806	1742	15	-0.0000212080	0.000000283811
4	182066807	183371274	1356	15	0.0000298458	0.000000274848
4	183371275	184929454	1070	15	-0.0000123861	0.000000334427
4	184929455	186909089	1528	15	-0.0000287844	0.000000297262
4	186909090	188472980	1152	15	0.0000218441	0.000000292453
4	188472981	189693510	847	15	0.0001600449	0.000000335404
4	189693511	191043593	718	15	0.0000205009	0.000000322682
5	11940	982251	453	15	0.0000831623	0.000000162813
5	982252	2132441	896	15	0.0002902630	0.000000335474
5	2132442	3361940	1676	15	-0.0000976439	0.000000284509
5	3361941	4632109	1156	15	-0.0000150395	0.000000282183
5	4632110	5973232	1511	15	0.0000723295	0.000000272588
5	5973233	7143217	1198	15	0.0002415681	0.000000284363
5	7143218	8446335	1274	15	0.0003019899	0.000000278441
5	8446336	9718831	1342	15	0.0001540170	0.000000282288
5	9718832	11173270	1440	15	0.0001629307	0.000000278959
5	11173271	13464831	1255	15	0.0001998101	0.000000275183
5	13464832	14757803	1159	15	0.0002295806	0.000000266866
5	14757804	16963612	1435	15	-0.0000066946	0.000000258397
5	16963613	18051591	587	15	-0.0000517015	0.000000209199
5	18051592	19917715	1381	15	0.0000038306	0.000000257451
5	19917716	22152072	1129	15	-0.0000057229	0.000000228188
5	22152073	23494323	954	15	-0.0001395429	0.000000190071
5	23494324	26184850	1893	15	0.0000689899	0.000000256487
5	26184851	26857603	437	15	0.0004151277	0.000000118597
5	26857604	27984512	612	15	0.0002906600	0.000000155741
5	27984513	29714819	1264	15	0.0000032873	0.000000236343
5	29714820	31390248	1452	15	0.0000244413	0.000000253406
5	31390249	33500179	1437	15	0.0002418941	0.000000282484
5	33500180	35048969	1063	15	0.0001305178	0.000000286019
5	35048970	36433953	1038	15	0.0003103183	0.000000238163
5	36433954	38802409	1554	15	0.0001687873	0.000000275505
5	38802410	40287728	1178	15	0.0000664690	0.000000231098
5	40287729	41888709	1291	15	0.0002051110	0.000000212358
5	41888710	43983498	964	15	0.0000661101	0.000000172325
5	43983499	50163397	1053	15	0.0001438214	0.000000177617
5	50163398	52134621	1394	15	0.0000683096	0.000000244901
5	52134622	53703043	1362	15	0.0002398395	0.000000257670
5	53703044	55417348	1197	15	0.0003092104	0.000000280685
5	55417349	56621101	1009	15	0.0003966482	0.000000297536
5	56621102	57340072	606	15	0.0000058983	0.000000122739
5	57340073	58524621	1205	15	-0.0000452635	0.000000247913
5	58524622	60935906	1481	15	-0.0000507052	0.000000241321
5	60935907	61672994	549	15	0.0001972474	0.000000121517
5	61672995	63218986	1093	15	0.0002087629	0.000000211433
5	63218987	63968303	373	15	0.0000199371	0.000000075471
5	63968304	65911285	1273	15	0.0001644359	0.000000260145
5	65911286	67850859	1541	15	0.0001857378	0.000000276690
5	67850860	71240455	913	15	0.0000230374	0.000000256154
5	71240456	73759325	1895	15	-0.0000395755	0.000000267758
5	73759326	75798865	1358	15	0.0000631493	0.000000272942
5	75798866	77623331	1365	15	0.0003235828	0.000000285773
5	77623332	79393143	1198	15	0.0000615626	0.000000258212
5	79393144	80481470	889	15	0.0001146989	0.000000266979
5	80481471	82025647	922	15	0.0002142957	0.000000270389
5	82025648	83972688	1080	15	-0.0000656866	0.000000268948
5	83972689	85767289	1468	15	0.0002121177	0.000000261041
5	85767290	87389990	659	15	0.0000152234	0.000000165573
5	87389991	88891529	599	15	0.0001911940	0.000000144564
5	88891530	90422653	892	15	0.0002238051	0.000000222601
5	90422654	91840541	680	15	0.0000895642	0.000000164777
5	91840542	93809983	809	15	0.0000523415	0.000000201162
5	93809984	95963518	1367	15	0.0001004893	0.000000266632
5	95963519	97315600	975	15	0.0002590038	0.000000197559
5	97315601	99260991	1186	15	0.0000946407	0.000000242890
5	99260992	101578768	1377	15	0.0000775269	0.000000252456
5	101578769	103320004	1109	15	0.0001578467	0.000000260151
5	103320005	104851482	1085	15	0.0000445857	0.000000230696
5	104851483	105893054	432	15	0.0001604107	0.000000134356
5	105893055	107264195	1197	15	0.0002896362	0.000000275435
5	107264196	108633933	935	15	0.0003153485	0.000000233910
5	108633934	110821143	1556	15	-0.0000147257	0.000000252747
5	110821144	111981561	901	15	0.0000612029	0.000000261223
5	111981562	113396284	1220	15	0.0000781735	0.000000250873
5	113396285	114830369	1157	15	0.0000992037	0.000000257560
5	114830370	115831046	921	15	0.0003227737	0.000000262533
5	115831047	117346212	1372	15	-0.0000772849	0.000000261176
5	117346213	118608819	838	15	0.0001250787	0.000000267859
5	118608820	119669041	746	15	0.0001444841	0.000000217158
5	119669042	120452165	592	15	0.0001274498	0.000000154985
5	120452166	122556904	1459	15	0.0002556538	0.000000259076
5	122556905	123798099	1032	15	0.0001736531	0.000000257148
5	123798100	125785648	1911	15	-0.0000198545	0.000000249276
5	125785649	127344603	857	15	-0.0000194073	0.000000245163
5	127344604	129519024	1617	15	-0.0000538895	0.000000255020
5	129519025	132139648	1178	15	0.0000974840	0.000000204120
5	132139649	134777400	1597	15	0.0000338796	0.000000277795
5	134777401	136376049	1258	15	-0.0000397518	0.000000244199
5	136376050	139265071	1265	15	0.0000887041	0.000000266397
5	139265072	140645970	610	15	0.0000634295	0.000000131511
5	140645971	142981247	1596	15	0.0001323416	0.000000289810
5	142981248	144943353	1489	15	0.0002654295	0.000000256078
5	144943354	147181997	1548	15	0.0001048281	0.000000261783
5	147181998	148662623	1211	15	0.0000813251	0.000000265707
5	148662624	150561297	1498	15	0.0003453469	0.000000309739
5	150561298	152867773	1878	15	0.0002626427	0.000000262568
5	152867774	153773087	967	15	0.0003091574	0.000000194862
5	153773088	155373504	1215	15	0.0002406512	0.000000287130
5	155373505	156628699	818	15	0.0000194424	0.000000194538
5	156628700	158825697	1811	15	0.0002950038	0.000000269371
5	158825698	159973943	749	15	0.0000532424	0.000000266219
5	159973944	161482132	1147	15	0.0001232427	0.000000244314
5	161482133	162743907	904	15	0.0002281039	0.000000231583
5	162743908	163771581	882	15	0.0002270221	0.000000251025
5	163771582	165642394	1243	15	0.0002167369	0.000000280291
5	165642395	166847739	897	15	0.0003601672	0.000000281074
5	166847740	168525317	1339	15	-0.0000732944	0.000000252736
5	168525318	169505663	906	15	0.0001030955	0.000000261814
5	169505664	171074291	1265	15	0.0001805010	0.000000282632
5	171074292	172678326	1179	15	-0.0000441299	0.000000267114
5	172678327	173642870	972	15	0.0001910996	0.000000277276
5	173642871	175450594	1570	15	-0.0000769251	0.000000286855
5	175450595	177251506	554	15	0.0001245982	0.000000208079
5	177251507	178413463	829	15	0.0000966034	0.000000292324
5	178413464	179401243	646	15	0.0000845395	0.000000286543
5	179401244	180559932	646	15	0.0000180821	0.000000286094
5	180559933	180885155	83	12	0.0001977970	0.000000048571
6	73924	1452361	1343	15	0.0000867087	0.000000302249
6	1452362	2458935	840	15	0.0001559942	0.000000278308
6	2458936	3573592	1077	15	-0.0000189152	0.000000289570
6	3573593	4617816	1138	15	0.0000998855	0.000000260056
6	4617817	5791471	1163	15	-0.0000671493	0.000000267503
6	5791472	6785206	1113	15	0.0001383774	0.000000270079
6	6785207	7808935	958	15	0.0004145957	0.000000308295
6	7808936	9020025	1249	15	0.0000285222	0.000000243210
6	9020026	10540316	1355	15	0.0001908531	0.000000265326
6	10540317	11790815	1052	15	0.0000636515	0.000000259531
6	11790816	13209387	1252	15	0.0003382831	0.000000276165
6	13209388	14802923	1358	15	0.0000928470	0.000000274650
6	14802924	17386404	1975	15	0.0003773723	0.000000293025
6	17386405	19207486	1500	15	0.0001114399	0.000000264427
6	19207487	21684064	2185	15	0.0003004577	0.000000289734
6	21684065	22748306	1111	15	-0.0000490821	0.000000266040
6	22748307	23936618	1192	15	0.0002334644	0.000000282329
6	23936619	24852274	768	15	0.0001260765	0.000000280935
6	24852275	25684586	951	15	0.0034353625	0.000000447071
6	25684587	26791232	910	15	0.0041486068	0.000000404865
6	26791233	28017818	565	15	0.0008662924	0.000000151211
6	28017819	28917607	591	15	0.0016770931	0.000000172056
6	28917608	29737970	938	15	0.0004671912	0.000000180904
6	29737971	30798167	1870	15	0.0005684344	0.000000284509
6	30798168	31571217	1696	15	0.0008574801	0.000000349504
6	31571218	32682663	1220	15	0.0004177311	0.000000302585
6	32682664	33236496	1255	15	0.0006333633	0.000000311252
6	33236497	35455755	1352	15	0.0006028966	0.000000307962
6	35455756	37572595	1465	15	0.0002316672	0.000000277996
6	37572596	39295676	1560	15	0.0002664314	0.000000268998
6	39295677	40345114	845	15	0.0000455942	0.000000229299
6	40345115	42038720	1381	15	0.0025071812	0.000000418115
6	42038721	43756168	751	15	-0.0000687097	0.000000275494
6	43756169	45406562	1207	15	0.0001916780	0.000000279895
6	45406563	47311897	1554	15	0.0002033583	0.000000261191
6	47311898	48391124	921	15	0.0000673462	0.000000159024
6	48391125	50386144	1519	15	0.0000570575	0.000000202096
6	50386145	52210475	1424	15	0.0001261649	0.000000259394
6	52210476	53279101	851	15	0.0002750343	0.000000241773
6	53279102	55468269	2097	15	0.0001215143	0.000000250777
6	55468270	56105312	658	15	0.0000761518	0.000000086486
6	56105313	57599464	810	15	0.0000120442	0.000000192811
6	57599465	61880511	422	15	0.0000006756	0.000000072659
6	61880512	63552887	1115	15	0.0000448138	0.000000127108
6	63552888	65765741	1274	15	0.0000913555	0.000000225289
6	65765742	67329214	1681	15	0.0001855691	0.000000269564
6	67329215	68849482	1408	15	0.0000188372	0.000000253661
6	68849483	69523447	604	15	0.0001686427	0.000000126335
6	69523448	71609509	1773	15	0.0000484172	0.000000258002
6	71609510	73450096	1556	15	0.0002389526	0.000000263806
6	73450097	75462002	1309	15	0.0000296943	0.000000265214
6	75462003	77414880	1076	15	0.0001456550	0.000000217628
6	77414881	78957727	1410	15	0.0001819030	0.000000185296
6	78957728	80691169	1372	15	0.0000343065	0.000000254725
6	80691170	81929221	1111	15	0.0001486995	0.000000132625
6	81929222	83127148	866	15	0.0004001920	0.000000197378
6	83127149	85209988	1231	15	0.0000405984	0.000000257079
6	85209989	87069499	1449	15	0.0002033756	0.000000238451
6	87069500	88822139	1256	15	0.0000968522	0.000000277289
6	88822140	89973051	915	15	0.0001405801	0.000000257555
6	89973052	91843195	1516	15	0.0002015352	0.000000276188
6	91843196	93428643	1317	15	0.0001999345	0.000000263159
6	93428644	94118141	732	15	0.0000388878	0.000000156510
6	94118142	94441174	212	11	0.0000954125	0.000000042655
6	94441175	97093510	2011	15	-0.0000227826	0.000000257048
6	97093511	97842283	579	15	0.0000150767	0.000000106368
6	97842284	100630145	1892	15	0.0002977503	0.000000259692
6	100630146	102636771	1356	15	0.0000500843	0.000000248852
6	102636772	103983394	971	15	0.0001816196	0.000000165732
6	103983395	106056732	1436	15	-0.0000368544	0.000000257092
6	106056733	107450305	1231	15	-0.0000272450	0.000000266690
6	107450306	108464379	634	15	0.0002036244	0.000000183057
6	108464380	110304246	1110	15	0.0021511982	0.000000358063
6	110304247	112345013	1226	15	0.0002021533	0.000000274362
6	112345014	114220832	1442	15	0.0000009346	0.000000250509
6	114220833	116131395	1204	15	-0.0000817426	0.000000212710
6	116131396	117672971	1081	15	0.0000984504	0.000000219540
6	117672972	118963114	889	15	-0.0000353523	0.000000162822
6	118963115	119963277	776	15	0.0000652860	0.000000151811
6	119963278	120512127	515	15	0.0002627185	0.000000085783
6	120512128	121905675	1104	15	0.0003724551	0.000000180359
6	121905676	123856180	1515	15	0.0006399081	0.000000295485
6	123856181	125424382	1308	15	0.0000585263	0.000000279957
6	125424383	127540460	1050	15	0.0000967356	0.000000259444
6	127540461	129861030	1552	15	0.0003491248	0.000000277541
6	129861031	130935453	1056	15	0.0001862449	0.000000266690
6	130935454	132765668	1419	15	0.0001038405	0.000000257568
6	132765669	134244242	1309	15	-0.0000313540	0.000000249540
6	134244243	136224176	1277	15	0.0067126706	0.000000669072
6	136224177	137614217	669	15	-0.0000646720	0.000000193289
6	137614218	138822628	972	15	0.0000296081	0.000000259981
6	138822629	139845435	730	15	0.0013831178	0.000000342347
6	139845436	142288478	1425	15	0.0005747385	0.000000279756
6	142288479	145319809	2206	15	0.0001078453	0.000000254446
6	145319810	146665423	932	15	0.0000675868	0.000000114746
6	146665424	148920351	1899	15	-0.0000738032	0.000000257483
6	148920352	150253403	1099	15	0.0003332990	0.000000277279
6	150253404	151912702	1693	15	0.0001563654	0.000000278247
6	151912703	153094495	1098	15	0.0000990811	0.000000272391
6	153094496	154974119	1852	15	0.0000518220	0.000000260940
6	154974120	156763325	1430	15	-0.0000663213	0.000000275994
6	156763326	158218718	735	15	0.0002001824	0.000000333219
6	158218719	160580496	2131	15	0.0003240995	0.000000288170
6	160580497	162169563	1463	15	0.0000224527	0.000000266676
6	162169564	162931202	736	15	0.0001501591	0.000000258134
6	162931203	164383520	1455	15	0.0001893594	0.000000277945
6	164383521	165586863	1334	15	0.0004943606	0.000000289840
6	165586864	167024732	1633	15	0.0001768413	0.000000282881
6	167024733	168042834	901	15	-0.0001308094	0.000000262374
6	168042835	169382049	1353	15	-0.0000366215	0.000000294880
6	169382050	170330172	883	15	0.0002886766	0.000000209976
6	170330173	171051269	505	15	-0.0001005692	0.000000135850
7	16161	972751	185	15	0.0002880178	0.000000135381
7	972752	1353066	162	15	0.0002806743	0.000000115578
7	1353067	2062397	284	15	0.0001150023	0.000000160534
7	2062398	2772226	384	15	0.0002225175	0.000000198048
7	2772227	4573427	1810	15	0.0000965227	0.000000280910
7	4573428	5416231	359	15	0.0003289220	0.000000258796
7	5416232	5854525	172	15	0.0003313811	0.000000102350
7	5854526	6573856	248	15	0.0000643257	0.000000122250
7	6573857	7808751	928	15	-0.0000695634	0.000000285917
7	7808752	9123422	1613	15	-0.0000161366	0.000000291754
7	9123423	9987498	914	15	0.0000687818	0.000000297844
7	9987499	11299197	1239	15	-0.0001038912	0.000000251576
7	11299198	12635460	1711	15	0.0001622702	0.000000271324
7	12635461	13884201	1401	15	0.0000708352	0.000000278388
7	13884202	15143656	1291	15	-0.0001343402	0.000000264493
7	15143657	16902068	1657	15	-0.0000145398	0.000000261702
7	16902069	19481546	2118	15	0.0000590676	0.000000274863
7	19481547	20124907	605	15	0.0000849653	0.000000174705
7	20124908	22507628	2411	15	0.0000885287	0.000000267717
7	22507629	23471441	611	15	0.0002203573	0.000000228920
7	23471442	25077258	1375	15	0.0000738762	0.000000270338
7	25077259	25909554	947	15	-0.0000303852	0.000000268403
7	25909555	28360308	2008	15	0.0001031616	0.000000279901
7	28360309	31137288	2219	15	0.0000083228	0.000000290448
7	31137289	33555767	2148	15	0.0000492849	0.000000258432
7	33555768	36213537	2130	15	0.0000240763	0.000000262129
7	36213538	37555183	1188	15	-0.0000931401	0.000000272362
7	37555184	38966702	1365	15	0.0002452749	0.000000273526
7	38966703	39862669	648	15	0.0000748877	0.000000153704
7	39862670	42001810	1344	15	0.0001129190	0.000000269109
7	42001811	43159073	896	15	0.0003299430	0.000000255681
7	43159074	44763827	989	15	0.0001795231	0.000000267166
7	44763828	45952921	732	15	0.0002962447	0.000000263172
7	45952922	46986719	1070	15	0.0000574178	0.000000218441
7	46986720	49212277	1900	15	0.0000844410	0.000000261057
7	49212278	51675321	2023	15	0.0005358916	0.000000283399
7	51675322	53176311	1658	15	0.0000370662	0.000000255754
7	53176312	54222975	931	15	0.0000176772	0.000000183153
7	54222976	55691583	1212	15	0.0002440084	0.000000282889
7	55691584	57382637	651	15	0.0000823964	0.000000162106
7	57382638	63307358	484	15	0.0000786334	0.000000150189
7	63307359	63641124	160	10	0.0000171813	0.000000035063
7	63641125	65689808	799	15	0.0001776777	0.000000159672
7	65689809	68234073	1630	15	0.0001386599	0.000000280999
7	68234074	69085363	536	15	0.0001409134	0.000000164190
7	69085364	71874884	1653	15	0.0002422332	0.000000281942
7	71874885	73334601	254	15	0.0000733109	0.000000090718
7	73334602	76458563	622	15	-0.0000997862	0.000000277801
7	76458564	78093858	1236	15	0.0002118969	0.000000274625
7	78093859	79888068	1502	15	0.0001868686	0.000000272481
7	79888069	82022685	1609	15	-0.0000646548	0.000000279066
7	82022686	83801202	1494	15	0.0001668276	0.000000269788
7	83801203	85572181	1097	15	-0.0000230828	0.000000184447
7	85572182	87825003	1260	15	-0.0000533268	0.000000230584
7	87825004	90661783	2650	15	0.0001060892	0.000000258492
7	90661784	92493751	774	15	0.0002208357	0.000000221361
7	92493752	93966600	809	15	0.0002834939	0.000000271879
7	93966601	96073507	1382	15	-0.0000741903	0.000000235908
7	96073508	97099569	641	15	0.0001598666	0.000000174167
7	97099570	98715473	865	15	0.0002894143	0.000000263699
7	98715474	100196650	401	15	0.0006904386	0.000000128330
7	100196651	101199252	415	15	0.0015620646	0.000000246477
7	101199253	103197509	741	15	0.0001975202	0.000000252807
7	103197510	104159524	983	15	0.0001019207	0.000000253386
7	104159525	105682904	880	15	0.0000047950	0.000000269579
7	105682905	107780177	1481	15	0.0001286944	0.000000285372
7	107780178	109647593	1298	15	0.0001808384	0.000000272338
7	109647594	112618683	1701	15	0.0000866555	0.000000272090
7	112618684	113712386	570	15	-0.0000506552	0.000000122607
7	113712387	116780177	1582	15	0.0000605606	0.000000263282
7	116780178	118351580	926	15	-0.0000492427	0.000000135672
7	118351581	121045272	1171	15	0.0002281340	0.000000222346
7	121045273	121933629	475	15	0.0000833589	0.000000117702
7	121933630	124156804	1657	15	0.0000284025	0.000000250380
7	124156805	124167551	10	2	0.0002244581	0.000000016507
7	124167552	126519169	1911	15	0.0003048689	0.000000272599
7	126519170	126869220	386	15	0.0000516056	0.000000066236
7	126869221	128778385	1129	15	0.0003001206	0.000000283364
7	128778386	130422413	770	15	0.0002110802	0.000000257919
7	130422414	132805847	1762	15	-0.0000461514	0.000000274383
7	132805848	134307595	1056	15	0.0002403584	0.000000204370
7	134307596	135591082	1009	15	0.0003839847	0.000000289382
7	135591083	136876561	977	15	0.0000657795	0.000000234280
7	136876562	138744678	1163	15	0.0001788565	0.000000327746
7	138744679	139933176	523	15	-0.0000428883	0.000000179569
7	139933177	140235209	183	15	0.0003581691	0.000000127858
7	140235210	141226556	539	15	-0.0000213074	0.000000132381
7	141226557	142656309	956	15	0.0000375971	0.000000213083
7	142656310	144968288	1192	15	0.0003151532	0.000000286016
7	144968289	146427959	1091	15	-0.0000075598	0.000000222652
7	146427960	147815317	1470	15	0.0001751226	0.000000266498
7	147815318	149840657	1141	15	0.0001159460	0.000000322180
7	149840658	150711504	601	15	0.0001101197	0.000000173555
7	150711505	152249805	776	15	0.0000676169	0.000000348556
7	152249806	153674018	1038	15	-0.0000421095	0.000000316296
7	153674019	154964729	1039	15	-0.0000384337	0.000000315004
7	154964730	156065249	947	15	-0.0000389659	0.000000349699
7	156065250	157634596	997	15	-0.0000223118	0.000000283876
7	157634597	159128574	932	15	-0.0000352921	0.000000303815
8	10422	1044216	744	15	0.0000798640	0.000000281041
8	1044217	1163244	133	15	0.0003270148	0.000000075977
8	1163245	2042941	801	15	-0.0000823632	0.000000317408
8	2042942	2573278	614	15	0.0000642921	0.000000293604
8	2573279	3392925	1160	15	0.0002144982	0.000000283692
8	3392926	3783016	899	15	0.0001646906	0.000000285016
8	3783017	4480475	1328	15	0.0000372991	0.000000297817
8	4480476	5146926	998	15	0.0000203298	0.000000290681
8	5146927	6142796	1816	15	0.0000599951	0.000000287587
8	6142797	7153078	976	15	0.0001899611	0.000000324802
8	7153079	9154693	1189	15	0.0000896720	0.000000283228
8	9154694	9640786	470	15	0.0001722992	0.000000168938
8	9640787	10463196	979	15	0.0000947442	0.000000284695
8	10463197	11278997	769	15	0.0000105268	0.000000257976
8	11278998	13491774	1573	15	0.0002484687	0.000000294566
8	13491775	13944991	724	15	-0.0000033938	0.000000209107
8	13944992	15991659	2325	15	0.0000296298	0.000000247568
8	15991660	17387875	1217	15	-0.0000279607	0.000000273372
8	17387876	17836398	566	15	0.0001164998	0.000000204161
8	17836399	19492839	1839	15	0.0000687680	0.000000262178
8	19492840	20060855	622	15	0.0001214304	0.000000220402
8	20060856	21661736	1605	15	0.0000451686	0.000000255319
8	21661737	22897056	753	15	0.0000936245	0.000000323280
8	22897057	24674717	1335	15	0.0001152039	0.000000277178
8	24674718	25483453	550	15	0.0001476415	0.000000142959
8	25483454	26682524	1197	15	0.0001318056	0.000000277901
8	26682525	28162391	1569	15	0.0001072633	0.000000259873
8	28162392	29327895	689	15	0.0003053951	0.000000209614
8	29327896	31133728	1102	15	0.0001894613	0.000000270071
8	31133729	31548359	290	15	0.0000815501	0.000000077671
8	31548360	32977217	1068	15	0.0002414046	0.000000242953
8	32977218	35317231	1505	15	0.0003494114	0.000000242474
8	35317232	37379388	831	15	0.0001855650	0.000000211974
8	37379389	38938805	571	15	0.0001590681	0.000000206612
8	38938806	40703336	1240	15	0.0000877603	0.000000280338
8	40703337	41721453	773	15	0.0006094740	0.000000287822
8	41721454	42773822	316	15	0.0002485762	0.000000111771
8	42773823	46841314	122	11	0.0000394608	0.000000042120
8	46841315	50082469	902	15	0.0001440100	0.000000204000
8	50082470	53302929	2315	15	0.0000807924	0.000000239061
8	53302930	54418043	859	15	-0.0000483046	0.000000173641
8	54418044	55945580	1064	15	0.0000588317	0.000000226561
8	55945581	56956382	755	15	-0.0000647944	0.000000163095
8	56956383	59068650	1671	15	0.0000755355	0.000000253261
8	59068651	59728099	644	15	0.0001100705	0.000000145492
8	59728100	62329098	1834	15	0.0001624815	0.000000254596
8	62329099	63349305	782	15	0.0003341384	0.000000151377
8	63349306	65232871	1323	15	0.0001365888	0.000000227749
8	65232872	66489089	760	15	0.0002297793	0.000000191584
8	66489090	69863056	1835	15	-0.0000749715	0.000000257470
8	69863057	70867978	925	15	0.0000373155	0.000000257267
8	70867979	72289453	1015	15	0.0000181318	0.000000208726
8	72289454	73817198	1547	15	0.0000743632	0.000000252312
8	73817199	75445063	1211	15	0.0000120758	0.000000257858
8	75445064	76456541	722	15	-0.0000323495	0.000000128984
8	76456542	79132860	1915	15	0.0001325719	0.000000253782
8	79132861	81956394	1606	15	0.0000375935	0.000000253702
8	81956395	82693738	529	15	0.0005271168	0.000000151619
8	82693739	84225588	1205	15	-0.0000845448	0.000000175905
8	84225589	85955618	989	15	0.0000717076	0.000000177769
8	85955619	87411708	536	15	0.0006462581	0.000000131813
8	87411709	89085480	1133	15	0.0000381265	0.000000226883
8	89085481	90638161	996	15	0.0001003192	0.000000189274
8	90638162	93554385	1594	15	0.0000333670	0.000000235010
8	93554386	95005526	798	15	0.0001070951	0.000000209111
8	95005527	96534805	1212	15	0.0000067441	0.000000263322
8	96534806	99401580	2168	15	0.0000841195	0.000000255716
8	99401581	101620957	844	15	0.0004203428	0.000000197582
8	101620958	104123305	1958	15	0.0002348319	0.000000277101
8	104123306	104988751	732	15	0.0000927607	0.000000101660
8	104988752	107410753	1870	15	0.0001042377	0.000000241132
8	107410754	108648176	1159	15	0.0001532813	0.000000208971
8	108648177	109248172	516	15	0.0001898099	0.000000085952
8	109248173	110484313	984	15	0.0001640577	0.000000148365
8	110484314	111850846	760	15	0.0000897267	0.000000125992
8	111850847	113064319	781	15	0.0001459311	0.000000097675
8	113064320	116096494	2238	15	0.0002680504	0.000000252920
8	116096495	119685456	2638	15	-0.0000488363	0.000000244673
8	119685457	121201699	1264	15	-0.0000438144	0.000000237147
8	121201700	124861458	2777	15	0.0000882886	0.000000258320
8	124861459	125683718	617	15	0.0001972629	0.000000180836
8	125683719	126410916	498	15	0.0003329797	0.000000163604
8	126410917	128659110	1895	15	0.0001498259	0.000000272823
8	128659111	130381138	1528	15	0.0000507277	0.000000252459
8	130381139	131639624	985	15	0.0004213887	0.000000272443
8	131639625	133351143	1671	15	0.0002090309	0.000000266295
8	133351144	134570000	1423	15	0.0002709962	0.000000262787
8	134570001	136035604	1631	15	-0.0001266628	0.000000239454
8	136035605	137524150	1301	15	0.0002519533	0.000000250496
8	137524151	139254829	1822	15	0.0000568532	0.000000253800
8	139254830	140725642	1492	15	0.0000914008	0.000000274411
8	140725643	143044913	1590	15	0.0002570730	0.000000294730
8	143044914	144236880	764	15	0.0000618279	0.000000248183
8	144236881	146303866	632	15	0.0003551831	0.000000285082
9	10023	1079706	1085	15	0.0000426316	0.000000273984
9	1079707	1916876	1244	15	0.0002182395	0.000000277260
9	1916877	3190063	1527	15	0.0000992886	0.000000298319
9	3190064	4495327	1424	15	0.0001396523	0.000000286485
9	4495328	4884925	449	15	0.0016287094	0.000000291033
9	4884926	6557588	1112	15	0.0003369871	0.000000273674
9	6557589	7154922	613	15	0.0000669601	0.000000234419
9	7154923	8456298	1870	15	0.0002376551	0.000000303475
9	8456299	9166402	793	15	0.0002993856	0.000000327815
9	9166403	10879252	2095	15	0.0003230996	0.000000310681
9	10879253	12276488	1468	15	-0.0000468667	0.000000273050
9	12276489	14836362	2627	15	-0.0000243268	0.000000288810
9	14836363	16659654	1696	15	-0.0000869097	0.000000265125
9	16659655	18661050	2106	15	0.0001176616	0.000000264749
9	18661051	20463533	1662	15	0.0000662807	0.000000281499
9	20463534	22206558	1490	15	0.0002234401	0.000000269975
9	22206559	24158517	1419	15	0.0000687971	0.000000280788
9	24158518	25330809	735	15	0.0001666777	0.000000279949
9	25330810	26111756	623	15	0.0001061567	0.000000293235
9	26111757	28224282	2010	15	0.0000973406	0.000000259375
9	28224283	28811583	581	15	0.0003568547	0.000000195280
9	28811584	30387391	1586	15	0.0001687999	0.000000261311
9	30387392	31310382	850	15	0.0000987814	0.000000163749
9	31310383	32019367	661	15	0.0003071188	0.000000122480
9	32019368	33578333	1331	15	0.0002556238	0.000000274212
9	33578334	34642242	595	15	0.0002277751	0.000000114656
9	34642243	36743282	1066	15	0.0001840755	0.000000278366
9	36743283	38641598	1446	15	0.0000031769	0.000000270993
9	38641599	65472189	204	15	-0.0000845541	0.000000097970
9	65472190	72512710	1163	15	0.0000531529	0.000000252797
9	72512711	72753754	231	15	0.0001293569	0.000000046395
9	72753755	74253039	1275	15	0.0001818425	0.000000258833
9	74253040	76203945	1277	15	0.0002121828	0.000000248483
9	76203946	76973080	545	15	-0.0000080786	0.000000088234
9	76973081	78900182	1755	15	-0.0000305226	0.000000264192
9	78900183	79471207	529	15	0.0000963962	0.000000203929
9	79471208	81079054	1191	15	-0.0000244873	0.000000251942
9	81079055	82590927	1332	15	-0.0000429703	0.000000251551
9	82590928	84211232	1737	15	0.0000363445	0.000000255102
9	84211233	85440800	670	15	0.0000829914	0.000000228989
9	85440801	86938195	1337	15	-0.0000468861	0.000000252033
9	86938196	88109332	1011	15	0.0001628922	0.000000248546
9	88109333	88590416	208	15	-0.0000581496	0.000000051461
9	88590417	90136245	1255	15	0.0000603115	0.000000256440
9	90136246	92528697	1779	15	0.0002749547	0.000000293438
9	92528698	94167202	1311	15	0.0000003589	0.000000276525
9	94167203	96671697	1710	15	0.0002594298	0.000000278039
9	96671698	98922039	1329	15	0.0001045720	0.000000263269
9	98922040	101592858	1675	15	0.0001341077	0.000000266715
9	101592859	104624436	2233	15	-0.0000940643	0.000000248234
9	104624437	105967975	1589	15	0.0000980421	0.000000264771
9	105967976	107581748	1734	15	0.0004735590	0.000000268425
9	107581749	109298753	1308	15	0.0002080886	0.000000300626
9	109298754	110695061	1131	15	0.0000757667	0.000000298891
9	110695062	112778023	2384	15	0.0000743191	0.000000254350
9	112778024	114831081	1887	15	0.0003088569	0.000000283542
9	114831082	115693144	719	15	0.0002745449	0.000000153434
9	115693145	117019800	1241	15	0.0003255282	0.000000312374
9	117019801	117921959	932	15	0.0003949373	0.000000291756
9	117921960	121321536	3199	15	0.0002964450	0.000000270036
9	121321537	122260296	825	15	0.0000017523	0.000000199919
9	122260297	124871321	1672	15	0.0000203617	0.000000263058
9	124871322	126971886	1285	15	0.0000227983	0.000000299542
9	126971887	129059664	998	15	0.0000048849	0.000000251476
9	129059665	130055509	651	15	-0.0000198817	0.000000194487
9	130055510	132165469	985	15	0.0000735017	0.000000280465
9	132165470	133223216	631	15	0.0000778345	0.000000255881
9	133223217	134127887	581	15	0.0001305584	0.000000276335
9	134127888	135298841	784	15	0.0000779406	0.000000266974
9	135298842	137041121	1260	15	0.0004506931	0.000000355883
9	137041122	137589363	395	15	-0.0001072931	0.000000214043
9	137589364	138938977	1203	15	0.0000295835	0.000000333698
9	138938978	139500341	239	15	-0.0000216509	0.000000126272
9	139500342	141144795	454	15	-0.0000319919	0.000000245547
10	60523	751338	250	15	0.0001766837	0.000000116071
10	751339	1523543	654	15	0.0000532532	0.000000234611
10	1523544	2254499	976	15	0.0001250132	0.000000280174
10	2254500	3352698	1343	15	-0.0000381920	0.000000280764
10	3352699	4572273	1295	15	0.0002756773	0.000000283387
10	4572274	5983761	1479	15	-0.0000558249	0.000000274092
10	5983762	7171483	1293	15	0.0001387436	0.000000297947
10	7171484	8774664	1680	15	0.0002379460	0.000000294980
10	8774665	10249395	1283	15	0.0000157900	0.000000260768
10	10249396	12586796	2066	15	0.0000404301	0.000000277271
10	12586797	13321599	801	15	0.0001171142	0.000000311278
10	13321600	15026067	1715	15	0.0000604215	0.000000271289
10	15026068	16551766	1172	15	0.0001144517	0.000000281537
10	16551767	18537266	1589	15	0.0002355687	0.000000289367
10	18537267	19716877	1324	15	0.0001225042	0.000000276097
10	19716878	22772282	2123	15	0.0002279379	0.000000284109
10	22772283	23175131	284	15	0.0000363789	0.000000083074
10	23175132	25578595	1623	15	0.0002553320	0.000000287489
10	25578596	26888683	1343	15	0.0000724995	0.000000270282
10	26888684	29323235	2042	15	0.0000026135	0.000000271142
10	29323236	29783691	556	15	0.0000117103	0.000000179931
10	29783692	30458837	742	15	0.0000881997	0.000000250302
10	30458838	31907518	1086	15	0.0002165623	0.000000273395
10	31907519	33707967	1398	15	0.0003109636	0.000000271416
10	33707968	35109354	1076	15	0.0002600920	0.000000267959
10	35109355	36572507	950	15	0.0001046326	0.000000228433
10	36572508	37790028	792	15	0.0001655369	0.000000177701
10	37790029	42372578	610	15	0.0000951347	0.000000061623
10	42372579	43894770	740	15	0.0002062652	0.000000202336
10	43894771	44730074	724	15	0.0002237664	0.000000166811
10	44730075	48760449	1551	15	0.0013579271	0.000000358182
10	48760450	50840914	1356	15	0.0000971238	0.000000285456
10	50840915	53616628	1533	15	0.0002484288	0.000000293729
10	53616629	55103571	1565	15	0.0000607183	0.000000276794
10	55103572	57031139	2045	15	-0.0000288699	0.000000269632
10	57031140	57662145	537	15	-0.0000002669	0.000000074054
10	57662146	58959527	1293	15	-0.0000006710	0.000000138540
10	58959528	60289986	1190	15	0.0002644007	0.000000204382
10	60289987	61891408	1206	15	0.0000940673	0.000000271589
10	61891409	62659678	687	15	0.0001637626	0.000000168799
10	62659679	63341694	349	15	0.0000250050	0.000000087165
10	63341695	65794113	1851	15	0.0000355112	0.000000265609
10	65794114	67549614	1318	15	0.0000364162	0.000000244353
10	67549615	69900147	2093	15	0.0000282219	0.000000255273
10	69900148	70195990	206	15	0.0000433291	0.000000051283
10	70195991	72220849	1609	15	0.0000066885	0.000000286174
10	72220850	73508511	1425	15	-0.0000444481	0.000000290695
10	73508512	75422549	749	15	0.0002341330	0.000000175373
10	75422550	78706813	1677	15	0.0003017441	0.000000268495
10	78706814	80876748	1989	15	0.0000858252	0.000000275096
10	80876749	82414678	1050	15	0.0001524438	0.000000280892
10	82414679	84383744	1654	15	0.0000387801	0.000000256324
10	84383745	85458702	1194	15	-0.0000167055	0.000000188966
10	85458703	87937576	2279	15	0.0004062133	0.000000273513
10	87937577	89127063	521	15	0.0001463907	0.000000161736
10	89127064	91013380	1470	15	0.0001220045	0.000000272288
10	91013381	92006580	872	15	-0.0000053071	0.000000210437
10	92006581	93335046	1037	15	0.0001405543	0.000000235911
10	93335047	95396367	1236	15	0.0001369422	0.000000274536
10	95396368	96221242	551	15	0.0000522788	0.000000143113
10	96221243	97822356	1095	15	0.0001265054	0.000000228453
10	97822357	100241301	1581	15	0.0001460272	0.000000287102
10	100241302	100668399	356	15	0.0000064725	0.000000069133
10	100668400	102949238	1372	15	0.0003918645	0.000000289927
10	102949239	104380409	523	15	0.0004916865	0.000000130652
10	104380410	106695047	1438	15	0.0007175366	0.000000282548
10	106695048	108726685	1658	15	0.0001819642	0.000000262021
10	108726686	110317704	1512	15	0.0001720444	0.000000265731
10	110317705	112561492	1665	15	-0.0000011919	0.000000253628
10	112561493	115328431	2048	15	0.0000360607	0.000000273194
10	115328432	116421405	958	15	0.0000386834	0.000000277913
10	116421406	119523933	2126	15	0.0001724133	0.000000273612
10	119523934	120591352	812	15	-0.0000293043	0.000000271356
10	120591353	122407322	1344	15	-0.0001080094	0.000000263513
10	122407323	123231464	766	15	0.0000388090	0.000000234095
10	123231465	123900544	523	15	0.0000523497	0.000000187268
10	123900545	125869345	1583	15	-0.0000016478	0.000000277216
10	125869346	128001097	1898	15	0.0003078476	0.000000288552
10	128001098	129154361	997	15	0.0000961970	0.000000277655
10	129154362	130844283	1797	15	0.0000425616	0.000000306893
10	130844284	131741326	877	15	0.0000439519	0.000000294071
10	131741327	132580244	933	15	0.0001099118	0.000000277323
10	132580245	134336328	1843	15	0.0000314872	0.000000306944
10	134336329	134494672	59	6	0.0001917660	0.000000030527
10	134494673	135523864	503	15	-0.0000923945	0.000000217784
11	70855	1213589	435	15	0.0000973693	0.000000237908
11	1213590	3665480	1614	15	0.0001350389	0.000000352527
11	3665481	4746708	904	15	0.0002483535	0.000000286917
11	4746709	6322868	2247	15	-0.0000071962	0.000000266715
11	6322869	7436700	1064	15	0.0000435911	0.000000268588
11	7436701	8333273	883	15	0.0000064262	0.000000279209
11	8333274	9087316	526	15	-0.0000139414	0.000000154627
11	9087317	10952026	1233	15	0.0002122236	0.000000261017
11	10952027	12564228	2070	15	0.0001024288	0.000000276697
11	12564229	13373123	823	15	-0.0000426266	0.000000213700
11	13373124	15742551	1698	15	-0.0000209320	0.000000242291
11	15742552	17578401	1181	15	0.0002117903	0.000000256713
11	17578402	19569534	1571	15	0.0001161457	0.000000275803
11	19569535	21017137	1452	15	-0.0000689565	0.000000265679
11	21017138	22374141	1248	15	0.0000645000	0.000000268651
11	22374142	24088516	1565	15	0.0000492509	0.000000258138
11	24088517	26045752	1838	15	-0.0000235308	0.000000269649
11	26045753	27020460	851	15	0.0001386428	0.000000197223
11	27020461	28481592	791	15	0.0001623486	0.000000167989
11	28481593	30141356	1017	15	0.0003241854	0.000000229611
11	30141357	32276900	1356	15	0.0000987019	0.000000253814
11	32276901	33958738	1064	15	0.0003604986	0.000000276123
11	33958739	35502604	1632	15	0.0000796404	0.000000260206
11	35502605	37116814	1415	15	0.0001247479	0.000000265185
11	37116815	39382002	1536	15	0.0002528698	0.000000242090
11	39382003	42310002	2309	15	-0.0000931474	0.000000240739
11	42310003	44693798	2011	15	-0.0000714176	0.000000253663
11	44693799	47006136	1370	15	0.0001961814	0.000000266833
11	47006137	49866049	1134	15	0.0003955856	0.000000186253
11	49866050	54695472	492	12	0.0004628018	0.000000082990
11	54695473	55082656	43	5	0.0001859786	0.000000024311
11	55082657	58457494	2835	15	0.0006978775	0.000000273097
11	58457495	58780548	194	10	0.0001862324	0.000000040645
11	58780549	62223770	1833	15	0.0003167897	0.000000288609
11	62223771	63804568	483	15	0.0003475280	0.000000167343
11	63804569	65898630	810	15	0.0001625902	0.000000287158
11	65898631	68005824	536	15	0.0007550109	0.000000226570
11	68005825	69516129	920	15	0.0000786382	0.000000299023
11	69516130	70926291	915	15	0.0001612347	0.000000307118
11	70926292	72286016	664	15	0.0001477292	0.000000205725
11	72286017	74412350	1043	15	0.0003417104	0.000000270333
11	74412351	76797208	1357	15	-0.0001033702	0.000000257949
11	76797209	78355057	845	15	0.0000230945	0.000000210147
11	78355058	80722372	2160	15	0.0000642936	0.000000272965
11	80722373	81266711	669	15	0.0000399019	0.000000173185
11	81266712	84381271	2686	15	0.0001786736	0.000000264526
11	84381272	86619300	1587	15	0.0000926473	0.000000252089
11	86619301	87430234	776	15	0.0001405090	0.000000165736
11	87430235	89208935	1240	15	0.0000313003	0.000000260352
11	89208936	90966489	1053	15	0.0002080611	0.000000186678
11	90966490	92077143	863	15	-0.0000143690	0.000000167773
11	92077144	93276156	849	15	-0.0000785363	0.000000189998
11	93276157	94242259	596	15	-0.0000315560	0.000000117283
11	94242260	95726040	1184	15	0.0002166385	0.000000288382
11	95726041	97057057	1008	15	0.0001088214	0.000000286654
11	97057058	98705064	1438	15	0.0003775090	0.000000283330
11	98705065	100417168	1853	15	-0.0000129684	0.000000254453
11	100417169	101331120	990	15	0.0005714303	0.000000241071
11	101331121	103959635	2546	15	0.0001109863	0.000000258152
11	103959636	104873283	691	15	0.0001196272	0.000000098046
11	104873284	106520893	1192	15	0.0003485190	0.000000234939
11	106520894	107844199	1039	15	0.0000558414	0.000000274148
11	107844200	108437036	231	14	0.0005795133	0.000000074487
11	108437037	109866115	767	15	0.0001534328	0.000000217092
11	109866116	111114396	1032	15	0.0001736174	0.000000244071
11	111114397	112459487	731	15	0.0001653093	0.000000177442
11	112459488	114257727	1562	15	0.0000299456	0.000000271688
11	114257728	114830665	532	15	0.0001547826	0.000000118999
11	114830666	116383347	1222	15	0.0002800235	0.000000280650
11	116383348	117747109	1097	15	0.0003516768	0.000000320503
11	117747110	119215475	884	15	0.0000443693	0.000000276453
11	119215476	120766805	1152	15	-0.0000238801	0.000000287216
11	120766806	121175942	418	15	0.0001130290	0.000000103186
11	121175943	122591909	966	15	0.0000722958	0.000000264159
11	122591910	123500116	697	15	0.0002567290	0.000000293347
11	123500117	124495527	1054	15	0.0002088747	0.000000189573
11	124495528	126311319	1460	15	0.0000566060	0.000000262429
11	126311320	127316678	1079	15	0.0000700520	0.000000264588
11	127316679	128188536	665	15	0.0002722154	0.000000186655
11	128188537	130342574	1554	15	0.0002575575	0.000000298871
11	130342575	131074611	761	15	0.0000905699	0.000000271650
11	131074612	133000045	2079	15	0.0000537402	0.000000281671
11	133000046	134205992	949	15	-0.0000897417	0.000000275888
11	134205993	134946451	885	15	-0.0000250861	0.000000305630
12	61107	1080330	568	15	0.0001276536	0.000000264999
12	1080331	2544785	894	15	-0.0000015252	0.000000293736
12	2544786	3677036	920	15	0.0000447423	0.000000296608
12	3677037	4417678	671	15	0.0005730873	0.000000326602
12	4417679	5321471	904	15	0.0000878016	0.000000263933
12	5321472	6419752	1045	15	0.0001271884	0.000000279589
12	6419753	8377535	904	15	0.0001003788	0.000000323267
12	8377536	9031394	277	15	0.0002052809	0.000000149832
12	9031395	10481533	1123	15	0.0003084080	0.000000283269
12	10481534	11754845	809	15	0.0000314734	0.000000218239
12	11754846	12733527	766	15	0.0001650890	0.000000291434
12	12733528	15241483	2006	15	0.0001261101	0.000000265715
12	15241484	16310459	498	15	0.0000789012	0.000000154431
12	16310460	18087872	1347	15	0.0000488594	0.000000251391
12	18087873	20863942	2332	15	0.0002613002	0.000000277131
12	20863943	23820633	2219	15	0.0001359548	0.000000262308
12	23820634	25371082	1494	15	0.0000166409	0.000000263811
12	25371083	27799772	2185	15	0.0004531902	0.000000278727
12	27799773	29651254	1609	15	0.0000437610	0.000000255722
12	29651255	30512405	1225	15	0.0001279392	0.000000271614
12	30512406	32165591	1415	15	0.0000488544	0.000000275370
12	32165592	33076988	872	15	-0.0000132319	0.000000224533
12	33076989	37856716	1126	15	-0.0000224728	0.000000158521
12	37856717	39227168	527	15	0.0000253400	0.000000081625
12	39227169	40816184	1356	15	-0.0000619376	0.000000213684
12	40816185	41658585	854	15	0.0001272539	0.000000153161
12	41658586	43984473	2193	15	0.0000938131	0.000000249013
12	43984474	46024228	1140	15	-0.0000567376	0.000000195333
12	46024229	47714792	966	15	0.0005616546	0.000000287868
12	47714793	49001865	1082	15	0.0001556148	0.000000275100
12	49001866	51776493	1077	15	0.0001309230	0.000000288436
12	51776494	53039003	1146	15	-0.0000405390	0.000000273015
12	53039004	54778822	1037	15	0.0005165528	0.000000318810
12	54778823	55665836	615	15	0.0000026278	0.000000179528
12	55665837	57548859	708	15	0.0001379835	0.000000238510
12	57548860	59308665	896	15	-0.0000235617	0.000000216273
12	59308666	61123728	1134	15	0.0000356087	0.000000219114
12	61123729	64032460	2429	15	0.0000453814	0.000000270165
12	64032461	65559694	754	15	0.0003647160	0.000000252091
12	65559695	67181143	1049	15	0.0000759035	0.000000266527
12	67181144	67909728	725	15	0.0001353896	0.000000143782
12	67909729	69826541	1531	15	0.0000272728	0.000000287018
12	69826542	70957986	1150	15	-0.0001017521	0.000000230076
12	70957987	72645074	1224	15	0.0003087664	0.000000294326
12	72645075	73818453	764	15	0.0001327737	0.000000168960
12	73818454	76511313	1830	15	-0.0000040132	0.000000262975
12	76511314	78570569	1690	15	0.0000475592	0.000000279529
12	78570570	80448149	958	15	0.0000868312	0.000000260708
12	80448150	81467766	759	15	0.0002101043	0.000000147553
12	81467767	83502665	1352	15	0.0000792307	0.000000265185
12	83502666	84303843	662	15	0.0001303551	0.000000111798
12	84303844	85990425	1093	15	0.0001251230	0.000000166263
12	85990426	89682121	2038	15	0.0001646941	0.000000255423
12	89682122	92066154	1573	15	0.0000856657	0.000000265664
12	92066155	94514566	1847	15	-0.0000475126	0.000000284648
12	94514567	96020784	1223	15	0.0000284967	0.000000278659
12	96020785	97108838	889	15	0.0001038119	0.000000278491
12	97108839	99305986	1813	15	-0.0001391621	0.000000253756
12	99305987	101447640	1427	15	0.0000681083	0.000000277050
12	101447641	101862689	287	15	0.0002827596	0.000000096362
12	101862690	102964985	644	15	0.0002778120	0.000000207699
12	102964986	104848695	1541	15	0.0000719943	0.000000269473
12	104848696	106436212	1541	15	-0.0000065493	0.000000263110
12	106436213	106958747	427	15	0.0003378653	0.000000155254
12	106958748	109025900	1438	15	0.0002142508	0.000000278488
12	109025901	110336718	742	15	0.0001829486	0.000000223553
12	110336719	113263517	720	15	0.0001365614	0.000000190862
12	113263518	113986708	399	15	0.0002802126	0.000000154408
12	113986709	115036601	1090	15	0.0000920981	0.000000266839
12	115036602	115503215	389	15	0.0002519195	0.000000143190
12	115503216	117087470	1317	15	0.0000285784	0.000000273097
12	117087471	118135374	833	15	0.0000278271	0.000000282330
12	118135375	119754109	1292	15	-0.0000512397	0.000000278089
12	119754110	122007650	1186	15	0.0009005641	0.000000321951
12	122007651	124977979	1167	15	-0.0000867229	0.000000270397
12	124977980	126445504	1196	15	0.0001909789	0.000000326052
12	126445505	127875097	1417	15	0.0000656910	0.000000289889
12	127875098	129237296	1424	15	0.0000190605	0.000000330086
12	129237297	130377920	1279	15	0.0000427509	0.000000287437
12	130377921	131786750	1461	15	0.0000214262	0.000000313009
12	131786751	132807033	671	15	0.0000870026	0.000000246120
12	132807034	133841510	339	15	0.0001619423	0.000000136932
13	19020013	20686719	787	15	0.0001395868	0.000000237892
13	20686720	22242173	1149	15	-0.0000174150	0.000000272411
13	22242174	23594701	1310	15	0.0000906713	0.000000309013
13	23594702	24531936	1031	15	0.0001856432	0.000000281057
13	24531937	25784361	1230	15	0.0003052935	0.000000295897
13	25784362	27284361	1160	15	0.0001087881	0.000000273542
13	27284362	29257550	1635	15	0.0002227881	0.000000297875
13	29257551	30483266	1074	15	-0.0000031760	0.000000269717
13	30483267	32301814	1551	15	0.0000757411	0.000000300885
13	32301815	33776902	1216	15	0.0001914645	0.000000271152
13	33776903	35026463	1012	15	0.0000660952	0.000000244013
13	35026464	36046366	485	15	0.0001970594	0.000000143754
13	36046367	37498184	1304	15	0.0003720475	0.000000288991
13	37498185	38878162	1439	15	0.0000158164	0.000000243794
13	38878163	41069262	1874	15	0.0001304029	0.000000279042
13	41069263	43101026	1308	15	0.0001937876	0.000000260356
13	43101027	44901408	1652	15	0.0000785207	0.000000257084
13	44901409	46495213	985	15	0.0002176715	0.000000291944
13	46495214	47431078	717	15	0.0002566776	0.000000194835
13	47431079	49383961	1419	15	0.0002252591	0.000000265894
13	49383962	51591090	1448	15	0.0002277423	0.000000274129
13	51591091	53339621	712	15	0.0002163199	0.000000263587
13	53339622	54682863	1185	15	0.0003581168	0.000000270934
13	54682864	55817130	883	15	0.0001216490	0.000000165737
13	55817131	57554216	969	15	-0.0000314713	0.000000117342
13	57554217	58410625	563	15	-0.0000154135	0.000000080923
13	58410626	59302270	695	15	-0.0000902631	0.000000097412
13	59302271	60854777	1323	15	0.0000691737	0.000000257965
13	60854778	61591948	707	15	0.0001110727	0.000000160019
13	61591949	63971558	1959	15	0.0002238089	0.000000276926
13	63971559	65200601	1103	15	0.0000034516	0.000000149326
13	65200602	67844452	1735	15	0.0001399999	0.000000257349
13	67844453	70724515	2660	15	0.0000011735	0.000000253790
13	70724516	71526790	736	15	0.0000346256	0.000000234991
13	71526791	73934088	1830	15	0.0000274116	0.000000278671
13	73934089	75670142	1489	15	0.0001321734	0.000000279315
13	75670143	77410554	1680	15	0.0001680540	0.000000256664
13	77410555	78808812	1014	15	0.0001958411	0.000000218189
13	78808813	80585675	1272	15	0.0001390043	0.000000267192
13	80585676	82581813	1611	15	0.0001381980	0.000000267426
13	82581814	84133143	1161	15	0.0001116013	0.000000178007
13	84133144	85610915	1116	15	0.0000008001	0.000000218725
13	85610916	88559881	2216	15	0.0000411584	0.000000256506
13	88559882	90521310	1361	15	0.0001863446	0.000000228054
13	90521311	93129690	2150	15	0.0001838129	0.000000269434
13	93129691	93586454	297	15	0.0000729032	0.000000082229
13	93586455	96087557	2207	15	-0.0000672597	0.000000275037
13	96087558	97519209	782	15	0.0000365141	0.000000181503
13	97519210	98938918	861	15	0.0000221375	0.000000278917
13	98938919	100574094	1534	15	0.0002558402	0.000000270276
13	100574095	102300522	1537	15	-0.0000570702	0.000000248002
13	102300523	104066709	1888	15	0.0001406385	0.000000270531
13	104066710	104844113	758	15	0.0002502781	0.000000209699
13	104844114	106247553	1468	15	0.0000669101	0.000000279017
13	106247554	106749999	613	15	0.0000956033	0.000000173630
13	106750000	108189876	1276	15	0.0001260951	0.000000286458
13	108189877	109121209	949	15	0.0002917674	0.000000299084
13	109121210	109815111	763	15	0.0001006768	0.000000209833
13	109815112	111232072	1389	15	0.0001950753	0.000000311285
13	111232073	112247591	879	15	0.0000215951	0.000000287171
13	112247592	113572487	973	15	0.0002604947	0.000000310034
13	113572488	115109852	729	15	0.0001505229	0.000000333851
14	19002084	21589401	1095	15	-0.0000519147	0.000000343152
14	21589402	23018664	1493	15	-0.0000155906	0.000000270238
14	23018665	24905122	1216	15	0.0000482427	0.000000312566
14	24905123	26135685	1295	15	0.0001289836	0.000000262517
14	26135686	28466532	1653	15	0.0000554457	0.000000273178
14	28466533	29972144	913	15	-0.0000021654	0.000000221453
14	29972145	32383264	1248	15	-0.0000088186	0.000000272276
14	32383265	34846250	2245	15	0.0000063823	0.000000288862
14	34846251	35859592	485	15	0.0004009416	0.000000156974
14	35859593	38667724	1673	15	0.0000722519	0.000000262678
14	38667725	40341989	1194	15	-0.0000803806	0.000000244095
14	40341990	41615501	1122	15	0.0000858970	0.000000151986
14	41615502	43137388	1005	15	-0.0000166611	0.000000188164
14	43137389	44543226	974	15	0.0001609754	0.000000236085
14	44543227	46081895	814	15	-0.0000442322	0.000000178035
14	46081896	46749129	539	15	0.0000018065	0.000000074223
14	46749130	48573585	1571	15	0.0001356639	0.000000249326
14	48573586	49005470	296	15	0.0000154461	0.000000056115
14	49005471	50507759	1005	15	0.0001362468	0.000000255202
14	50507760	51493571	703	15	0.0004319114	0.000000221757
14	51493572	53474382	1655	15	-0.0000699715	0.000000252568
14	53474383	53997830	412	15	0.0001425433	0.000000087842
14	53997831	55233680	800	15	0.0002308046	0.000000270696
14	55233681	56216879	580	15	0.0000532502	0.000000118364
14	56216880	57481261	1328	15	0.0001029454	0.000000257081
14	57481262	59448335	1483	15	0.0002630804	0.000000265538
14	59448336	61680423	1430	15	0.0002657754	0.000000249113
14	61680424	63790014	1667	15	0.0000191889	0.000000247231
14	63790015	65220297	686	15	0.0001784960	0.000000183741
14	65220298	66399554	775	15	0.0004527517	0.000000236593
14	66399555	67992316	719	15	0.0000565140	0.000000138253
14	67992317	71131956	2280	15	0.0002818884	0.000000275212
14	71131957	72889614	1463	15	0.0001111522	0.000000252367
14	72889615	76444766	2121	15	0.0006002755	0.000000298903
14	76444767	77229471	630	15	0.0000000035	0.000000235535
14	77229472	78561944	1123	15	0.0002091352	0.000000270504
14	78561945	80186578	1235	15	0.0001923982	0.000000259073
14	80186579	81579713	1180	15	0.0002336885	0.000000250732
14	81579714	83138096	1065	15	0.0002807562	0.000000273675
14	83138097	84241632	958	15	0.0000701434	0.000000231105
14	84241633	85746318	1169	15	0.0001624699	0.000000257178
14	85746319	86647001	655	15	0.0001042232	0.000000176540
14	86647002	87635340	739	15	0.0000511355	0.000000184284
14	87635341	89497642	1353	15	0.0002059498	0.000000264751
14	89497643	91296859	1329	15	0.0001283391	0.000000275119
14	91296860	93132298	1310	15	0.0000174906	0.000000271136
14	93132299	94325284	783	15	0.0000354710	0.000000246231
14	94325285	95750866	1591	15	-0.0000435691	0.000000278646
14	95750867	96262414	701	15	0.0003212805	0.000000277775
14	96262415	98341161	1606	15	0.0001941306	0.000000296836
14	98341162	99138531	877	15	0.0001096943	0.000000191458
14	99138532	101534306	1637	15	0.0001627661	0.000000299058
14	101534307	103012101	765	15	0.0002238554	0.000000329020
14	103012102	105001722	942	15	0.0002694416	0.000000300039
14	105001723	106340357	302	15	-0.0000581684	0.000000136967
14	106340358	107289453	283	15	0.0005273242	0.000000191220
15	20001200	21131603	36	6	0.0001909810	0.000000077766
15	21131604	24195126	603	15	0.0001528106	0.000000279744
15	24195127	25108589	661	15	0.0000052414	0.000000163567
15	25108590	27298111	1749	15	0.0000513580	0.000000301539
15	27298112	29338501	1071	15	0.0000675694	0.000000279052
15	29338502	30165567	608	15	0.0002267997	0.000000205944
15	30165568	31591820	536	15	0.0000156586	0.000000197311
15	31591821	32441810	506	15	0.0000809622	0.000000143211
15	32441811	34015424	1343	15	0.0001898109	0.000000274867
15	34015425	35083250	754	15	-0.0001019075	0.000000246954
15	35083251	37456501	1919	15	0.0000394946	0.000000273838
15	37456502	38530776	748	15	0.0002666887	0.000000245639
15	38530777	40384131	1646	15	0.0000606298	0.000000264527
15	40384132	41177513	412	15	0.0002772513	0.000000139793
15	41177514	42776398	780	15	0.0001055512	0.000000243486
15	42776399	44198048	428	15	0.0000824934	0.000000093252
15	44198049	46618786	993	15	0.0001924670	0.000000260946
15	46618787	48136047	1351	15	-0.0000253507	0.000000233991
15	48136048	50008042	957	15	0.0001321014	0.000000204304
15	50008043	51677559	1138	15	0.0001808005	0.000000249605
15	51677560	53069095	793	15	0.0000901883	0.000000194862
15	53069096	54508527	1387	15	0.0001506238	0.000000254220
15	54508528	55136268	588	15	0.0001227886	0.000000176455
15	55136269	56901772	1113	15	0.0002172349	0.000000276706
15	56901773	58441365	1248	15	0.0002499937	0.000000281895
15	58441366	59694115	941	15	0.0000323188	0.000000274220
15	59694116	61265835	1223	15	-0.0000178767	0.000000272703
15	61265836	63215221	1683	15	0.0000269660	0.000000271012
15	63215222	65104667	920	15	-0.0001143371	0.000000259041
15	65104668	67094766	1042	15	0.0006660014	0.000000314236
15	67094767	69017998	1317	15	0.0003811558	0.000000282090
15	69017999	70133340	564	15	0.0000319881	0.000000194483
15	70133341	71922648	1259	15	0.0001529020	0.000000280657
15	71922649	73628713	748	15	0.0001525757	0.000000155982
15	73628714	76398623	1011	15	0.0008766721	0.000000309082
15	76398624	78516052	1097	15	0.0001694059	0.000000260630
15	78516053	80860977	1905	15	0.0003467992	0.000000272570
15	80860978	84260467	1529	15	0.0000788720	0.000000262605
15	84260468	86652904	1643	15	0.0002084323	0.000000265370
15	86652905	88369942	1510	15	0.0001330557	0.000000265130
15	88369943	90475550	1293	15	-0.0000836631	0.000000268037
15	90475551	92164391	1182	15	0.0001384102	0.000000283646
15	92164392	93780901	1425	15	0.0002835624	0.000000298585
15	93780902	94924329	1186	15	-0.0000193350	0.000000307174
15	94924330	96141595	1116	15	-0.0000524227	0.000000267745
15	96141596	98030909	1398	15	0.0002403809	0.000000304024
15	98030910	99244058	1125	15	-0.0000467766	0.000000293099
15	99244059	100636846	1081	15	0.0001514925	0.000000302162
15	100636847	101552693	715	15	0.0000173089	0.000000296733
15	101552694	102520965	744	15	-0.0000761909	0.000000306865
16	60054	1207205	480	15	0.0009342401	0.000000390794
16	1207206	2764828	629	15	0.0000631614	0.000000293396
16	2764829	4001195	480	15	0.0002489792	0.000000269664
16	4001196	5118344	601	15	0.0000119180	0.000000324395
16	5118345	5891579	750	15	0.0002094385	0.000000314822
16	5891580	6893550	1262	15	0.0000227701	0.000000283638
16	6893551	7529120	933	15	0.0001409475	0.000000275260
16	7529121	8338518	1061	15	0.0001286422	0.000000286135
16	8338519	9799418	1376	15	0.0002275126	0.000000288026
16	9799419	10426031	765	15	-0.0000882505	0.000000197124
16	10426032	11520160	810	15	0.0002128683	0.000000301474
16	11520161	12613097	726	15	0.0000524780	0.000000283475
16	12613098	13154436	656	15	0.0000981365	0.000000211283
16	13154437	14464001	1095	15	-0.0000385364	0.000000253732
16	14464002	16154059	441	15	0.0000409962	0.000000190363
16	16154060	17644748	701	15	0.0000386046	0.000000299244
16	17644749	18643606	364	15	-0.0000089313	0.000000117769
16	18643607	20150570	805	15	0.0002093539	0.000000299199
16	20150571	22448903	772	15	0.0000161276	0.000000227909
16	22448904	24136874	962	15	-0.0000008293	0.000000280688
16	24136875	25986861	1374	15	0.0001792711	0.000000289929
16	25986862	27445754	1232	15	-0.0000246772	0.000000277255
16	27445755	29036612	534	15	0.0004091844	0.000000182382
16	29036613	31382942	467	15	0.0004167917	0.000000223690
16	31382943	46399472	248	15	0.0002093193	0.000000091374
16	46399473	49007925	607	15	0.0001427700	0.000000139687
16	49007926	52035822	2020	15	0.0002735605	0.000000285709
16	52035823	53382571	905	15	-0.0000017281	0.000000220229
16	53382572	55903773	2188	15	0.0000669223	0.000000277891
16	55903774	57664329	1169	15	0.0000206519	0.000000282042
16	57664330	59045404	902	15	0.0000644790	0.000000291815
16	59045405	60745693	1145	15	0.0001410593	0.000000277165
16	60745694	62229848	821	15	0.0000812479	0.000000176718
16	62229849	63691588	1026	15	-0.0000370233	0.000000266822
16	63691589	65938565	1757	15	-0.0000397151	0.000000250965
16	65938566	68841362	1185	15	0.0005458241	0.000000295850
16	68841363	71054027	625	15	0.0002350473	0.000000224570
16	71054028	72935149	768	15	-0.0000984215	0.000000219103
16	72935150	74971502	1295	15	0.0001443290	0.000000308260
16	74971503	75977953	460	15	0.0004408172	0.000000179074
16	75977954	77523677	1478	15	-0.0000407310	0.000000263549
16	77523678	78456291	1178	15	0.0000574128	0.000000278828
16	78456292	79134814	984	15	-0.0000326075	0.000000288751
16	79134815	80297373	1357	15	0.0001301830	0.000000275132
16	80297374	81772535	1453	15	0.0000965984	0.000000291785
16	81772536	82747727	1047	15	0.0000258359	0.000000298134
16	82747728	83477207	1088	15	-0.0000088670	0.000000263414
16	83477208	84445882	1309	15	-0.0000701306	0.000000296048
16	84445883	85148684	843	15	0.0000876494	0.000000337628
16	85148685	86156598	876	15	0.0001732114	0.000000367387
16	86156599	86815410	905	15	-0.0001406187	0.000000296220
16	86815411	87647348	672	15	0.0002602416	0.000000332485
16	87647349	89041164	674	15	0.0003895087	0.000000432772
16	89041165	90292811	555	15	0.0003580770	0.000000278213
17	56	1172398	532	15	0.0000792403	0.000000420244
17	1172399	1928730	428	15	0.0002004324	0.000000244178
17	1928731	3702311	1129	15	-0.0000236389	0.000000293124
17	3702312	4696260	605	15	0.0001224338	0.000000344890
17	4696261	5741333	778	15	0.0000814226	0.000000240958
17	5741334	7317397	1114	15	-0.0000271116	0.000000335899
17	7317398	8306424	452	15	-0.0000644006	0.000000203792
17	8306425	9965920	1238	15	-0.0000607041	0.000000293124
17	9965921	11102814	919	15	0.0001424669	0.000000299364
17	11102815	12534768	1039	15	0.0000940524	0.000000287371
17	12534769	13180371	591	15	0.0001276663	0.000000229344
17	13180372	13894636	726	15	0.0000799707	0.000000298612
17	13894637	15019096	1304	15	-0.0000977320	0.000000272793
17	15019097	16412341	604	15	0.0001600084	0.000000230588
17	16412342	18856319	1045	15	0.0000160028	0.000000282132
17	18856320	21290356	741	15	0.0010847558	0.000000296454
17	21290357	27334243	1062	15	0.0004071995	0.000000302877
17	27334244	29786490	768	15	0.0003753089	0.000000197171
17	29786491	31538424	1002	15	0.0000035531	0.000000273109
17	31538425	32912797	1617	15	0.0001211710	0.000000265705
17	32912798	34469035	970	15	-0.0000921164	0.000000273778
17	34469036	36809343	862	15	-0.0000683483	0.000000295265
17	36809344	38877403	721	15	0.0001890878	0.000000266204
17	38877404	39899809	697	15	-0.0000255948	0.000000186744
17	39899810	41772086	541	15	0.0003051974	0.000000156514
17	41772087	43056904	558	15	0.0001199319	0.000000165195
17	43056905	45876021	1244	15	0.0003359769	0.000000260811
17	45876022	47517399	907	15	0.0001623815	0.000000244144
17	47517400	49898956	1360	15	0.0000820065	0.000000299001
17	49898957	50719054	610	15	0.0000746404	0.000000119883
17	50719055	51826117	859	15	0.0004063733	0.000000171471
17	51826118	53599431	1241	15	0.0000730637	0.000000269228
17	53599432	55357540	1203	15	0.0000237371	0.000000279728
17	55357541	57487511	1143	15	0.0002746097	0.000000300251
17	57487512	59312754	419	15	0.0004334982	0.000000115485
17	59312755	61545588	822	15	0.0003814408	0.000000306355
17	61545589	63148127	523	15	-0.0000070803	0.000000155789
17	63148128	64800429	1372	15	-0.0000209760	0.000000267900
17	64800430	67858769	1794	15	-0.0000789652	0.000000281101
17	67858770	69387816	1390	15	0.0003876683	0.000000273344
17	69387817	72672202	2612	15	0.0000148848	0.000000299436
17	72672203	74375559	688	15	0.0000547264	0.000000277063
17	74375560	76263412	1299	15	-0.0000539176	0.000000341515
17	76263413	77298635	762	15	0.0000991827	0.000000353100
17	77298636	78837587	1035	15	0.0000077415	0.000000317717
17	78837588	80034407	458	15	0.0001821363	0.000000262530
17	80034408	81194907	554	15	-0.0000091461	0.000000191895
18	10644	912485	721	15	0.0000953686	0.000000319387
18	912486	1942910	840	15	0.0000496652	0.000000210912
18	1942911	3891657	1561	15	-0.0000244875	0.000000302026
18	3891658	5834179	1610	15	0.0000835367	0.000000305094
18	5834180	7090484	1091	15	0.0001291146	0.000000314894
18	7090485	8498930	1106	15	0.0000441389	0.000000286849
18	8498931	11075912	2384	15	-0.0000510010	0.000000294525
18	11075913	11905439	567	15	0.0000050460	0.000000236877
18	11905440	14440798	1439	15	0.0000605610	0.000000298438
18	14440799	19485843	359	15	0.0000651187	0.000000111996
18	19485844	20649471	670	15	0.0005008775	0.000000183522
18	20649472	22996650	1518	15	0.0001300356	0.000000256116
18	22996651	24026190	664	15	0.0004330995	0.000000197338
18	24026191	25927681	1560	15	0.0002196607	0.000000276347
18	25927682	26875586	663	15	0.0004323993	0.000000128917
18	26875587	27866477	723	15	0.0000283068	0.000000135966
18	27866478	30264065	1877	15	0.0000993759	0.000000263338
18	30264066	31780066	875	15	0.0000817485	0.000000164915
18	31780067	33861963	1371	15	0.0001233385	0.000000259975
18	33861964	35075249	915	15	0.0001792993	0.000000271876
18	35075250	36365489	1101	15	0.0000879655	0.000000219520
18	36365490	37684366	832	15	0.0001416110	0.000000156161
18	37684367	39892647	1833	15	0.0001927927	0.000000261480
18	39892648	42922105	2192	15	-0.0000447945	0.000000246485
18	42922106	44299245	1225	15	0.0010129217	0.000000324227
18	44299246	45939731	1139	15	-0.0000418144	0.000000264261
18	45939732	47730583	1378	15	0.0000129992	0.000000272000
18	47730584	51062184	2557	15	0.0001991270	0.000000262758
18	51062185	51554174	483	15	-0.0000435331	0.000000063642
18	51554175	55213837	2239	15	0.0000578654	0.000000256828
18	55213838	56530219	1110	15	0.0002146609	0.000000288925
18	56530220	57630482	1072	15	0.0000407474	0.000000267317
18	57630483	59020750	1013	15	0.0001250841	0.000000240665
18	59020751	60277714	1202	15	0.0000409544	0.000000260118
18	60277715	61820251	1213	15	0.0000427853	0.000000268197
18	61820252	63463401	1294	15	0.0000379711	0.000000250857
18	63463402	64252800	753	15	0.0001233648	0.000000128089
18	64252801	66125816	1763	15	0.0000672738	0.000000264310
18	66125817	67175819	758	15	0.0000581633	0.000000224810
18	67175820	68621178	992	15	0.0003184699	0.000000314999
18	68621179	69621617	958	15	0.0000925619	0.000000271030
18	69621618	71038473	1301	15	0.0001042901	0.000000284228
18	71038474	71971461	1034	15	0.0000348001	0.000000298352
18	71971462	73526986	1369	15	0.0000515650	0.000000267507
18	73526987	74813814	1150	15	-0.0000534032	0.000000276955
18	74813815	75976316	1224	15	0.0002761046	0.000000298169
18	75976317	77149990	991	15	0.0000148361	0.000000290145
18	77149991	78017157	532	15	0.0002595271	0.000000217082
19	80840	610728	154	15	0.0001298177	0.000000179574
19	610729	2098395	536	15	-0.0000971775	0.000000662044
19	2098396	3019659	421	15	-0.0000160660	0.000000266284
19	3019660	4348966	547	15	0.0002966858	0.000000485183
19	4348967	5811851	672	15	0.0014370934	0.000000495623
19	5811852	6684884	355	15	-0.0000959099	0.000000199035
19	6684885	8347512	913	15	0.0000303794	0.000000382549
19	8347513	9238392	431	15	0.0002341688	0.000000167227
19	9238393	11284027	822	15	0.0001412953	0.000000294714
19	11284028	13471126	760	15	0.0015225465	0.000000394164
19	13471127	14486346	372	15	-0.0000278981	0.000000192460
19	14486347	15648609	585	15	0.0000045579	0.000000247256
19	15648610	16374415	695	15	0.0004954883	0.000000213260
19	16374416	18409861	918	15	0.0002274418	0.000000367250
19	18409862	19877470	536	15	0.0000056722	0.000000202081
19	19877471	20905756	368	15	-0.0000068880	0.000000128157
19	20905757	22732895	951	15	0.0001674457	0.000000212198
19	22732896	23467745	351	15	0.0002569814	0.000000091362
19	23467746	28557892	806	15	0.0003506013	0.000000170600
19	28557893	29790946	1232	15	0.0000082860	0.000000244784
19	29790947	30727953	719	15	0.0004671437	0.000000259547
19	30727954	32746519	1250	15	0.0000882236	0.000000269377
19	32746520	34262951	964	15	0.0006172050	0.000000327081
19	34262952	36469294	1157	15	0.0000251701	0.000000320805
19	36469295	37527032	478	15	0.0000290720	0.000000099474
19	37527033	40170618	1128	15	-0.0000128424	0.000000273073
19	40170619	40984600	328	15	0.0002793066	0.000000119112
19	40984601	42131572	504	15	-0.0000467610	0.000000234619
19	42131573	43862454	518	15	0.0001719664	0.000000211206
19	43862455	44744107	538	15	0.0002242842	0.000000159123
19	44744108	46102696	658	15	0.0000651409	0.000000299959
19	46102697	47150081	489	15	0.0002482044	0.000000262217
19	47150082	49282226	997	15	0.0002048359	0.000000357942
19	49282227	51532566	1055	15	0.0000373413	0.000000396482
19	51532567	52985289	1198	15	0.0001246878	0.000000328624
19	52985290	54602361	1047	15	-0.0000945683	0.000000445934
19	54602362	55728079	625	15	0.0000539920	0.000000433595
19	55728080	57521334	1162	15	-0.0000742768	0.000000357562
19	57521335	59118838	879	15	0.0004075304	0.000000292878
20	60479	697599	442	15	0.0000121887	0.000000248260
20	697600	2469500	1867	15	0.0000664352	0.000000299021
20	2469501	3828412	936	15	0.0002848014	0.000000294474
20	3828413	5477849	1498	15	0.0001006287	0.000000307466
20	5477850	7084072	1560	15	-0.0000195364	0.000000275462
20	7084073	8117010	1062	15	0.0001548178	0.000000211292
20	8117011	9730920	1584	15	-0.0000104652	0.000000260608
20	9730921	11249535	1516	15	-0.0000147759	0.000000288797
20	11249536	12447498	1127	15	0.0001100109	0.000000282223
20	12447499	13689863	1173	15	0.0003513085	0.000000310768
20	13689864	15958358	2065	15	0.0002244795	0.000000294066
20	15958359	17487231	1877	15	-0.0000758720	0.000000274592
20	17487232	18972202	1224	15	0.0001739725	0.000000304250
20	18972203	20959709	1792	15	0.0000455266	0.000000295199
20	20959710	22491455	908	15	0.0002935396	0.000000223041
20	22491456	23293789	853	15	0.0000523915	0.000000208011
20	23293790	24717723	1187	15	0.0001793597	0.000000293624
20	24717724	25344230	611	15	0.0001756861	0.000000118650
20	25344231	31614822	1188	15	0.0005432122	0.000000312692
20	31614823	32813440	479	15	0.0000153559	0.000000136801
20	32813441	34960445	794	15	0.0001896131	0.000000183056
20	34960446	36909529	933	15	-0.0000447500	0.000000283790
20	36909530	38436760	1106	15	0.0001324068	0.000000278733
20	38436761	39610855	970	15	0.0001065934	0.000000291279
20	39610856	40585688	571	15	0.0004557192	0.000000191461
20	40585689	41615459	1062	15	0.0001280391	0.000000289352
20	41615460	42680175	723	15	0.0003324873	0.000000304603
20	42680176	44839055	1459	15	0.0001462382	0.000000293972
20	44839056	47199979	1972	15	0.0002595956	0.000000307251
20	47199980	49239657	1476	15	0.0000889630	0.000000289398
20	49239658	52472548	2603	15	-0.0000165364	0.000000289294
20	52472549	54055265	1363	15	-0.0000520764	0.000000288394
20	54055266	56447958	2256	15	0.0003679520	0.000000332483
20	56447959	58406571	1592	15	0.0000022817	0.000000324898
20	58406572	59561723	1088	15	0.0002090206	0.000000303219
20	59561724	61301854	1432	15	0.0000210811	0.000000363069
20	61301855	62190179	547	15	-0.0000033428	0.000000335326
20	62190180	62965162	395	15	0.0006086752	0.000000219761
21	9411243	15950981	640	15	0.0001613271	0.000000273951
21	15950982	18053164	1387	15	0.0001745369	0.000000283743
21	18053165	19480374	967	15	-0.0000380218	0.000000285807
21	19480375	20962338	1363	15	0.0002823149	0.000000296066
21	20962339	22072763	908	15	0.0002359765	0.000000290768
21	22072764	23362874	1214	15	0.0002698174	0.000000289385
21	23362875	24696230	917	15	0.0002985717	0.000000264052
21	24696231	26469121	1535	15	0.0001811538	0.000000272902
21	26469122	27271018	479	15	0.0001681293	0.000000133230
21	27271019	29125225	1781	15	0.0001425307	0.000000270051
21	29125226	31197024	1580	15	0.0000409506	0.000000258883
21	31197025	32668641	1102	15	-0.0000329473	0.000000185853
21	32668642	34376998	1144	15	0.0001612203	0.000000274668
21	34376999	35225464	492	15	0.0001611948	0.000000175721
21	35225465	36524372	1067	15	-0.0000009349	0.000000280097
21	36524373	37870778	992	15	0.0000512844	0.000000251755
21	37870779	38711703	621	15	0.0000517421	0.000000175532
21	38711704	40482901	1639	15	0.0000470566	0.000000272467
21	40482902	41389526	959	15	0.0001850795	0.000000278137
21	41389527	43321527	1804	15	0.0000254791	0.000000291995
21	43321528	44506267	1252	15	0.0000622192	0.000000301431
21	44506268	46177104	1066	15	-0.0000130836	0.000000305491
21	46177105	47492225	947	15	0.0002088954	0.000000300782
21	47492226	48119751	420	15	0.0000056438	0.000000131732
22	16050408	17674294	423	15	-0.0001021644	0.000000176193
22	17674295	18296087	442	15	-0.0000263979	0.000000196591
22	18296088	19912357	1010	15	0.0001224483	0.000000320823
22	19912358	22357324	1054	15	0.0008126999	0.000000363624
22	22357325	23712646	827	15	0.0000219005	0.000000344101
22	23712647	24984203	684	15	0.0001522860	0.000000239083
22	24984204	26791627	1430	15	-0.0000086713	0.000000306288
22	26791628	27834751	1370	15	0.0000838341	0.000000299746
22	27834752	29651798	1043	15	-0.0000732946	0.000000272720
22	29651799	31439917	1008	15	0.0002056173	0.000000261718
22	31439918	32664985	602	15	0.0002430477	0.000000166797
22	32664986	34494913	1808	15	0.0008083288	0.000000329278
22	34494914	35530984	1191	15	0.0000782140	0.000000245833
22	35530985	37570268	1633	15	0.0028395729	0.000000483552
22	37570269	39307893	955	15	0.0001310494	0.000000294495
22	39307894	40545796	623	15	0.0000861314	0.000000266080
22	40545797	42690817	861	15	0.0003943489	0.000000201099
22	42690818	43714199	778	15	0.0003137797	0.000000313079
22	43714200	44995307	1351	15	0.0000224981	0.000000288475
22	44995308	46470494	1202	15	0.0001439896	0.000000321728
22	46470495	47596317	925	15	0.0000178613	0.000000290631
22	47596318	48903702	1608	15	0.0002352167	0.000000306918
22	48903703	49824533	1373	15	-0.0001017577	0.000000316011
22	49824534	51243297	766	15	0.0011827815	0.000000377915
