chr	start	end	num_snp	k	local_h2g	var
1	10583	1892606	182	14	-0.0001834835	0.000000167793
1	1892607	3582735	847	14	0.0000803030	0.000000547470
1	3582736	4380810	580	14	-0.0000210942	0.000000365181
1	4380811	5913892	1938	14	0.0000286416	0.000000414305
1	5913893	7247334	760	14	0.0000009785	0.000000389758
1	7247335	9365198	1326	14	0.0001190078	0.000000423663
1	9365199	10806983	566	14	0.0003759140	0.000000329434
1	10806984	11777840	429	14	0.0000446229	0.000000309344
1	11777841	12779465	476	14	-0.0000241463	0.000000351749
1	12779466	14891510	1248	14	0.0000189321	0.000000419698
1	14891511	16897729	1200	14	-0.0000163279	0.000000440412
1	16897730	18662898	1196	14	0.0000000771	0.000000431206
1	18662899	20469148	1291	14	-0.0000228073	0.000000450383
1	20469149	21736587	829	14	0.0001737679	0.000000400102
1	21736588	23086882	976	14	-0.0000251392	0.000000429580
1	23086883	23920589	370	14	0.0000721630	0.000000169206
1	23920590	25516844	941	14	0.0003416916	0.000000451605
1	25516845	27401866	686	14	0.0001408341	0.000000289222
1	27401867	30161880	991	14	0.0000526023	0.000000421295
1	30161881	32438684	1975	14	0.0001209515	0.000000413569
1	32438685	34799757	1226	14	0.0001353244	0.000000411807
1	34799758	37549182	1042	14	-0.0000469998	0.000000430777
1	37549183	38731846	639	14	-0.0000651456	0.000000319431
1	38731847	40200566	773	14	0.0000817666	0.000000426396
1	40200567	41975326	1042	14	0.0001934010	0.000000407385
1	41975327	43758456	1150	14	0.0000178168	0.000000387937
1	43758457	44969182	648	14	0.0002082577	0.000000265191
1	44969183	46899500	832	14	0.0006059870	0.000000277025
1	46899501	48002575	546	14	0.0000439392	0.000000193178
1	48002576	48978187	579	14	0.0001258306	0.000000278330
1	48978188	49894176	472	14	0.0002930560	0.000000190256
1	49894177	51713725	497	14	0.0001488036	0.000000143682
1	51713726	54226261	1009	14	0.0006730686	0.000000444013
1	54226262	56413116	1517	14	0.0000111309	0.000000418102
1	56413117	57021727	543	14	0.0001244247	0.000000182944
1	57021728	58865398	1625	14	-0.0000628037	0.000000409898
1	58865399	59890408	808	14	0.0001722945	0.000000306921
1	59890409	61922364	1254	14	0.0000601094	0.000000419111
1	61922365	63455088	1021	14	0.0000092836	0.000000431496
1	63455089	65041703	1386	14	0.0000574583	0.000000401661
1	65041704	66939403	1376	14	-0.0000028619	0.000000375557
1	66939404	68477894	1388	14	0.0001823244	0.000000397340
1	68477895	69687615	789	14	-0.0001422297	0.000000307574
1	69687616	71372469	1164	14	-0.0000546711	0.000000408336
1	71372470	71684404	182	13	0.0000210314	0.000000047798
1	71684405	74326906	1638	14	-0.0000788558	0.000000373512
1	74326907	76728134	1716	14	-0.0000641330	0.000000383427
1	76728135	79661197	2038	14	-0.0000492445	0.000000411871
1	79661198	81354190	1242	14	0.0000335892	0.000000405280
1	81354191	83991747	2259	14	-0.0000404588	0.000000423096
1	83991748	84844494	587	14	-0.0001715996	0.000000185974
1	84844495	86454750	1328	14	0.0000915949	0.000000414178
1	86454751	88128630	1184	14	-0.0000358412	0.000000416686
1	88128631	90066302	1053	14	-0.0000366104	0.000000392378
1	90066303	91886316	1093	14	0.0002480954	0.000000437730
1	91886317	93536458	1098	14	0.0000467096	0.000000361874
1	93536459	94506190	546	14	0.0000389423	0.000000163371
1	94506191	96150892	1171	14	0.0001579371	0.000000423809
1	96150893	97885248	1180	14	0.0002478143	0.000000399574
1	97885249	99800603	1321	14	-0.0000411098	0.000000399452
1	99800604	100826404	672	14	-0.0000219180	0.000000197306
1	100826405	102041015	922	14	0.0000399288	0.000000327022
1	102041016	102898744	702	14	0.0001220395	0.000000234639
1	102898745	103914210	624	14	0.0003555661	0.000000152825
1	103914211	106087841	1297	14	-0.0000149747	0.000000416969
1	106087842	108409664	1717	14	-0.0000644032	0.000000413206
1	108409665	110303930	1090	14	0.0000648315	0.000000453700
1	110303931	111741736	1024	14	0.0000085682	0.000000441786
1	111741737	113273305	1369	14	0.0000977574	0.000000422335
1	113273306	114873844	929	14	-0.0000770276	0.000000421389
1	114873845	115880592	604	14	0.0000681443	0.000000229819
1	115880593	118839066	1734	14	0.0000120414	0.000000422044
1	118839067	144977493	1242	14	0.0004470703	0.000000421893
1	144977494	148361252	847	14	0.0001803054	0.000000348799
1	148361253	151538880	574	14	0.0004348167	0.000000230287
1	151538881	153180828	1046	14	0.0000655309	0.000000300113
1	153180829	154770402	804	14	0.0007304173	0.000000407548
1	154770403	156336132	486	14	0.0004123822	0.000000286726
1	156336133	158027411	1236	14	0.0003268986	0.000000446451
1	158027412	159913047	1396	14	0.0002295212	0.000000452494
1	159913048	162346720	1651	14	0.0001499485	0.000000440578
1	162346721	165191701	2524	14	-0.0000434106	0.000000411950
1	165191702	166460516	1064	14	-0.0000280942	0.000000413244
1	166460517	169086323	2134	14	0.0000381245	0.000000439915
1	169086324	170557775	1422	14	-0.0001288968	0.000000352417
1	170557776	173097906	1776	14	0.0007071369	0.000000459092
1	173097907	175089767	774	14	0.0000764973	0.000000202147
1	175089768	177433380	1641	14	0.0002920002	0.000000431913
1	177433381	178944308	976	14	0.0000570250	0.000000340940
1	178944309	178954469	3	1	-0.0000158876	0.000000005108
1	178954470	181144120	1569	14	-0.0000202695	0.000000391747
1	181144121	182755355	1158	14	0.0000873404	0.000000423748
1	182755356	184595512	1343	14	0.0000260198	0.000000416660
1	184595513	186810022	957	14	0.0001494556	0.000000369748
1	186810023	188759944	1597	14	0.0000509101	0.000000409535
1	188759945	189904129	658	14	0.0000187325	0.000000140240
1	189904130	191868929	1589	14	0.0000609294	0.000000357093
1	191868930	194107441	1419	14	0.0001288487	0.000000425799
1	194107442	196176200	1694	14	0.0000766770	0.000000408040
1	196176201	197311513	515	14	0.0002292442	0.000000145830
1	197311514	199239883	1085	14	-0.0000390572	0.000000388408
1	199239884	200137648	678	14	0.0002475200	0.000000257107
1	200137649	201589974	1291	14	0.0001871351	0.000000437525
1	201589975	203334733	1097	14	-0.0000605073	0.000000449628
1	203334734	204681067	891	14	-0.0000331795	0.000000430422
1	204681068	206073264	1092	14	0.0000982668	0.000000430771
1	206073265	208410363	1242	14	-0.0000406786	0.000000411582
1	208410364	210787749	1829	14	0.0000709395	0.000000419849
1	210787750	212842329	1344	14	0.0000793787	0.000000418315
1	212842330	214578265	1136	14	0.0003097091	0.000000447252
1	214578266	216243633	1332	14	0.0002397267	0.000000410833
1	216243634	218705512	2394	14	0.0001170966	0.000000401437
1	218705513	219590570	692	14	0.0001321042	0.000000241375
1	219590571	221858230	1587	14	0.0001496703	0.000000402990
1	221858231	222230219	352	14	0.0000966383	0.000000143447
1	222230220	224938519	1124	14	0.0001626940	0.000000490597
1	224938520	226810859	970	14	0.0001253430	0.000000435951
1	226810860	229156247	1524	14	0.0001822646	0.000000442239
1	229156248	230685254	958	14	0.0003009131	0.000000481025
1	230685255	232090251	1103	14	0.0006649129	0.000000488366
1	232090252	233429283	1172	14	0.0001407471	0.000000451320
1	233429284	234599433	1097	14	-0.0000050569	0.000000446414
1	234599434	235819435	758	14	0.0001739210	0.000000488108
1	235819436	237555627	1427	14	-0.0000314317	0.000000431059
1	237555628	238567806	928	14	0.0001277558	0.000000434862
1	238567807	239925313	1159	14	-0.0000026431	0.000000407585
1	239925314	240564090	701	14	0.0000500122	0.000000327017
1	240564091	241582219	981	14	0.0000422800	0.000000477667
1	241582220	242071601	404	14	0.0000960602	0.000000205742
1	242071602	244109498	1218	14	-0.0000158762	0.000000429243
1	244109499	245506745	967	14	-0.0000420244	0.000000472208
1	245506746	247344517	1484	14	0.0001431745	0.000000461892
1	247344518	249239465	894	14	-0.0001208370	0.000000430825
2	10133	1781021	1410	14	-0.0000943122	0.000000397861
2	1781022	3973778	1900	14	0.0000574567	0.000000422943
2	3973779	5708336	1459	14	-0.0000386980	0.000000396225
2	5708337	6836253	1310	14	0.0000717894	0.000000393294
2	6836254	8422146	1367	14	0.0001299733	0.000000396399
2	8422147	10298468	1392	14	0.0000672802	0.000000412806
2	10298469	12419149	1931	14	0.0001116209	0.000000429074
2	12419150	14335307	1624	14	0.0001406662	0.000000389662
2	14335308	16329734	1792	14	-0.0000502826	0.000000362481
2	16329735	18647422	1901	14	-0.0001205883	0.000000379183
2	18647423	19692403	813	14	-0.0000371321	0.000000300444
2	19692404	21050489	1317	14	0.0002539271	0.000000414325
2	21050490	23341382	1406	14	0.0001834247	0.000000396358
2	23341383	24686917	878	14	0.0003616182	0.000000369793
2	24686918	26894984	1073	14	0.0001695091	0.000000407256
2	26894985	28598776	730	14	0.0002380770	0.000000271667
2	28598777	29217558	475	14	0.0002190064	0.000000230810
2	29217559	30463710	1212	14	0.0001926375	0.000000405383
2	30463711	31550449	1185	14	0.0002115767	0.000000416362
2	31550450	33363776	838	14	0.0000437074	0.000000397060
2	33363777	35345027	1822	14	0.0000091298	0.000000391415
2	35345028	36122005	879	14	0.0000119131	0.000000265433
2	36122006	38132711	1930	14	0.0000565438	0.000000399844
2	38132712	39031336	643	14	-0.0000882277	0.000000327070
2	39031337	40281482	642	14	0.0002109709	0.000000286820
2	40281483	43309589	2881	14	0.0000823820	0.000000370282
2	43309590	44313802	855	14	0.0005655283	0.000000422979
2	44313803	46482633	2026	14	0.0004150581	0.000000438799
2	46482634	47318771	799	14	0.0000135495	0.000000405105
2	47318772	48213000	531	14	-0.0000503908	0.000000395507
2	48213001	50022256	1561	14	0.0000357263	0.000000379815
2	50022257	50818927	833	14	-0.0000641979	0.000000262827
2	50818928	52491132	1694	14	0.0003277569	0.000000399928
2	52491133	53508451	1141	14	0.0000536459	0.000000372679
2	53508452	54685225	897	14	0.0000103620	0.000000376557
2	54685226	56203344	1244	14	0.0000812267	0.000000370552
2	56203345	57429099	994	14	-0.0000658822	0.000000330394
2	57429100	58297314	675	14	0.0000015382	0.000000224229
2	58297315	60291999	1359	14	0.0000144919	0.000000372620
2	60292000	62429043	1062	14	0.0003654617	0.000000393231
2	62429044	64625912	1156	14	0.0001481587	0.000000379221
2	64625913	65933443	896	14	-0.0000837081	0.000000384441
2	65933444	67226165	1163	14	-0.0000751050	0.000000373841
2	67226166	68010175	949	14	0.0001280036	0.000000330718
2	68010176	69139563	1062	14	0.0000033548	0.000000385147
2	69139564	70755197	991	14	0.0002994767	0.000000388848
2	70755198	73174847	1826	14	-0.0001093794	0.000000389012
2	73174848	75630085	1499	14	0.0000342479	0.000000406535
2	75630086	76913660	1097	14	0.0002017240	0.000000388108
2	76913661	78079263	941	14	0.0001239513	0.000000420858
2	78079264	80050402	2057	14	-0.0000990974	0.000000364556
2	80050403	81620840	1153	14	0.0002286923	0.000000399700
2	81620841	85140679	2455	14	0.0000608071	0.000000366698
2	85140680	88038506	1256	14	0.0001991848	0.000000399824
2	88038507	89154525	452	14	0.0005223725	0.000000196623
2	89154526	95326451	52	5	-0.0000657721	0.000000051596
2	95326452	98995200	878	14	-0.0000221094	0.000000335783
2	98995201	101822328	1934	14	0.0001488114	0.000000362119
2	101822329	102688764	614	14	-0.0000297683	0.000000184128
2	102688765	103588214	982	14	0.0002463067	0.000000240375
2	103588215	105125033	811	14	0.0000783398	0.000000269565
2	105125034	106210057	876	14	-0.0000105596	0.000000341146
2	106210058	107408266	971	14	0.0000126946	0.000000391505
2	107408267	108429176	949	14	-0.0001292981	0.000000227469
2	108429177	110572431	1169	14	0.0000185507	0.000000389790
2	110572432	113921855	1463	14	0.0001881287	0.000000385924
2	113921856	116772469	1718	14	0.0000388548	0.000000389844
2	116772470	118367465	1057	14	0.0000941663	0.000000278861
2	118367466	121303782	2077	14	0.0000292701	0.000000390012
2	121303783	123302905	1258	14	0.0001742752	0.000000441796
2	123302906	124732249	1205	14	0.0000667002	0.000000289275
2	124732250	125840920	902	14	0.0001029979	0.000000307938
2	125840921	127373763	1095	14	0.0000668992	0.000000254145
2	127373764	128034346	627	14	-0.0000000573	0.000000272749
2	128034347	129474440	862	14	0.0002971358	0.000000386674
2	129474441	130067169	483	14	0.0002745579	0.000000181560
2	130067170	130658084	479	14	0.0002758574	0.000000174560
2	130658085	133042783	551	14	0.0001308186	0.000000356185
2	133042784	135158577	1782	14	-0.0000516722	0.000000398149
2	135158578	137042793	872	14	-0.0000120021	0.000000278156
2	137042794	138698116	1261	14	0.0000319182	0.000000386379
2	138698117	140100270	1048	14	-0.0000353413	0.000000275485
2	140100271	141805350	1430	14	0.0000804550	0.000000392293
2	141805351	142518601	728	14	0.0001018566	0.000000246223
2	142518602	144519483	1518	14	-0.0000245610	0.000000389810
2	144519484	146445569	890	14	0.0001685631	0.000000354090
2	146445570	147277161	387	14	-0.0000591477	0.000000108322
2	147277162	150210291	1518	14	0.0000581716	0.000000377653
2	150210292	151731461	1065	14	0.0000880866	0.000000409526
2	151731462	152486781	584	14	0.0004301799	0.000000211763
2	152486782	154005055	1058	14	-0.0000314748	0.000000372547
2	154005056	155391134	1176	14	-0.0001496239	0.000000386852
2	155391135	157560634	1252	14	0.0000629547	0.000000397308
2	157560635	158533217	353	14	-0.0000500791	0.000000159843
2	158533218	159577081	733	14	0.0001067163	0.000000283451
2	159577082	161769732	1407	14	0.0002422637	0.000000405905
2	161769733	163503550	731	14	0.0000568160	0.000000230577
2	163503551	164466637	543	14	0.0001652218	0.000000185203
2	164466638	165178839	423	14	0.0003035302	0.000000171685
2	165178840	167160269	1398	14	0.0000461896	0.000000374575
2	167160270	167355969	176	13	0.0002531536	0.000000069426
2	167355970	169968235	1693	14	-0.0001158600	0.000000376861
2	169968236	171226244	999	14	0.0001052347	0.000000400641
2	171226245	173138904	1053	14	0.0002617256	0.000000415726
2	173138905	175588928	1660	14	0.0001688205	0.000000407779
2	175588929	177363635	1015	14	0.0002387116	0.000000408710
2	177363636	178553182	1049	14	-0.0000214999	0.000000324244
2	178553183	181312738	2236	14	0.0000877748	0.000000395778
2	181312739	182266030	716	14	0.0002610909	0.000000230925
2	182266031	184357607	1338	14	-0.0000357154	0.000000398237
2	184357608	185280172	636	14	0.0001682973	0.000000192362
2	185280173	189882064	2563	14	0.0003067773	0.000000395016
2	189882065	191973356	1086	14	0.0000805404	0.000000345728
2	191973357	195861163	1738	14	0.0001626247	0.000000425246
2	195861164	196447455	348	14	-0.0000725865	0.000000108212
2	196447456	198078109	900	14	0.0000322293	0.000000250717
2	198078110	199311124	623	14	-0.0000459499	0.000000163219
2	199311125	201576283	1273	14	0.0001336105	0.000000379905
2	201576284	202818636	530	14	0.0000773837	0.000000238042
2	202818637	205799240	1388	14	0.0003380317	0.000000423977
2	205799241	206735703	684	14	0.0000237624	0.000000440698
2	206735704	208645398	1206	14	0.0002966899	0.000000425411
2	208645399	209941528	742	14	0.0000690956	0.000000303288
2	209941529	212379517	1725	14	-0.0000053258	0.000000385627
2	212379518	214014281	1472	14	0.0005073003	0.000000438469
2	214014282	215573794	1066	14	0.0001737487	0.000000369256
2	215573795	217715660	1547	14	0.0000058910	0.000000416670
2	217715661	218395479	534	14	-0.0000187100	0.000000254258
2	218395480	220454550	938	14	0.0003433222	0.000000453680
2	220454551	222521175	1864	14	0.0000080311	0.000000399850
2	222521176	224859418	1717	14	-0.0001275464	0.000000418495
2	224859419	225840003	762	14	0.0000956462	0.000000243141
2	225840004	228119841	1624	14	-0.0000219834	0.000000399186
2	228119842	229370786	951	14	-0.0000135868	0.000000359721
2	229370787	231843388	1897	14	0.0000678171	0.000000418038
2	231843389	233550002	825	14	0.0000434071	0.000000426248
2	233550003	235150986	1489	14	-0.0000623779	0.000000394735
2	235150987	236043549	796	14	-0.0000233339	0.000000452145
2	236043550	237449031	918	14	-0.0000772641	0.000000399359
2	237449032	238760980	1097	14	-0.0000312794	0.000000398298
2	238760981	239952642	857	14	0.0000614231	0.000000432899
2	239952643	241560083	1271	14	-0.0000655468	0.000000462826
2	241560084	242149920	386	14	-0.0000623605	0.000000187117
2	242149921	243188919	272	14	-0.0000910407	0.000000144436
3	60157	1441778	1267	14	0.0000432968	0.000000436438
3	1441779	2992119	1746	14	0.0000113913	0.000000439869
3	2992120	4431646	1566	14	-0.0001347308	0.000000421435
3	4431647	6083182	1517	14	0.0000978576	0.000000459427
3	6083183	7083386	942	14	-0.0001024466	0.000000423414
3	7083387	8648560	1785	14	-0.0000888861	0.000000383955
3	8648561	9543182	859	14	0.0000878583	0.000000486234
3	9543183	11019664	1002	14	0.0000663606	0.000000448658
3	11019665	13070798	1365	14	0.0002143057	0.000000464242
3	13070799	14816899	1481	14	0.0000368450	0.000000442633
3	14816900	16282441	1027	14	0.0006267199	0.000000464691
3	16282442	17891117	1060	14	-0.0000764968	0.000000392302
3	17891118	19125143	779	14	0.0001610373	0.000000301165
3	19125144	20091347	349	14	0.0001555160	0.000000183734
3	20091348	21643706	1372	14	0.0000534092	0.000000397200
3	21643707	22204243	915	14	0.0000729586	0.000000430521
3	22204244	23804864	1191	14	0.0003081858	0.000000420945
3	23804865	25461557	1460	14	0.0002261713	0.000000429454
3	25461558	26877768	1005	14	0.0000393927	0.000000405160
3	26877769	27840909	664	14	0.0002339818	0.000000255099
3	27840910	29142259	959	14	0.0000205900	0.000000390649
3	29142260	30717954	1389	14	0.0000897649	0.000000424829
3	30717955	32351714	1304	14	-0.0000219896	0.000000414150
3	32351715	33255591	476	14	-0.0000536430	0.000000292687
3	33255592	35283457	1274	14	0.0001776828	0.000000418437
3	35283458	36486841	905	14	0.0000841654	0.000000328995
3	36486842	38356115	1078	14	0.0000868237	0.000000424184
3	38356116	40221297	1336	14	-0.0000666928	0.000000421204
3	40221298	41064527	321	14	0.0002650753	0.000000150773
3	41064528	42540001	1042	14	0.0000082705	0.000000412754
3	42540002	45165152	1302	14	0.0000800058	0.000000406723
3	45165153	46657499	1085	14	-0.0000353583	0.000000411624
3	46657500	47727211	312	14	0.0000104132	0.000000115847
3	47727212	49316971	365	14	-0.0000778753	0.000000081983
3	49316972	51832014	687	14	0.0000960387	0.000000157166
3	51832015	54081389	1041	14	0.0002496634	0.000000426463
3	54081390	55348859	1165	14	0.0000856121	0.000000426245
3	55348860	56433906	741	14	0.0000656513	0.000000328597
3	56433907	58157518	992	14	0.0002388433	0.000000407927
3	58157519	60272905	1848	14	0.0002284741	0.000000425026
3	60272906	62355665	1849	14	-0.0000351837	0.000000422451
3	62355666	63669285	1311	14	0.0000405781	0.000000415067
3	63669286	65273537	1380	14	0.0000286145	0.000000408800
3	65273538	66270446	610	14	0.0002365902	0.000000439809
3	66270447	68286913	1424	14	0.0000764052	0.000000418537
3	68286914	69276761	717	14	0.0000454885	0.000000356309
3	69276762	70449027	872	14	0.0001461062	0.000000399932
3	70449028	72529328	1441	14	0.0000142962	0.000000405948
3	72529329	74321816	1488	14	0.0001832315	0.000000412481
3	74321817	75704948	637	14	-0.0000658502	0.000000280217
3	75704949	77508834	1164	14	-0.0000067103	0.000000416229
3	77508835	79024540	942	14	0.0000019428	0.000000374361
3	79024541	81427309	1337	14	-0.0000992919	0.000000321138
3	81427310	82643885	732	14	-0.0000201500	0.000000189412
3	82643886	84367478	900	14	-0.0000137689	0.000000245710
3	84367479	85582230	666	14	0.0000841031	0.000000189725
3	85582231	87409731	1296	14	0.0001737162	0.000000302901
3	87409732	88298372	530	14	0.0002406037	0.000000128540
3	88298373	94255315	1272	14	0.0000362503	0.000000350577
3	94255316	95311970	783	14	0.0000471084	0.000000157145
3	95311971	98215949	1629	14	0.0001249898	0.000000394143
3	98215950	99373761	846	14	0.0001039345	0.000000254939
3	99373762	100592216	622	14	0.0000712780	0.000000197583
3	100592217	103084959	1509	14	-0.0000339575	0.000000391857
3	103084960	104581612	1235	14	0.0000268664	0.000000330999
3	104581613	106982810	1681	14	-0.0000774146	0.000000405906
3	106982811	109522394	1781	14	0.0002238336	0.000000406083
3	109522395	110513769	731	14	0.0000926095	0.000000173892
3	110513770	112815698	1576	14	0.0000166469	0.000000405556
3	112815699	113947862	693	14	0.0002323222	0.000000282505
3	113947863	115447079	799	14	0.0001615846	0.000000407582
3	115447080	116800152	1093	14	0.0001758578	0.000000430103
3	116800153	118530250	1387	14	0.0000488094	0.000000395292
3	118530251	120523054	1241	14	0.0001322883	0.000000412924
3	120523055	121974096	817	14	0.0001028612	0.000000204514
3	121974097	123517767	983	14	0.0001174686	0.000000399017
3	123517768	124936641	1194	14	0.0000493117	0.000000395979
3	124936642	126214942	964	14	0.0001286395	0.000000354921
3	126214943	128194860	1290	14	0.0000142907	0.000000409542
3	128194861	130244734	808	14	0.0000610461	0.000000318050
3	130244735	131836515	1167	14	-0.0000766603	0.000000346865
3	131836516	133252172	1092	14	0.0001939525	0.000000364739
3	133252173	135456905	1691	14	-0.0001247720	0.000000396078
3	135456906	137371082	891	14	-0.0000085007	0.000000262532
3	137371083	139954596	1655	14	-0.0000643954	0.000000373740
3	139954597	141339096	863	14	0.0000235920	0.000000376587
3	141339097	143164627	1133	14	-0.0000588440	0.000000402625
3	143164628	144410815	845	14	0.0001545315	0.000000314545
3	144410816	145664618	1095	14	-0.0001127099	0.000000288758
3	145664619	146726628	893	14	0.0002176878	0.000000276753
3	146726629	149043236	1454	14	0.0001640988	0.000000422567
3	149043237	150252003	842	14	-0.0000609311	0.000000407505
3	150252004	151348729	681	14	0.0001815536	0.000000349588
3	151348730	153256570	1311	14	0.0003573155	0.000000414224
3	153256571	154714217	998	14	0.0001541624	0.000000268082
3	154714218	156008699	711	14	-0.0000038172	0.000000291297
3	156008700	157312027	944	14	0.0004147534	0.000000333763
3	157312028	159477889	1476	14	0.0000260160	0.000000376843
3	159477890	161524503	1278	14	0.0002031833	0.000000352081
3	161524504	163253204	1666	14	0.0000088174	0.000000312862
3	163253205	165055468	1220	14	0.0001349885	0.000000259112
3	165055469	167117428	1241	14	0.0005295900	0.000000371657
3	167117429	168580959	794	14	-0.0000493011	0.000000266145
3	168580960	170964908	1438	14	0.0002277147	0.000000413062
3	170964909	172295730	950	14	-0.0000650281	0.000000442188
3	172295731	173477284	783	14	-0.0000214691	0.000000445377
3	173477285	175116538	1361	14	0.0000422126	0.000000411550
3	175116539	176320286	863	14	0.0000346506	0.000000292232
3	176320287	178107164	1152	14	0.0001067033	0.000000436568
3	178107165	179374585	812	14	0.0002031538	0.000000326255
3	179374586	181511165	973	14	0.0001602180	0.000000385499
3	181511166	183769682	1246	14	0.0000154051	0.000000414693
3	183769683	185068254	764	14	-0.0001214607	0.000000432659
3	185068255	186890343	1068	14	-0.0000233154	0.000000471428
3	186890344	188856213	1526	14	0.0000735896	0.000000426768
3	188856214	190226606	1426	14	0.0000210172	0.000000402146
3	190226607	192343813	1664	14	-0.0000903311	0.000000402998
3	192343814	194059670	820	14	0.0002458672	0.000000503016
3	194059671	194786673	456	14	0.0002203337	0.000000388748
3	194786674	195971407	373	14	0.0000749785	0.000000284248
3	195971408	197075986	428	14	0.0001113796	0.000000292723
3	197075987	197946621	355	14	0.0000317389	0.000000193611
4	10240	694714	204	14	-0.0001017752	0.000000085280
4	694715	1478710	440	14	0.0001852570	0.000000217282
4	1478711	2842978	509	14	-0.0001506320	0.000000301830
4	2842979	3846039	522	14	0.0000354744	0.000000361057
4	3846040	4684115	473	14	0.0000550647	0.000000339173
4	4684116	5502387	714	14	-0.0000275517	0.000000409739
4	5502388	6773042	1156	14	0.0000173256	0.000000503777
4	6773043	7539691	702	14	0.0003810178	0.000000545024
4	7539692	8152234	576	14	-0.0001056686	0.000000451584
4	8152235	9326478	479	14	-0.0000195406	0.000000316854
4	9326479	10699151	1206	14	0.0004112059	0.000000413497
4	10699152	12323033	1436	14	0.0001118640	0.000000409879
4	12323034	14272000	1675	14	0.0001681507	0.000000407650
4	14272001	15147445	746	14	0.0000653851	0.000000341529
4	15147446	15927008	516	14	-0.0000778542	0.000000224817
4	15927009	17383321	1282	14	-0.0000204653	0.000000392150
4	17383322	18841873	965	14	-0.0000304285	0.000000386554
4	18841874	20544556	1180	14	-0.0000792996	0.000000348321
4	20544557	22319346	1455	14	0.0000510037	0.000000403104
4	22319347	24135528	1307	14	0.0000962453	0.000000410468
4	24135529	25609321	1110	14	-0.0001259900	0.000000412851
4	25609322	27343721	1056	14	-0.0000598942	0.000000434184
4	27343722	27965867	493	14	0.0001773944	0.000000209647
4	27965868	29762207	1448	14	-0.0001249976	0.000000392046
4	29762208	30454534	396	14	0.0000426349	0.000000151660
4	30454535	31782980	961	14	0.0000679193	0.000000399906
4	31782981	33172765	857	14	-0.0000090759	0.000000292579
4	33172766	35151414	981	14	0.0002090727	0.000000232026
4	35151415	36020435	805	14	-0.0000415101	0.000000221253
4	36020436	37255046	1099	14	0.0001040275	0.000000334544
4	37255047	38907021	1435	14	0.0002621464	0.000000452866
4	38907022	40202608	697	14	0.0002195469	0.000000325846
4	40202609	42213057	1315	14	0.0000731751	0.000000433822
4	42213058	43965044	1226	14	0.0000677995	0.000000390558
4	43965045	45189156	936	14	0.0000970209	0.000000249004
4	45189157	47411895	1177	14	-0.0000479483	0.000000355593
4	47411896	48123599	489	14	0.0000364202	0.000000143492
4	48123600	53877432	938	14	0.0001686626	0.000000311813
4	53877433	55429555	1030	14	0.0004617058	0.000000403164
4	55429556	56547643	787	14	0.0002153993	0.000000358622
4	56547644	58935007	1702	14	-0.0000370624	0.000000407796
4	58935008	60741086	1268	14	-0.0000483646	0.000000392158
4	60741087	62371762	1103	14	-0.0000973889	0.000000348094
4	62371763	64341000	1132	14	0.0000799388	0.000000422135
4	64341001	66600491	1340	14	0.0000342613	0.000000417540
4	66600492	68059496	942	14	0.0003119870	0.000000338335
4	68059497	68854764	542	14	-0.0000531529	0.000000182896
4	68854765	71049151	1259	14	0.0001259553	0.000000375528
4	71049152	72140557	535	14	0.0000756943	0.000000158372
4	72140558	74592389	1098	14	0.0000891489	0.000000380323
4	74592390	77130706	1536	14	-0.0000998179	0.000000395568
4	77130707	79093978	1401	14	0.0001656949	0.000000429756
4	79093979	80990296	1238	14	-0.0000578786	0.000000388492
4	80990297	82125314	522	14	0.0000050486	0.000000184087
4	82125315	83372592	789	14	-0.0000943741	0.000000315540
4	83372593	84799655	932	14	0.0001308382	0.000000416827
4	84799656	86930608	1310	14	0.0000198727	0.000000408478
4	86930609	87534647	283	14	0.0005972131	0.000000124609
4	87534648	89238027	1124	14	0.0005074587	0.000000429983
4	89238028	90231563	644	14	0.0001968771	0.000000307660
4	90231564	91560676	815	14	0.0000474738	0.000000295773
4	91560677	94233298	1273	14	-0.0000969441	0.000000401386
4	94233299	96182187	1330	14	0.0000525782	0.000000400638
4	96182188	97540702	1201	14	-0.0001036977	0.000000398753
4	97540703	99424066	1064	14	0.0000054518	0.000000269876
4	99424067	100678359	840	14	0.0001552878	0.000000337201
4	100678360	103221355	1719	14	0.0000893732	0.000000416292
4	103221356	105305293	1132	14	0.0001512253	0.000000365926
4	105305294	107501304	1229	14	-0.0001234999	0.000000402061
4	107501305	108815347	793	14	0.0000137352	0.000000251174
4	108815348	111256566	1550	14	0.0000119939	0.000000398667
4	111256567	113870101	1487	14	0.0000723615	0.000000394562
4	113870102	115666245	1189	14	0.0001496171	0.000000427773
4	115666246	117276928	940	14	0.0000653858	0.000000220501
4	117276929	118479917	1070	14	0.0001569341	0.000000308627
4	118479918	119933511	1136	14	0.0000093655	0.000000298144
4	119933512	120392683	321	14	0.0001087197	0.000000092120
4	120392684	122657986	1670	14	0.0000068496	0.000000403352
4	122657987	124286480	894	14	-0.0000030508	0.000000250788
4	124286481	125210861	529	14	-0.0000104193	0.000000218234
4	125210862	126480885	882	14	-0.0000025089	0.000000324758
4	126480886	127275476	589	14	0.0001288817	0.000000213486
4	127275477	127830292	447	14	0.0000315154	0.000000160590
4	127830293	128996664	459	14	0.0000524656	0.000000127701
4	128996665	130591884	957	14	0.0000269634	0.000000383036
4	130591885	131283820	479	14	-0.0001244437	0.000000161717
4	131283821	132954032	974	14	0.0000201467	0.000000337697
4	132954033	134628433	1171	14	0.0000530743	0.000000314463
4	134628434	136566406	1199	14	0.0001333915	0.000000353707
4	136566407	138541970	1319	14	0.0000771999	0.000000424369
4	138541971	139556510	756	14	0.0001121426	0.000000315395
4	139556511	141084630	865	14	-0.0000726570	0.000000437141
4	141084631	143443264	1538	14	0.0000844126	0.000000412862
4	143443265	146178186	1215	14	0.0003628768	0.000000380756
4	146178187	148521872	1248	14	0.0000250863	0.000000410311
4	148521873	150683579	1183	14	0.0001705284	0.000000425428
4	150683580	152782183	952	14	0.0002042831	0.000000305724
4	152782184	154477640	880	14	0.0000554531	0.000000437719
4	154477641	155056125	411	14	-0.0000228598	0.000000184778
4	155056126	157485096	1733	14	0.0000161507	0.000000433641
4	157485097	158743717	706	14	0.0002334155	0.000000291357
4	158743718	161058863	1150	14	0.0001618306	0.000000393893
4	161058864	161826434	625	14	0.0000915028	0.000000251550
4	161826435	163243678	1102	14	0.0000746307	0.000000404383
4	163243679	164478233	776	14	0.0003251630	0.000000330889
4	164478234	165823447	1000	14	0.0000759009	0.000000422048
4	165823448	167018857	751	14	0.0000630154	0.000000406654
4	167018858	167852916	512	14	-0.0000042438	0.000000163063
4	167852917	169676824	1275	14	0.0000841459	0.000000425520
4	169676825	170776509	563	14	0.0001267059	0.000000258120
4	170776510	172558634	1084	14	0.0001355392	0.000000379815
4	172558635	174264131	949	14	-0.0000918595	0.000000333721
4	174264132	176570715	1401	14	0.0000672732	0.000000452585
4	176570716	178991909	1800	14	0.0001854134	0.000000433321
4	178991910	180122042	821	14	-0.0000236542	0.000000393812
4	180122043	182066806	1742	14	-0.0000385866	0.000000435852
4	182066807	183371274	1356	14	0.0000839473	0.000000428689
4	183371275	184929454	1069	14	0.0001017745	0.000000515639
4	184929455	186909089	1527	14	0.0001775761	0.000000469906
4	186909090	188472980	1151	14	0.0005779185	0.000000487724
4	188472981	189693510	848	14	0.0003608666	0.000000524541
4	189693511	191043593	719	14	-0.0000767480	0.000000479134
5	11940	982251	453	14	0.0001256826	0.000000244027
5	982252	2132441	895	14	0.0001645845	0.000000492271
5	2132442	3361940	1675	14	0.0001493484	0.000000443103
5	3361941	4632109	1155	14	0.0001920956	0.000000441846
5	4632110	5973232	1510	14	0.0001266689	0.000000424802
5	5973233	7143217	1199	14	0.0001344389	0.000000424358
5	7143218	8446335	1274	14	-0.0000985634	0.000000391830
5	8446336	9718831	1342	14	0.0000213127	0.000000412673
5	9718832	11173270	1438	14	-0.0000027820	0.000000415797
5	11173271	13464831	1255	14	-0.0000464934	0.000000396550
5	13464832	14757803	1158	14	0.0000849003	0.000000400824
5	14757804	16963612	1434	14	0.0001229940	0.000000405230
5	16963613	18051591	586	14	0.0001841689	0.000000337546
5	18051592	19917715	1381	14	-0.0000446384	0.000000389500
5	19917716	22152072	1129	14	0.0000796564	0.000000357681
5	22152073	23494323	954	14	0.0000473414	0.000000305434
5	23494324	26184850	1893	14	0.0003411094	0.000000410986
5	26184851	26857603	437	14	-0.0000073866	0.000000143862
5	26857604	27984512	612	14	0.0000673653	0.000000218192
5	27984513	29714819	1264	14	-0.0000776962	0.000000356978
5	29714820	31390248	1452	14	-0.0000727801	0.000000381697
5	31390249	33500179	1436	14	-0.0000137668	0.000000413231
5	33500180	35048969	1063	14	0.0002302458	0.000000439054
5	35048970	36433953	1038	14	0.0000736713	0.000000341078
5	36433954	38802409	1554	14	0.0000079594	0.000000394096
5	38802410	40287728	1178	14	-0.0000243201	0.000000349577
5	40287729	41888709	1291	14	0.0000082251	0.000000297574
5	41888710	43983498	964	14	0.0001304058	0.000000248568
5	43983499	50163397	1053	14	0.0000131030	0.000000265486
5	50163398	52134621	1394	14	0.0000173194	0.000000362443
5	52134622	53703043	1362	14	-0.0001388488	0.000000369800
5	53703044	55417348	1197	14	0.0002266650	0.000000406036
5	55417349	56621101	1009	14	0.0001098178	0.000000429779
5	56621102	57340072	606	14	-0.0000275346	0.000000185025
5	57340073	58524621	1205	14	-0.0000925093	0.000000374610
5	58524622	60935906	1481	14	0.0000150790	0.000000369244
5	60935907	61672994	549	14	0.0000044558	0.000000171195
5	61672995	63218986	1093	14	0.0000108351	0.000000306881
5	63218987	63968303	373	14	0.0001489554	0.000000124678
5	63968304	65911285	1273	14	-0.0000217275	0.000000382600
5	65911286	67850859	1541	14	0.0000506031	0.000000412267
5	67850860	71240455	913	14	0.0000010119	0.000000392154
5	71240456	73759325	1895	14	0.0000068793	0.000000406623
5	73759326	75798865	1358	14	0.0001422866	0.000000418538
5	75798866	77623331	1365	14	0.0001131717	0.000000421685
5	77623332	79393143	1198	14	-0.0000010449	0.000000394307
5	79393144	80481470	889	14	0.0003153683	0.000000430945
5	80481471	82025647	922	14	-0.0000815594	0.000000392630
5	82025648	83972688	1079	14	-0.0000728225	0.000000418139
5	83972689	85767289	1468	14	0.0000364627	0.000000389443
5	85767290	87389990	659	14	-0.0001255273	0.000000234350
5	87389991	88891529	599	14	0.0001391163	0.000000217388
5	88891530	90422653	892	14	0.0000938988	0.000000328585
5	90422654	91840541	680	14	0.0001355602	0.000000248165
5	91840542	93809983	809	14	0.0002744879	0.000000320251
5	93809984	95963518	1367	14	0.0000733314	0.000000407163
5	95963519	97315600	975	14	-0.0000033617	0.000000282795
5	97315601	99260991	1186	14	0.0001180237	0.000000378265
5	99260992	101578768	1377	14	-0.0000176543	0.000000388976
5	101578769	103320004	1109	14	0.0000539319	0.000000398084
5	103320005	104851482	1085	14	-0.0001499850	0.000000338334
5	104851483	105893054	432	14	0.0000260845	0.000000194403
5	105893055	107264195	1197	14	0.0001348779	0.000000403864
5	107264196	108633933	935	14	0.0000815784	0.000000334434
5	108633934	110821143	1555	14	0.0001727078	0.000000404942
5	110821144	111981561	901	14	-0.0000271560	0.000000378223
5	111981562	113396284	1220	14	0.0000799850	0.000000389539
5	113396285	114830369	1157	14	-0.0000506169	0.000000388017
5	114830370	115831046	921	14	0.0002175094	0.000000383004
5	115831047	117346212	1372	14	-0.0000929244	0.000000406070
5	117346213	118608819	838	14	0.0002606244	0.000000426965
5	118608820	119669041	746	14	0.0001664586	0.000000326121
5	119669042	120452165	592	14	-0.0000175935	0.000000220645
5	120452166	122556904	1459	14	0.0000213789	0.000000379026
5	122556905	123798099	1032	14	0.0003853639	0.000000405459
5	123798100	125785648	1911	14	0.0000528483	0.000000390801
5	125785649	127344603	857	14	0.0002063846	0.000000385464
5	127344604	129519024	1617	14	0.0001241309	0.000000392913
5	129519025	132139648	1178	14	0.0001369320	0.000000311660
5	132139649	134777400	1597	14	-0.0000622702	0.000000414425
5	134777401	136376049	1258	14	0.0000922821	0.000000384266
5	136376050	139265071	1265	14	-0.0001018575	0.000000382673
5	139265072	140645970	610	14	0.0001627622	0.000000209276
5	140645971	142981247	1597	14	0.0000792181	0.000000436391
5	142981248	144943353	1489	14	-0.0000236787	0.000000368369
5	144943354	147181997	1548	14	0.0000823739	0.000000400258
5	147181998	148662623	1209	14	0.0000359448	0.000000400806
5	148662624	150561297	1498	14	0.0000316389	0.000000430390
5	150561298	152867773	1878	14	-0.0000510548	0.000000377316
5	152867774	153773087	967	14	0.0000954320	0.000000274619
5	153773088	155373504	1214	14	-0.0000993019	0.000000405268
5	155373505	156628699	818	14	0.0003800072	0.000000320923
5	156628700	158825697	1811	14	0.0000200384	0.000000383053
5	158825698	159973943	749	14	0.0002366405	0.000000421902
5	159973944	161482132	1147	14	-0.0000444105	0.000000365785
5	161482133	162743907	903	14	0.0000645378	0.000000332038
5	162743908	163771581	882	14	0.0000499097	0.000000369919
5	163771582	165642394	1244	14	0.0000055609	0.000000407936
5	165642395	166847739	897	14	0.0004094625	0.000000424462
5	166847740	168525317	1339	14	-0.0000094000	0.000000395668
5	168525318	169505663	906	14	-0.0000949647	0.000000377580
5	169505664	171074291	1265	14	0.0000217418	0.000000414687
5	171074292	172678326	1179	14	-0.0000628003	0.000000405204
5	172678327	173642870	969	14	-0.0000822363	0.000000403644
5	173642871	175450594	1570	14	-0.0001179411	0.000000436047
5	175450595	177251506	554	14	0.0003264208	0.000000329376
5	177251507	178413463	829	14	0.0001435748	0.000000445328
5	178413464	179401243	646	14	-0.0000156224	0.000000425399
5	179401244	180559932	646	14	0.0000284096	0.000000429707
5	180559933	180885155	83	12	-0.0000110729	0.000000049222
6	73924	1452361	1347	14	-0.0000068291	0.000000437138
6	1452362	2458935	840	14	0.0001404961	0.000000410072
6	2458936	3573592	1076	14	-0.0001908360	0.000000422665
6	3573593	4617816	1138	14	0.0000242778	0.000000392599
6	4617817	5791471	1163	14	-0.0000816512	0.000000412392
6	5791472	6785206	1113	14	0.0001324607	0.000000410999
6	6785207	7808935	958	14	0.0004109244	0.000000454331
6	7808936	9020025	1249	14	-0.0001258704	0.000000368123
6	9020026	10540316	1355	14	0.0004287972	0.000000421453
6	10540317	11790815	1052	14	0.0004865189	0.000000426641
6	11790816	13209387	1252	14	0.0001740582	0.000000396033
6	13209388	14802923	1359	14	0.0001295708	0.000000422818
6	14802924	17386404	1976	14	0.0000313854	0.000000415586
6	17386405	19207486	1498	14	0.0003929277	0.000000421478
6	19207487	21684064	2183	14	0.0002236045	0.000000428768
6	21684065	22748306	1111	14	0.0000652463	0.000000411035
6	22748307	23936618	1191	14	0.0001312233	0.000000415248
6	23936619	24852274	768	14	-0.0000503704	0.000000410019
6	24852275	25684586	951	14	0.0006321320	0.000000410185
6	25684587	26791232	911	14	0.0013122842	0.000000327509
6	26791233	28017818	565	14	0.0006316298	0.000000197866
6	28017819	28917607	591	14	0.0006422770	0.000000162760
6	28917608	29737970	938	14	0.0005472943	0.000000262878
6	29737971	30798167	1870	14	0.0002027151	0.000000388378
6	30798168	31571217	1696	14	0.0004563743	0.000000455221
6	31571218	32682663	1220	14	0.0004769110	0.000000434374
6	32682664	33236496	1255	14	0.0003343267	0.000000430096
6	33236497	35455755	1352	14	0.0000385961	0.000000421124
6	35455756	37572595	1466	14	0.0002346187	0.000000425615
6	37572596	39295676	1560	14	0.0001161493	0.000000402352
6	39295677	40345114	845	14	0.0002249642	0.000000350959
6	40345115	42038720	1381	14	0.0001878128	0.000000423668
6	42038721	43756168	751	14	0.0002349896	0.000000443453
6	43756169	45406562	1207	14	0.0005702968	0.000000455566
6	45406563	47311897	1554	14	0.0000664215	0.000000392264
6	47311898	48391124	920	14	0.0000300908	0.000000227930
6	48391125	50386144	1518	14	0.0000090814	0.000000306880
6	50386145	52210475	1424	14	0.0001971053	0.000000396576
6	52210476	53279101	851	14	0.0001776886	0.000000356763
6	53279102	55468269	2097	14	0.0001035063	0.000000382701
6	55468270	56105312	658	14	-0.0000447361	0.000000119788
6	56105313	57599464	810	14	0.0002476906	0.000000309776
6	57599465	61880511	422	14	0.0001334768	0.000000121579
6	61880512	63552887	1115	14	0.0005033337	0.000000225265
6	63552888	65765741	1274	14	0.0001282378	0.000000345019
6	65765742	67329214	1681	14	0.0000414010	0.000000392702
6	67329215	68849482	1408	14	0.0000895437	0.000000386541
6	68849483	69523447	604	14	0.0002336520	0.000000191521
6	69523448	71609509	1773	14	-0.0000317979	0.000000387272
6	71609510	73450096	1556	14	0.0000858848	0.000000393177
6	73450097	75462002	1309	14	0.0003341496	0.000000433985
6	75462003	77414880	1076	14	-0.0000355345	0.000000307722
6	77414881	78957727	1410	14	0.0000369566	0.000000276127
6	78957728	80691169	1372	14	-0.0000628309	0.000000378907
6	80691170	81929221	1111	14	0.0001041538	0.000000196203
6	81929222	83127148	866	14	-0.0000682128	0.000000263046
6	83127149	85209988	1231	14	0.0000328912	0.000000394774
6	85209989	87069499	1449	14	-0.0000179351	0.000000348299
6	87069500	88822139	1256	14	-0.0000486652	0.000000406610
6	88822140	89973051	915	14	0.0000218051	0.000000390141
6	89973052	91843195	1515	14	0.0000089951	0.000000408973
6	91843196	93428643	1317	14	0.0000882602	0.000000396737
6	93428644	94118141	732	14	0.0000328207	0.000000240287
6	94118142	94441174	212	11	0.0000638504	0.000000061916
6	94441175	97093510	2010	14	-0.0000825538	0.000000391866
6	97093511	97842283	579	14	-0.0000682683	0.000000152031
6	97842284	100630145	1892	14	0.0001404367	0.000000386697
6	100630146	102636771	1356	14	0.0001699531	0.000000389582
6	102636772	103983394	971	14	0.0004102523	0.000000262651
6	103983395	106056732	1434	14	0.0000265753	0.000000401749
6	106056733	107450305	1230	14	0.0001790534	0.000000422775
6	107450306	108464379	633	14	0.0000070722	0.000000263746
6	108464380	110304246	1110	14	0.0003561167	0.000000392731
6	110304247	112345013	1226	14	0.0001621343	0.000000414613
6	112345014	114220832	1442	14	0.0000165333	0.000000387077
6	114220833	116131395	1204	14	0.0003254855	0.000000358310
6	116131396	117672971	1081	14	0.0001000517	0.000000327502
6	117672972	118963114	889	14	0.0001364619	0.000000256348
6	118963115	119963277	776	14	0.0003660490	0.000000252130
6	119963278	120512127	515	14	0.0000371108	0.000000112179
6	120512128	121905675	1104	14	-0.0000434667	0.000000234635
6	121905676	123856180	1515	14	-0.0000448793	0.000000389617
6	123856181	125424382	1305	14	-0.0001228500	0.000000411394
6	125424383	127540460	1050	14	0.0004427556	0.000000421663
6	127540461	129861030	1551	14	0.0000435964	0.000000391211
6	129861031	130935453	1055	14	0.0005547988	0.000000438126
6	130935454	132765668	1420	14	0.0001414077	0.000000399143
6	132765669	134244242	1309	14	0.0000796715	0.000000391919
6	134244243	136224176	1276	14	0.0015447122	0.000000512522
6	136224177	137614217	668	14	0.0001474299	0.000000305876
6	137614218	138822628	972	14	0.0001566747	0.000000412601
6	138822629	139845435	730	14	0.0001661796	0.000000406736
6	139845436	142288478	1425	14	0.0001255226	0.000000375083
6	142288479	145319809	2206	14	0.0000879555	0.000000391533
6	145319810	146665423	931	14	0.0000616036	0.000000170525
6	146665424	148920351	1899	14	0.0000347956	0.000000403295
6	148920352	150253403	1099	14	-0.0000751941	0.000000392181
6	150253404	151912702	1692	14	0.0002093027	0.000000430764
6	151912703	153094495	1098	14	-0.0000058133	0.000000413203
6	153094496	154974119	1853	14	0.0002273440	0.000000412116
6	154974120	156763325	1430	14	-0.0000787842	0.000000423259
6	156763326	158218718	735	14	0.0004872109	0.000000532275
6	158218719	160580496	2130	14	0.0002430443	0.000000430938
6	160580497	162169563	1462	14	0.0001127907	0.000000415079
6	162169564	162931202	736	14	0.0002535970	0.000000399856
6	162931203	164383520	1454	14	0.0004016123	0.000000438246
6	164383521	165586863	1335	14	-0.0000259102	0.000000396411
6	165586864	167024732	1633	14	0.0000136117	0.000000424695
6	167024733	168042834	901	14	0.0000810842	0.000000417061
6	168042835	169382049	1353	14	-0.0000967498	0.000000446188
6	169382050	170330172	883	14	0.0001514456	0.000000307744
6	170330173	171051269	505	14	0.0001394567	0.000000227902
7	16161	972751	185	14	0.0003881474	0.000000196856
7	972752	1353066	162	14	-0.0000000103	0.000000143894
7	1353067	2062397	283	14	0.0001499736	0.000000235743
7	2062398	2772226	384	14	0.0001576549	0.000000289289
7	2772227	4573427	1810	14	0.0000492757	0.000000416677
7	4573428	5416231	358	14	0.0000444144	0.000000344193
7	5416232	5854525	172	14	0.0001205215	0.000000129766
7	5854526	6573856	248	14	0.0001886522	0.000000194956
7	6573857	7808751	928	14	0.0003012793	0.000000475640
7	7808752	9123422	1611	14	-0.0000974697	0.000000447130
7	9123423	9987498	914	14	0.0000012934	0.000000445921
7	9987499	11299197	1239	14	-0.0000595439	0.000000386363
7	11299198	12635460	1711	14	0.0000057761	0.000000402855
7	12635461	13884201	1401	14	-0.0000820016	0.000000413555
7	13884202	15143656	1291	14	0.0000631537	0.000000424799
7	15143657	16902068	1657	14	0.0002131354	0.000000419587
7	16902069	19481546	2117	14	0.0000917985	0.000000417610
7	19481547	20124907	605	14	0.0000482787	0.000000269989
7	20124908	22507628	2410	14	-0.0000639471	0.000000404931
7	22507629	23471441	611	14	0.0001775320	0.000000347656
7	23471442	25077258	1375	14	0.0000197965	0.000000408991
7	25077259	25909554	946	14	-0.0000225711	0.000000406053
7	25909555	28360308	2008	14	0.0000359097	0.000000407286
7	28360309	31137288	2217	14	-0.0000663479	0.000000441023
7	31137289	33555767	2148	14	-0.0000787920	0.000000385148
7	33555768	36213537	2130	14	0.0000376928	0.000000402491
7	36213538	37555183	1185	14	-0.0000183777	0.000000429699
7	37555184	38966702	1365	14	-0.0000154368	0.000000390262
7	38966703	39862669	648	14	-0.0000142786	0.000000225356
7	39862670	42001810	1343	14	0.0002466228	0.000000407308
7	42001811	43159073	896	14	0.0001055695	0.000000367332
7	43159074	44763827	989	14	-0.0000528198	0.000000393731
7	44763828	45952921	731	14	0.0000742480	0.000000376156
7	45952922	46986719	1070	14	0.0000088943	0.000000334667
7	46986720	49212277	1899	14	0.0002947074	0.000000418225
7	49212278	51675321	2023	14	0.0000836559	0.000000391823
7	51675322	53176311	1658	14	-0.0000891481	0.000000385171
7	53176312	54222975	931	14	0.0000003144	0.000000264606
7	54222976	55691583	1212	14	0.0001706383	0.000000420407
7	55691584	57382637	651	14	0.0001089567	0.000000243941
7	57382638	63307358	484	14	0.0000138941	0.000000226284
7	63307359	63641124	160	10	0.0002829457	0.000000069115
7	63641125	65689808	799	14	0.0001164657	0.000000231046
7	65689809	68234073	1631	14	-0.0001086802	0.000000408668
7	68234074	69085363	537	14	-0.0000113206	0.000000236574
7	69085364	71874884	1653	14	-0.0000049068	0.000000412595
7	71874885	73334601	254	14	0.0000194831	0.000000133842
7	73334602	76458563	622	14	0.0000011501	0.000000424046
7	76458564	78093858	1236	14	0.0003152763	0.000000428139
7	78093859	79888068	1502	14	-0.0001434452	0.000000384709
7	79888069	82022685	1608	14	0.0000126914	0.000000432476
7	82022686	83801202	1494	14	0.0000747745	0.000000409242
7	83801203	85572181	1097	14	0.0001960536	0.000000302633
7	85572182	87825003	1260	14	0.0001926185	0.000000374233
7	87825004	90661783	2651	14	-0.0000022213	0.000000384554
7	90661784	92493751	773	14	0.0001706650	0.000000332040
7	92493752	93966600	809	14	-0.0001669470	0.000000380435
7	93966601	96073507	1382	14	0.0001640867	0.000000384743
7	96073508	97099569	641	14	0.0000129643	0.000000250042
7	97099570	98715473	865	14	0.0000671963	0.000000385140
7	98715474	100196650	402	14	-0.0000026427	0.000000135666
7	100196651	101199252	415	14	0.0008729379	0.000000298839
7	101199253	103197509	741	14	0.0001977924	0.000000368884
7	103197510	104159524	983	14	0.0000192048	0.000000373682
7	104159525	105682904	880	14	0.0000767964	0.000000421713
7	105682905	107780177	1481	14	0.0000651652	0.000000430898
7	107780178	109647593	1298	14	0.0002478505	0.000000426073
7	109647594	112618683	1701	14	0.0000424807	0.000000409205
7	112618684	113712386	570	14	-0.0000404886	0.000000192591
7	113712387	116780177	1582	14	0.0000121868	0.000000404915
7	116780178	118351580	926	14	0.0000305729	0.000000216797
7	118351581	121045272	1171	14	0.0001534678	0.000000320223
7	121045273	121933629	475	14	0.0001426896	0.000000184844
7	121933630	124156804	1657	14	0.0002028399	0.000000396826
7	124156805	124167551	10	2	-0.0000284423	0.000000002358
7	124167552	126519169	1912	14	-0.0000649814	0.000000379105
7	126519170	126869220	386	14	0.0000439338	0.000000101714
7	126869221	128778385	1129	14	0.0001204840	0.000000410227
7	128778386	130422413	770	14	0.0001286113	0.000000387284
7	130422414	132805847	1762	14	0.0000421490	0.000000427720
7	132805848	134307595	1056	14	0.0001108016	0.000000307186
7	134307596	135591082	1009	14	-0.0000487616	0.000000401804
7	135591083	136876561	977	14	0.0002554796	0.000000375707
7	136876562	138744678	1163	14	0.0002162030	0.000000488273
7	138744679	139933176	522	14	0.0000662701	0.000000284215
7	139933177	140235209	183	14	0.0000835015	0.000000163489
7	140235210	141226556	539	14	0.0000878590	0.000000206588
7	141226557	142656309	956	14	0.0001133434	0.000000330739
7	142656310	144968288	1192	14	-0.0000293906	0.000000415293
7	144968289	146427959	1091	14	0.0001037783	0.000000349161
7	146427960	147815317	1470	14	-0.0000830820	0.000000378261
7	147815318	149840657	1141	14	0.0000259835	0.000000472845
7	149840658	150711504	601	14	0.0001830862	0.000000263727
7	150711505	152249805	775	14	0.0000944951	0.000000529764
7	152249806	153674018	1038	14	0.0001662661	0.000000497301
7	153674019	154964729	1038	14	0.0002119272	0.000000510926
7	154964730	156065249	948	14	-0.0001544921	0.000000519550
7	156065250	157634596	998	14	-0.0000228895	0.000000441237
7	157634597	159128574	931	14	-0.0000182495	0.000000456905
8	10422	1044216	744	14	-0.0000983602	0.000000415722
8	1044217	1163244	133	14	0.0001860137	0.000000098277
8	1163245	2042941	801	14	-0.0000021526	0.000000484497
8	2042942	2573278	614	14	-0.0000275775	0.000000439845
8	2573279	3392925	1160	14	0.0000747059	0.000000421722
8	3392926	3783016	899	14	0.0001696071	0.000000433969
8	3783017	4480475	1326	14	-0.0000990916	0.000000449901
8	4480476	5146926	998	14	-0.0000270442	0.000000441487
8	5146927	6142796	1816	14	0.0000446837	0.000000441737
8	6142797	7153078	975	14	0.0000695368	0.000000486395
8	7153079	9154693	1189	14	0.0000795007	0.000000435276
8	9154694	9640786	470	14	0.0003561425	0.000000270141
8	9640787	10463196	979	14	0.0000539287	0.000000421131
8	10463197	11278997	769	14	-0.0000032500	0.000000389817
8	11278998	13491774	1573	14	0.0000666269	0.000000429745
8	13491775	13944991	724	14	-0.0000340654	0.000000314226
8	13944992	15991659	2325	14	-0.0000683196	0.000000375396
8	15991660	17387875	1216	14	0.0000857903	0.000000426091
8	17387876	17836398	566	14	0.0001962462	0.000000316690
8	17836399	19492839	1839	14	0.0001389173	0.000000410529
8	19492840	20060855	622	14	0.0001080065	0.000000333883
8	20060856	21661736	1604	14	-0.0000718859	0.000000387145
8	21661737	22897056	753	14	0.0003998624	0.000000513983
8	22897057	24674717	1335	14	0.0000785674	0.000000412131
8	24674718	25483453	550	14	0.0000656153	0.000000211935
8	25483454	26682524	1197	14	-0.0000496746	0.000000414634
8	26682525	28162391	1569	14	0.0001068648	0.000000396235
8	28162392	29327895	689	14	-0.0000995131	0.000000283939
8	29327896	31133728	1102	14	0.0000112908	0.000000399232
8	31133729	31548359	290	14	0.0000497058	0.000000114547
8	31548360	32977217	1068	14	-0.0000344706	0.000000339588
8	32977218	35317231	1505	14	0.0001128638	0.000000352598
8	35317232	37379388	831	14	0.0000621558	0.000000311837
8	37379389	38938805	571	14	0.0001187889	0.000000306387
8	38938806	40703336	1240	14	0.0000951685	0.000000425678
8	40703337	41721453	773	14	0.0000349953	0.000000390847
8	41721454	42773822	316	14	0.0002253389	0.000000158128
8	42773823	46841314	122	11	0.0002317270	0.000000074666
8	46841315	50082469	902	14	0.0003934724	0.000000325521
8	50082470	53302929	2315	14	0.0000264272	0.000000363877
8	53302930	54418043	859	14	0.0003240059	0.000000282943
8	54418044	55945580	1064	14	0.0003749253	0.000000362285
8	55945581	56956382	755	14	0.0001214500	0.000000263640
8	56956383	59068650	1671	14	-0.0000908703	0.000000373337
8	59068651	59728099	644	14	0.0001821558	0.000000220093
8	59728100	62329098	1835	14	-0.0000649189	0.000000374749
8	62329099	63349305	782	14	0.0001859873	0.000000213873
8	63349306	65232871	1323	14	0.0000669954	0.000000350225
8	65232872	66489089	760	14	-0.0001298247	0.000000267995
8	66489090	69863056	1835	14	0.0002188006	0.000000423197
8	69863057	70867978	925	14	0.0000451292	0.000000392232
8	70867979	72289453	1015	14	0.0002366561	0.000000340942
8	72289454	73817198	1547	14	0.0000010127	0.000000376076
8	73817199	75445063	1211	14	0.0000022037	0.000000386288
8	75445064	76456541	722	14	0.0000098577	0.000000197893
8	76456542	79132860	1915	14	0.0001412711	0.000000383587
8	79132861	81956394	1607	14	0.0001741326	0.000000395469
8	81956395	82693738	529	14	-0.0001555644	0.000000173351
8	82693739	84225588	1205	14	0.0002275184	0.000000291204
8	84225589	85955618	989	14	0.0000583458	0.000000261625
8	85955619	87411708	536	14	0.0003456417	0.000000170947
8	87411709	89085480	1132	14	0.0001434362	0.000000353778
8	89085481	90638161	996	14	0.0003463573	0.000000303018
8	90638162	93554385	1594	14	0.0003185349	0.000000380488
8	93554386	95005526	798	14	0.0001363231	0.000000321573
8	95005527	96534805	1212	14	0.0003767886	0.000000421507
8	96534806	99401580	2168	14	0.0000428989	0.000000392250
8	99401581	101620957	843	14	0.0001783506	0.000000273896
8	101620958	104123305	1958	14	0.0001797037	0.000000416322
8	104123306	104988751	732	14	0.0002148537	0.000000164184
8	104988752	107410753	1870	14	0.0002166108	0.000000380376
8	107410754	108648176	1159	14	0.0001462108	0.000000320099
8	108648177	109248172	516	14	0.0001579978	0.000000123788
8	109248173	110484313	984	14	0.0001290616	0.000000208705
8	110484314	111850846	760	14	0.0000708480	0.000000189131
8	111850847	113064319	781	14	-0.0000926433	0.000000129336
8	113064320	116096494	2238	14	-0.0000577319	0.000000359786
8	116096495	119685456	2637	14	0.0003520323	0.000000405525
8	119685457	121201699	1264	14	0.0000206912	0.000000368215
8	121201700	124861458	2776	14	0.0000257930	0.000000391854
8	124861459	125683718	617	14	0.0000534507	0.000000259154
8	125683719	126410916	498	14	0.0001467348	0.000000229848
8	126410917	128659110	1893	14	0.0000782772	0.000000405081
8	128659111	130381138	1528	14	0.0001703045	0.000000389324
8	130381139	131639624	984	14	0.0002059627	0.000000391685
8	131639625	133351143	1671	14	0.0001847271	0.000000402079
8	133351144	134570000	1423	14	0.0001560472	0.000000392515
8	134570001	136035604	1631	14	-0.0000263410	0.000000380350
8	136035605	137524150	1301	14	0.0003022244	0.000000385681
8	137524151	139254829	1821	14	0.0000638675	0.000000390055
8	139254830	140725642	1492	14	0.0001570485	0.000000422258
8	140725643	143044913	1591	14	0.0000864583	0.000000435891
8	143044914	144236880	764	14	-0.0001298954	0.000000354794
8	144236881	146303866	632	14	-0.0000662254	0.000000383360
9	10023	1079706	1085	14	0.0001320036	0.000000416749
9	1079707	1916876	1244	14	-0.0000524685	0.000000403577
9	1916877	3190063	1527	14	0.0000517542	0.000000442063
9	3190064	4495327	1423	14	0.0001861027	0.000000437371
9	4495328	4884925	449	14	0.0000207421	0.000000291833
9	4884926	6557588	1111	14	-0.0000293389	0.000000388171
9	6557589	7154922	612	14	0.0001788001	0.000000365247
9	7154923	8456298	1870	14	-0.0000303938	0.000000443867
9	8456299	9166402	793	14	0.0005057029	0.000000502387
9	9166403	10879252	2096	14	-0.0000513900	0.000000442173
9	10879253	12276488	1467	14	-0.0000771028	0.000000406803
9	12276489	14836362	2625	14	0.0000525968	0.000000454886
9	14836363	16659654	1696	14	0.0000410634	0.000000421852
9	16659655	18661050	2106	14	0.0000419374	0.000000402117
9	18661051	20463533	1660	14	-0.0001360470	0.000000413507
9	20463534	22206558	1490	14	0.0005506747	0.000000428759
9	22206559	24158517	1419	14	0.0002896534	0.000000447969
9	24158518	25330809	735	14	-0.0000521133	0.000000413227
9	25330810	26111756	622	14	0.0001444226	0.000000461933
9	26111757	28224282	2010	14	-0.0000556489	0.000000390668
9	28224283	28811583	581	14	0.0000334794	0.000000271749
9	28811584	30387391	1586	14	-0.0000243262	0.000000388720
9	30387392	31310382	849	14	-0.0000633348	0.000000234991
9	31310383	32019367	661	14	-0.0000196886	0.000000159025
9	32019368	33578333	1330	14	0.0001740567	0.000000414343
9	33578334	34642242	595	14	0.0002076438	0.000000172113
9	34642243	36743282	1066	14	0.0000862435	0.000000422104
9	36743283	38641598	1447	14	0.0000071121	0.000000418381
9	38641599	65472189	203	14	0.0004179882	0.000000182534
9	65472190	72512710	1163	14	0.0002103219	0.000000401757
9	72512711	72753754	231	14	0.0001030340	0.000000065202
9	72753755	74253039	1275	14	0.0003008217	0.000000393468
9	74253040	76203945	1277	14	0.0002098993	0.000000384818
9	76203946	76973080	544	14	0.0000025361	0.000000134515
9	76973081	78900182	1755	14	-0.0000728631	0.000000405419
9	78900183	79471207	530	14	0.0001368814	0.000000307091
9	79471208	81079054	1191	14	0.0000314499	0.000000388858
9	81079055	82590927	1332	14	-0.0000058291	0.000000388669
9	82590928	84211232	1737	14	-0.0000261621	0.000000387280
9	84211233	85440800	669	14	0.0001225632	0.000000342884
9	85440801	86938195	1337	14	0.0004353097	0.000000418960
9	86938196	88109332	1011	14	0.0000402127	0.000000368109
9	88109333	88590416	208	14	-0.0001150814	0.000000069906
9	88590417	90136245	1255	14	0.0000558702	0.000000391869
9	90136246	92528697	1778	14	-0.0001117839	0.000000411505
9	92528698	94167202	1311	14	0.0000978736	0.000000428089
9	94167203	96671697	1710	14	-0.0000302004	0.000000400782
9	96671698	98922039	1329	14	0.0000147505	0.000000395364
9	98922040	101592858	1675	14	0.0000755548	0.000000403745
9	101592859	104624436	2233	14	0.0003790247	0.000000415012
9	104624437	105967975	1589	14	-0.0000690486	0.000000396686
9	105967976	107581748	1734	14	-0.0000054346	0.000000377707
9	107581749	109298753	1307	14	0.0000734188	0.000000453210
9	109298754	110695061	1131	14	0.0000343032	0.000000450358
9	110695062	112778023	2384	14	-0.0000141388	0.000000384568
9	112778024	114831081	1887	14	0.0001861262	0.000000419934
9	114831082	115693144	719	14	0.0001688306	0.000000223615
9	115693145	117019800	1240	14	0.0000104618	0.000000452998
9	117019801	117921959	932	14	0.0000091056	0.000000408436
9	117921960	121321536	3199	14	0.0002097797	0.000000399297
9	121321537	122260296	825	14	0.0000673609	0.000000312612
9	122260297	124871321	1672	14	0.0002253429	0.000000414306
9	124871322	126971886	1285	14	0.0001899306	0.000000461652
9	126971887	129059664	998	14	0.0001514052	0.000000394046
9	129059665	130055509	651	14	0.0001866003	0.000000296114
9	130055510	132165469	985	14	0.0000276063	0.000000420304
9	132165470	133223216	631	14	0.0000900142	0.000000400292
9	133223217	134127887	581	14	-0.0001008289	0.000000402578
9	134127888	135298841	784	14	0.0000142640	0.000000401220
9	135298842	137041121	1259	14	0.0003339406	0.000000523449
9	137041122	137589363	393	14	0.0003265537	0.000000344951
9	137589364	138938977	1204	14	0.0000777899	0.000000512208
9	138938978	139500341	240	14	0.0002291942	0.000000212006
9	139500342	141144795	452	14	-0.0000376623	0.000000350947
10	60523	751338	250	14	0.0000423886	0.000000157125
10	751339	1523543	652	14	0.0001694822	0.000000367612
10	1523544	2254499	976	14	0.0000608651	0.000000430668
10	2254500	3352698	1343	14	0.0001424858	0.000000443823
10	3352699	4572273	1296	14	0.0002959821	0.000000432244
10	4572274	5983761	1479	14	0.0002637250	0.000000448394
10	5983762	7171483	1294	14	0.0001522311	0.000000450742
10	7171484	8774664	1679	14	0.0000714412	0.000000425206
10	8774665	10249395	1283	14	0.0001698464	0.000000401954
10	10249396	12586796	2064	14	0.0000111871	0.000000420927
10	12586797	13321599	801	14	0.0001450605	0.000000470476
10	13321600	15026067	1715	14	0.0000320172	0.000000415427
10	15026068	16551766	1171	14	-0.0000787597	0.000000412045
10	16551767	18537266	1588	14	-0.0000281796	0.000000421309
10	18537267	19716877	1325	14	0.0004159684	0.000000446063
10	19716878	22772282	2123	14	0.0001247643	0.000000424622
10	22772283	23175131	284	14	0.0003298997	0.000000140653
10	23175132	25578595	1622	14	0.0000793301	0.000000414994
10	25578596	26888683	1343	14	0.0000330841	0.000000418083
10	26888684	29323235	2042	14	0.0000068644	0.000000420028
10	29323236	29783691	556	14	-0.0000037375	0.000000271337
10	29783692	30458837	742	14	0.0000197766	0.000000380246
10	30458838	31907518	1085	14	0.0002823754	0.000000426920
10	31907519	33707967	1398	14	0.0001842221	0.000000405269
10	33707968	35109354	1075	14	-0.0000044626	0.000000385905
10	35109355	36572507	950	14	0.0001583627	0.000000349524
10	36572508	37790028	792	14	-0.0000883466	0.000000257059
10	37790029	42372578	610	14	0.0000650318	0.000000089444
10	42372579	43894770	740	14	0.0001006917	0.000000299555
10	43894771	44730074	724	14	0.0000262561	0.000000237947
10	44730075	48760449	1551	14	0.0000459846	0.000000423807
10	48760450	50840914	1356	14	0.0001994498	0.000000443885
10	50840915	53616628	1532	14	0.0000731303	0.000000438221
10	53616629	55103571	1565	14	0.0000400513	0.000000431537
10	55103572	57031139	2045	14	-0.0000050957	0.000000421364
10	57031140	57662145	537	14	0.0005741594	0.000000150399
10	57662146	58959527	1293	14	-0.0001159298	0.000000205913
10	58959528	60289986	1191	14	0.0000862528	0.000000289589
10	60289987	61891408	1207	14	0.0002111873	0.000000432708
10	61891409	62659678	687	14	0.0002029367	0.000000237409
10	62659679	63341694	349	14	-0.0000133540	0.000000127855
10	63341695	65794113	1851	14	0.0004469521	0.000000428251
10	65794114	67549614	1318	14	0.0001702316	0.000000383603
10	67549615	69900147	2093	14	0.0000608176	0.000000394470
10	69900148	70195990	206	14	0.0001727794	0.000000080095
10	70195991	72220849	1609	14	0.0000046680	0.000000437686
10	72220850	73508511	1425	14	0.0001246040	0.000000458838
10	73508512	75422549	750	14	-0.0000991873	0.000000242335
10	75422550	78706813	1676	14	0.0001114034	0.000000394847
10	78706814	80876748	1989	14	0.0003027265	0.000000433955
10	80876749	82414678	1049	14	-0.0000005281	0.000000410360
10	82414679	84383744	1654	14	0.0000078220	0.000000392425
10	84383745	85458702	1194	14	0.0001586613	0.000000289315
10	85458703	87937576	2279	14	0.0001605701	0.000000392063
10	87937577	89127063	521	14	-0.0000453492	0.000000226359
10	89127064	91013380	1470	14	0.0001123901	0.000000408163
10	91013381	92006580	872	14	0.0001191582	0.000000321796
10	92006581	93335046	1037	14	-0.0000257349	0.000000346280
10	93335047	95396367	1236	14	0.0001710716	0.000000418698
10	95396368	96221242	551	14	-0.0000677283	0.000000208057
10	96221243	97822356	1095	14	-0.0000881230	0.000000339563
10	97822357	100241301	1581	14	0.0001072496	0.000000430189
10	100241302	100668399	356	14	-0.0000527327	0.000000096104
10	100668400	102949238	1372	14	0.0001874298	0.000000420482
10	102949239	104380409	523	14	0.0001112411	0.000000164437
10	104380410	106695047	1438	14	0.0000611586	0.000000379174
10	106695048	108726685	1659	14	-0.0000494895	0.000000387577
10	108726686	110317704	1512	14	0.0000490515	0.000000394313
10	110317705	112561492	1665	14	-0.0000932451	0.000000386244
10	112561493	115328431	2046	14	0.0000147769	0.000000416548
10	115328432	116421405	959	14	0.0001151885	0.000000431473
10	116421406	119523933	2125	14	0.0002284125	0.000000421897
10	119523934	120591352	812	14	0.0000314319	0.000000416915
10	120591353	122407322	1344	14	0.0000888486	0.000000416429
10	122407323	123231464	766	14	0.0000800023	0.000000365325
10	123231465	123900544	522	14	-0.0000191521	0.000000280740
10	123900545	125869345	1583	14	0.0000745978	0.000000429885
10	125869346	128001097	1898	14	0.0000455907	0.000000415403
10	128001098	129154361	996	14	-0.0000661839	0.000000416559
10	129154362	130844283	1798	14	0.0003395026	0.000000491414
10	130844284	131741326	877	14	0.0001613316	0.000000449548
10	131741327	132580244	933	14	-0.0000234095	0.000000406559
10	132580245	134336328	1843	14	0.0002252623	0.000000481405
10	134336329	134494672	59	6	0.0004015406	0.000000060625
10	134494673	135523864	503	14	-0.0001411797	0.000000317927
11	70855	1213589	435	14	0.0003930167	0.000000381886
11	1213590	3665480	1613	14	-0.0000914876	0.000000511731
11	3665481	4746708	904	14	0.0001812159	0.000000422475
11	4746709	6322868	2246	14	0.0000619934	0.000000413209
11	6322869	7436700	1063	14	0.0003836704	0.000000429987
11	7436701	8333273	883	14	-0.0000660310	0.000000423349
11	8333274	9087316	526	14	0.0006129122	0.000000283225
11	9087317	10952026	1233	14	0.0005314666	0.000000418818
11	10952027	12564228	2070	14	-0.0000473579	0.000000410810
11	12564229	13373123	823	14	0.0000980950	0.000000340931
11	13373124	15742551	1698	14	-0.0000677035	0.000000369381
11	15742552	17578401	1183	14	-0.0000686805	0.000000380284
11	17578402	19569534	1571	14	0.0002676945	0.000000433104
11	19569535	21017137	1451	14	0.0000035439	0.000000413393
11	21017138	22374141	1249	14	0.0000981248	0.000000423845
11	22374142	24088516	1565	14	0.0000040826	0.000000398135
11	24088517	26045752	1838	14	0.0001439763	0.000000427827
11	26045753	27020460	851	14	0.0001289700	0.000000295633
11	27020461	28481592	791	14	-0.0000687742	0.000000241409
11	28481593	30141356	1017	14	0.0003917252	0.000000351638
11	30141357	32276900	1356	14	0.0006127325	0.000000423910
11	32276901	33958738	1063	14	0.0000415577	0.000000391992
11	33958739	35502604	1631	14	0.0000180036	0.000000397900
11	35502605	37116814	1416	14	0.0001278035	0.000000406502
11	37116815	39382002	1536	14	0.0000029390	0.000000345711
11	39382003	42310002	2308	14	0.0000933004	0.000000390923
11	42310003	44693798	2010	14	0.0000361437	0.000000390383
11	44693799	47006136	1369	14	-0.0000921652	0.000000374342
11	47006137	49866049	1134	14	0.0000271095	0.000000233803
11	49866050	54695472	492	12	0.0000123259	0.000000080668
11	54695473	55082656	43	5	0.0000636991	0.000000023062
11	55082657	58457494	2835	14	0.0001605655	0.000000373296
11	58457495	58780548	194	10	0.0000541854	0.000000049107
11	58780549	62223770	1834	14	-0.0000486208	0.000000410353
11	62223771	63804568	482	14	0.0000166483	0.000000222939
11	63804569	65898630	810	14	0.0001505040	0.000000440649
11	65898631	68005824	536	14	0.0001989480	0.000000286246
11	68005825	69516129	920	14	-0.0000151506	0.000000441431
11	69516130	70926291	916	14	-0.0000165544	0.000000451801
11	70926292	72286016	664	14	0.0001470225	0.000000292433
11	72286017	74412350	1043	14	0.0001495474	0.000000394105
11	74412351	76797208	1358	14	0.0001168873	0.000000415378
11	76797209	78355057	846	14	0.0002053209	0.000000338709
11	78355058	80722372	2159	14	0.0001626700	0.000000420878
11	80722373	81266711	669	14	0.0000500563	0.000000262135
11	81266712	84381271	2686	14	-0.0001410503	0.000000376256
11	84381272	86619300	1587	14	0.0001067779	0.000000391425
11	86619301	87430234	776	14	0.0001938943	0.000000250282
11	87430235	89208935	1240	14	0.0000413587	0.000000391872
11	89208936	90966489	1054	14	0.0001512681	0.000000278130
11	90966490	92077143	863	14	0.0000126475	0.000000257700
11	92077144	93276156	849	14	0.0003071354	0.000000322564
11	93276157	94242259	596	14	0.0000082212	0.000000182372
11	94242260	95726040	1183	14	0.0003190511	0.000000448805
11	95726041	97057057	1008	14	-0.0001068480	0.000000417193
11	97057058	98705064	1438	14	0.0001042622	0.000000400473
11	98705065	100417168	1849	14	-0.0001370077	0.000000386263
11	100417169	101331120	990	14	0.0005231830	0.000000349648
11	101331121	103959635	2546	14	0.0002554159	0.000000407395
11	103959636	104873283	691	14	0.0000027557	0.000000139710
11	104873284	106520893	1192	14	0.0003610577	0.000000347632
11	106520894	107844199	1039	14	-0.0000594932	0.000000399237
11	107844200	108437036	231	14	-0.0000220960	0.000000062453
11	108437037	109866115	767	14	-0.0000070450	0.000000321722
11	109866116	111114396	1032	14	0.0000523317	0.000000361702
11	111114397	112459487	731	14	0.0000079619	0.000000258982
11	112459488	114257727	1562	14	0.0000936179	0.000000421347
11	114257728	114830665	532	14	0.0001123589	0.000000169564
11	114830666	116383347	1222	14	0.0000506255	0.000000409519
11	116383348	117747109	1097	14	-0.0000177602	0.000000455130
11	117747110	119215475	883	14	0.0002186988	0.000000430375
11	119215476	120766805	1151	14	-0.0001034720	0.000000432593
11	120766806	121175942	418	14	-0.0000229332	0.000000147065
11	121175943	122591909	966	14	0.0004982493	0.000000430628
11	122591910	123500116	698	14	0.0000650744	0.000000430115
11	123500117	124495527	1054	14	-0.0001540260	0.000000264117
11	124495528	126311319	1460	14	0.0001310031	0.000000412957
11	126311320	127316678	1079	14	-0.0000496227	0.000000395819
11	127316679	128188536	665	14	0.0000455321	0.000000267874
11	128188537	130342574	1553	14	0.0000683906	0.000000434570
11	130342575	131074611	761	14	-0.0000803556	0.000000401214
11	131074612	133000045	2077	14	-0.0000834950	0.000000414573
11	133000046	134205992	949	14	0.0002552035	0.000000447687
11	134205993	134946451	885	14	0.0003374553	0.000000491975
12	61107	1080330	567	14	-0.0001344268	0.000000380057
12	1080331	2544785	892	14	0.0003915366	0.000000472342
12	2544786	3677036	920	14	0.0001950801	0.000000462843
12	3677037	4417678	671	14	0.0001495170	0.000000445847
12	4417679	5321471	904	14	0.0001438743	0.000000409114
12	5321472	6419752	1045	14	0.0002220699	0.000000423116
12	6419753	8377535	904	14	0.0000042607	0.000000490236
12	8377536	9031394	277	14	-0.0000354225	0.000000199257
12	9031395	10481533	1123	14	0.0000892446	0.000000411161
12	10481534	11754845	809	14	0.0000010071	0.000000318073
12	11754846	12733527	764	14	-0.0000523933	0.000000423050
12	12733528	15241483	2005	14	0.0002057176	0.000000415577
12	15241484	16310459	496	14	0.0002007550	0.000000242297
12	16310460	18087872	1347	14	-0.0000644998	0.000000384103
12	18087873	20863942	2332	14	-0.0001059831	0.000000397015
12	20863943	23820633	2220	14	0.0000913673	0.000000397766
12	23820634	25371082	1494	14	0.0002114453	0.000000420281
12	25371083	27799772	2185	14	0.0000084567	0.000000386936
12	27799773	29651254	1609	14	-0.0001297401	0.000000376579
12	29651255	30512405	1224	14	0.0002128845	0.000000409828
12	30512406	32165591	1415	14	0.0002214040	0.000000435178
12	32165592	33076988	872	14	-0.0001000470	0.000000337227
12	33076989	37856716	1125	14	0.0001680340	0.000000249784
12	37856717	39227168	527	14	-0.0000041100	0.000000121169
12	39227169	40816184	1356	14	-0.0000190922	0.000000338611
12	40816185	41658585	854	14	-0.0000995534	0.000000215281
12	41658586	43984473	2193	14	0.0002369006	0.000000387599
12	43984474	46024228	1140	14	0.0001489227	0.000000316062
12	46024229	47714792	966	14	0.0002898884	0.000000406746
12	47714793	49001865	1082	14	0.0002233870	0.000000413328
12	49001866	51776493	1077	14	0.0001175858	0.000000433658
12	51776494	53039003	1146	14	0.0000615323	0.000000430328
12	53039004	54778822	1035	14	-0.0000197378	0.000000433697
12	54778823	55665836	615	14	-0.0000716964	0.000000254861
12	55665837	57548859	708	14	0.0001027942	0.000000349434
12	57548860	59308665	895	14	0.0002815750	0.000000355374
12	59308666	61123728	1134	14	0.0002827571	0.000000351304
12	61123729	64032460	2430	14	0.0001382857	0.000000415717
12	64032461	65559694	755	14	0.0000163694	0.000000359469
12	65559695	67181143	1048	14	0.0003616200	0.000000425481
12	67181144	67909728	725	14	-0.0000600139	0.000000205642
12	67909729	69826541	1531	14	-0.0000020952	0.000000433307
12	69826542	70957986	1150	14	0.0003700254	0.000000392606
12	70957987	72645074	1223	14	0.0000592439	0.000000430374
12	72645075	73818453	764	14	0.0001076430	0.000000258855
12	73818454	76511313	1828	14	0.0000008702	0.000000400568
12	76511314	78570569	1690	14	0.0001078145	0.000000428045
12	78570570	80448149	958	14	0.0003146794	0.000000406217
12	80448150	81467766	759	14	0.0000695737	0.000000211535
12	81467767	83502665	1351	14	-0.0000794298	0.000000391225
12	83502666	84303843	662	14	-0.0000111895	0.000000160068
12	84303844	85990425	1093	14	0.0002358485	0.000000256665
12	85990426	89682121	2038	14	0.0000662828	0.000000379969
12	89682122	92066154	1573	14	0.0000640092	0.000000405153
12	92066155	94514566	1846	14	-0.0001208428	0.000000430833
12	94514567	96020784	1223	14	0.0000383042	0.000000430578
12	96020785	97108838	889	14	0.0002000584	0.000000425173
12	97108839	99305986	1813	14	0.0002493960	0.000000423998
12	99305987	101447640	1426	14	0.0000072438	0.000000421060
12	101447641	101862689	287	14	-0.0000316652	0.000000113209
12	101862690	102964985	644	14	0.0000936136	0.000000291578
12	102964986	104848695	1541	14	0.0001455147	0.000000414844
12	104848696	106436212	1541	14	-0.0001017365	0.000000398195
12	106436213	106958747	427	14	0.0003103847	0.000000225861
12	106958748	109025900	1438	14	0.0000313724	0.000000404784
12	109025901	110336718	742	14	-0.0000077791	0.000000327879
12	110336719	113263517	720	14	0.0008020519	0.000000325022
12	113263518	113986708	399	14	-0.0000149955	0.000000192757
12	113986709	115036601	1091	14	0.0001134792	0.000000407344
12	115036602	115503215	389	14	0.0000322385	0.000000195332
12	115503216	117087470	1316	14	0.0000196991	0.000000412147
12	117087471	118135374	831	14	-0.0000151100	0.000000426501
12	118135375	119754109	1292	14	0.0000373162	0.000000436708
12	119754110	122007650	1186	14	0.0002358306	0.000000419815
12	122007651	124977979	1167	14	0.0000614641	0.000000425670
12	124977980	126445504	1196	14	-0.0001358121	0.000000467902
12	126445505	127875097	1417	14	0.0000508374	0.000000433942
12	127875098	129237296	1424	14	-0.0000773883	0.000000489976
12	129237297	130377920	1279	14	0.0000400179	0.000000440753
12	130377921	131786750	1462	14	0.0000571443	0.000000483552
12	131786751	132807033	671	14	-0.0000509206	0.000000366189
12	132807034	133841510	339	14	0.0003359487	0.000000216645
13	19020013	20686719	788	14	-0.0001233754	0.000000335291
13	20686720	22242173	1147	14	0.0001718332	0.000000436954
13	22242174	23594701	1311	14	0.0003873565	0.000000498298
13	23594702	24531936	1031	14	0.0001032389	0.000000425096
13	24531937	25784361	1230	14	-0.0000828055	0.000000426454
13	25784362	27284361	1160	14	0.0001045883	0.000000425494
13	27284362	29257550	1635	14	0.0000367935	0.000000436278
13	29257551	30483266	1074	14	-0.0001220497	0.000000404470
13	30483267	32301814	1549	14	0.0000490243	0.000000455789
13	32301815	33776902	1216	14	-0.0000731844	0.000000389687
13	33776903	35026463	1012	14	0.0001258269	0.000000377954
13	35026464	36046366	485	14	0.0000548574	0.000000205366
13	36046367	37498184	1304	14	0.0000343297	0.000000400345
13	37498185	38878162	1439	14	0.0002014416	0.000000391933
13	38878163	41069262	1874	14	0.0000540527	0.000000421294
13	41069263	43101026	1308	14	0.0002749978	0.000000406207
13	43101027	44901408	1651	14	0.0000595306	0.000000394356
13	44901409	46495213	984	14	-0.0000538114	0.000000417891
13	46495214	47431078	717	14	-0.0000181129	0.000000275180
13	47431079	49383961	1418	14	-0.0000074029	0.000000382851
13	49383962	51591090	1448	14	0.0001748379	0.000000420164
13	51591091	53339621	712	14	-0.0001084575	0.000000384556
13	53339622	54682863	1186	14	0.0000643829	0.000000392765
13	54682864	55817130	883	14	-0.0000943686	0.000000240039
13	55817131	57554216	971	14	-0.0000732694	0.000000179526
13	57554217	58410625	563	14	0.0001031612	0.000000131615
13	58410626	59302270	695	14	-0.0000843645	0.000000137772
13	59302271	60854777	1323	14	0.0002243918	0.000000412793
13	60854778	61591948	707	14	-0.0000029528	0.000000230869
13	61591949	63971558	1959	14	-0.0000510587	0.000000408436
13	63971559	65200601	1103	14	0.0000587201	0.000000225273
13	65200602	67844452	1735	14	0.0000726688	0.000000395008
13	67844453	70724515	2660	14	-0.0000232368	0.000000391595
13	70724516	71526790	736	14	-0.0000020263	0.000000360807
13	71526791	73934088	1830	14	0.0000139292	0.000000420515
13	73934089	75670142	1489	14	0.0002473817	0.000000435696
13	75670143	77410554	1680	14	0.0003518379	0.000000402253
13	77410555	78808812	1014	14	0.0000496536	0.000000316254
13	78808813	80585675	1273	14	0.0000437705	0.000000392047
13	80585676	82581813	1611	14	0.0001359459	0.000000410648
13	82581814	84133143	1161	14	0.0000116560	0.000000270203
13	84133144	85610915	1116	14	0.0000948256	0.000000333339
13	85610916	88559881	2216	14	0.0002980574	0.000000417229
13	88559882	90521310	1361	14	0.0003331575	0.000000360093
13	90521311	93129690	2149	14	0.0001713913	0.000000404683
13	93129691	93586454	297	14	0.0001953142	0.000000126822
13	93586455	96087557	2206	14	0.0000057380	0.000000423622
13	96087558	97519209	782	14	0.0004027399	0.000000308019
13	97519210	98938918	861	14	-0.0001021092	0.000000418371
13	98938919	100574094	1533	14	0.0002738346	0.000000418864
13	100574095	102300522	1537	14	0.0002974699	0.000000401972
13	102300523	104066709	1887	14	0.0000041831	0.000000404656
13	104066710	104844113	758	14	0.0002613722	0.000000320150
13	104844114	106247553	1468	14	0.0000520572	0.000000422586
13	106247554	106749999	613	14	0.0002125895	0.000000276291
13	106750000	108189876	1277	14	0.0000129272	0.000000424613
13	108189877	109121209	949	14	-0.0000478861	0.000000429673
13	109121210	109815111	763	14	0.0000183855	0.000000311882
13	109815112	111232072	1389	14	0.0004075066	0.000000485034
13	111232073	112247591	879	14	0.0000370092	0.000000445881
13	112247592	113572487	973	14	-0.0000533441	0.000000442372
13	113572488	115109852	730	14	0.0000884233	0.000000502970
14	19002084	21589401	1096	14	-0.0000563801	0.000000515687
14	21589402	23018664	1490	14	0.0000051868	0.000000413569
14	23018665	24905122	1210	14	0.0003114190	0.000000496941
14	24905123	26135685	1295	14	-0.0000243193	0.000000383862
14	26135686	28466532	1650	14	0.0001724435	0.000000426529
14	28466533	29972144	913	14	0.0000780241	0.000000343560
14	29972145	32383264	1248	14	0.0003239205	0.000000445787
14	32383265	34846250	2244	14	0.0000881897	0.000000454090
14	34846251	35859592	485	14	0.0000145819	0.000000204433
14	35859593	38667724	1672	14	0.0000975972	0.000000407019
14	38667725	40341989	1194	14	0.0003051890	0.000000404379
14	40341990	41615501	1122	14	-0.0000417443	0.000000225885
14	41615502	43137388	1005	14	0.0000739030	0.000000289977
14	43137389	44543226	973	14	0.0000064150	0.000000336495
14	44543227	46081895	814	14	0.0002524724	0.000000296712
14	46081896	46749129	537	14	0.0001750137	0.000000123937
14	46749130	48573585	1571	14	0.0002610458	0.000000394971
14	48573586	49005470	296	14	0.0000438865	0.000000086029
14	49005471	50507759	1005	14	0.0000516964	0.000000387530
14	50507760	51493571	702	14	0.0001144853	0.000000308486
14	51493572	53474382	1655	14	0.0002109840	0.000000404738
14	53474383	53997830	412	14	0.0003571678	0.000000139804
14	53997831	55233680	799	14	0.0000827063	0.000000401218
14	55233681	56216879	580	14	-0.0000043720	0.000000176840
14	56216880	57481261	1328	14	0.0000364580	0.000000387827
14	57481262	59448335	1483	14	0.0000994665	0.000000392383
14	59448336	61680423	1430	14	0.0001246682	0.000000371508
14	61680424	63790014	1667	14	-0.0000318615	0.000000372990
14	63790015	65220297	686	14	0.0006173053	0.000000305481
14	65220298	66399554	775	14	0.0001492946	0.000000330629
14	66399555	67992316	719	14	0.0000110481	0.000000205332
14	67992317	71131956	2280	14	0.0000343750	0.000000399467
14	71131957	72889614	1463	14	-0.0000362943	0.000000373065
14	72889615	76444766	2121	14	0.0001837530	0.000000420060
14	76444767	77229471	629	14	0.0003716879	0.000000381532
14	77229472	78561944	1123	14	-0.0000590360	0.000000388788
14	78561945	80186578	1235	14	0.0001204019	0.000000390174
14	80186579	81579713	1180	14	-0.0000213837	0.000000362901
14	81579714	83138096	1065	14	0.0002689192	0.000000414793
14	83138097	84241632	958	14	-0.0000764783	0.000000339135
14	84241633	85746318	1169	14	0.0001900705	0.000000398537
14	85746319	86647001	655	14	-0.0000108862	0.000000252814
14	86647002	87635340	739	14	0.0000911015	0.000000289349
14	87635341	89497642	1353	14	0.0001252909	0.000000392607
14	89497643	91296859	1330	14	0.0002386048	0.000000428687
14	91296860	93132298	1310	14	0.0000768754	0.000000418719
14	93132299	94325284	783	14	0.0003325984	0.000000386919
14	94325285	95750866	1589	14	0.0001159587	0.000000433331
14	95750867	96262414	700	14	-0.0000153619	0.000000377647
14	96262415	98341161	1606	14	-0.0000941876	0.000000419275
14	98341162	99138531	877	14	0.0000690836	0.000000283851
14	99138532	101534306	1637	14	0.0000458854	0.000000442886
14	101534307	103012101	765	14	0.0000025594	0.000000468034
14	103012102	105001722	942	14	0.0001643201	0.000000438785
14	105001723	106340357	302	14	0.0003001761	0.000000229149
14	106340358	107289453	284	14	0.0000145763	0.000000222027
15	20001200	21131603	36	6	-0.0000226638	0.000000075240
15	21131604	24195126	602	14	-0.0000267834	0.000000404063
15	24195127	25108589	661	14	-0.0000198628	0.000000242782
15	25108590	27298111	1743	14	-0.0000019666	0.000000454305
15	27298112	29338501	1070	14	-0.0000863854	0.000000393576
15	29338502	30165567	608	14	0.0000365419	0.000000290902
15	30165568	31591820	536	14	-0.0001134513	0.000000287298
15	31591821	32441810	506	14	0.0001272795	0.000000221458
15	32441811	34015424	1341	14	-0.0000631607	0.000000399373
15	34015425	35083250	752	14	0.0001695414	0.000000402303
15	35083251	37456501	1918	14	-0.0000296948	0.000000412801
15	37456502	38530776	748	14	0.0002439731	0.000000364857
15	38530777	40384131	1646	14	-0.0000008732	0.000000398937
15	40384132	41177513	412	14	0.0002128865	0.000000203958
15	41177514	42776398	780	14	0.0004147231	0.000000400334
15	42776399	44198048	428	14	0.0003183123	0.000000149678
15	44198049	46618786	993	14	0.0001250677	0.000000400415
15	46618787	48136047	1351	14	-0.0000531905	0.000000363209
15	48136048	50008042	956	14	0.0001887654	0.000000307264
15	50008043	51677559	1138	14	0.0001905545	0.000000388301
15	51677560	53069095	793	14	0.0001721278	0.000000299827
15	53069096	54508527	1387	14	0.0002416392	0.000000402105
15	54508528	55136268	588	14	0.0000361711	0.000000263860
15	55136269	56901772	1113	14	0.0005312565	0.000000444483
15	56901773	58441365	1248	14	0.0001279984	0.000000407639
15	58441366	59694115	941	14	0.0002462804	0.000000424757
15	59694116	61265835	1222	14	0.0000073120	0.000000420078
15	61265836	63215221	1682	14	0.0002206731	0.000000433486
15	63215222	65104667	920	14	0.0005190134	0.000000432771
15	65104668	67094766	1042	14	0.0000695547	0.000000426873
15	67094767	69017998	1317	14	0.0000089582	0.000000390816
15	69017999	70133340	563	14	0.0000237821	0.000000280243
15	70133341	71922648	1259	14	-0.0000968568	0.000000405244
15	71922649	73628713	748	14	0.0000473600	0.000000222410
15	73628714	76398623	1012	14	0.0004728687	0.000000426516
15	76398624	78516052	1097	14	0.0001134754	0.000000389757
15	78516053	80860977	1904	14	-0.0000802566	0.000000380255
15	80860978	84260467	1528	14	0.0004172459	0.000000418367
15	84260468	86652904	1643	14	0.0001394702	0.000000390296
15	86652905	88369942	1509	14	-0.0001328581	0.000000381875
15	88369943	90475550	1294	14	0.0004407256	0.000000455473
15	90475551	92164391	1182	14	0.0003077572	0.000000443988
15	92164392	93780901	1424	14	0.0001573692	0.000000444139
15	93780902	94924329	1186	14	0.0000369135	0.000000469174
15	94924330	96141595	1116	14	-0.0000933666	0.000000415313
15	96141596	98030909	1397	14	0.0002633009	0.000000459494
15	98030910	99244058	1125	14	-0.0000784428	0.000000446174
15	99244059	100636846	1081	14	0.0000057730	0.000000439218
15	100636847	101552693	715	14	0.0000682676	0.000000465261
15	101552694	102520965	742	14	0.0003499540	0.000000505911
16	60054	1207205	482	14	0.0004413135	0.000000517984
16	1207206	2764828	628	14	0.0000363028	0.000000430336
16	2764829	4001195	480	14	0.0001788496	0.000000395033
16	4001196	5118344	602	14	0.0000139504	0.000000502650
16	5118345	5891579	751	14	0.0000597125	0.000000468180
16	5891580	6893550	1262	14	0.0000985132	0.000000439661
16	6893551	7529120	933	14	0.0000805887	0.000000403204
16	7529121	8338518	1060	14	-0.0000484294	0.000000426171
16	8338519	9799418	1376	14	-0.0000032460	0.000000417437
16	9799419	10426031	765	14	-0.0000245806	0.000000304319
16	10426032	11520160	808	14	-0.0000769958	0.000000437902
16	11520161	12613097	726	14	0.0000418066	0.000000416594
16	12613098	13154436	656	14	-0.0000469089	0.000000314563
16	13154437	14464001	1095	14	0.0000399733	0.000000391345
16	14464002	16154059	440	14	0.0003585639	0.000000307404
16	16154060	17644748	701	14	0.0002529393	0.000000466975
16	17644749	18643606	364	14	0.0001044612	0.000000187265
16	18643607	20150570	805	14	0.0001470478	0.000000449943
16	20150571	22448903	772	14	0.0000954887	0.000000355084
16	22448904	24136874	961	14	-0.0000973447	0.000000419388
16	24136875	25986861	1374	14	-0.0000198835	0.000000417356
16	25986862	27445754	1232	14	0.0001272583	0.000000435052
16	27445755	29036612	534	14	0.0002232244	0.000000253888
16	29036613	31382942	467	14	0.0002836638	0.000000307243
16	31382943	46399472	248	14	-0.0000904065	0.000000110745
16	46399473	49007925	607	14	0.0001354141	0.000000213682
16	49007926	52035822	2020	14	-0.0000012235	0.000000409306
16	52035823	53382571	905	14	-0.0000252515	0.000000329215
16	53382572	55903773	2187	14	0.0002404895	0.000000434491
16	55903774	57664329	1168	14	-0.0001163940	0.000000419369
16	57664330	59045404	902	14	0.0000174861	0.000000447661
16	59045405	60745693	1145	14	0.0000210565	0.000000409949
16	60745694	62229848	821	14	-0.0000302762	0.000000254679
16	62229849	63691588	1026	14	-0.0000088484	0.000000409891
16	63691589	65938565	1757	14	-0.0000812950	0.000000380407
16	65938566	68841362	1185	14	0.0002391726	0.000000422278
16	68841363	71054027	625	14	0.0002624903	0.000000335414
16	71054028	72935149	768	14	0.0000314700	0.000000341595
16	72935150	74971502	1295	14	0.0001169838	0.000000469336
16	74971503	75977953	460	14	-0.0000664213	0.000000226321
16	75977954	77523677	1478	14	0.0000616235	0.000000416705
16	77523678	78456291	1177	14	-0.0000445662	0.000000417986
16	78456292	79134814	984	14	0.0002015890	0.000000461134
16	79134815	80297373	1358	14	0.0001685341	0.000000416691
16	80297374	81772535	1453	14	0.0000418147	0.000000437046
16	81772536	82747727	1045	14	0.0005117077	0.000000488189
16	82747728	83477207	1088	14	0.0001763331	0.000000424758
16	83477208	84445882	1309	14	0.0001708075	0.000000467703
16	84445883	85148684	843	14	0.0000307233	0.000000512185
16	85148685	86156598	877	14	0.0000173867	0.000000528620
16	86156599	86815410	904	14	0.0005841729	0.000000510026
16	86815411	87647348	672	14	0.0002400538	0.000000492308
16	87647349	89041164	673	14	0.0002787270	0.000000626623
16	89041165	90292811	555	14	0.0001972191	0.000000387691
17	56	1172398	531	14	-0.0001832627	0.000000616506
17	1172399	1928730	426	14	0.0001273480	0.000000355883
17	1928731	3702311	1129	14	0.0001529406	0.000000462628
17	3702312	4696260	604	14	0.0000197885	0.000000515857
17	4696261	5741333	777	14	0.0000526299	0.000000364686
17	5741334	7317397	1115	14	0.0002526113	0.000000532455
17	7317398	8306424	452	14	0.0005572742	0.000000358014
17	8306425	9965920	1238	14	-0.0000627048	0.000000450471
17	9965921	11102814	918	14	-0.0000966558	0.000000440337
17	11102815	12534768	1037	14	-0.0000755526	0.000000426764
17	12534769	13180371	591	14	0.0000468151	0.000000342512
17	13180372	13894636	726	14	0.0000333014	0.000000439121
17	13894637	15019096	1304	14	0.0001909592	0.000000443417
17	15019097	16412341	604	14	0.0000683873	0.000000336676
17	16412342	18856319	1046	14	-0.0000432376	0.000000423769
17	18856320	21290356	742	14	0.0001385631	0.000000360126
17	21290357	27334243	1062	14	0.0002904592	0.000000435151
17	27334244	29786490	768	14	0.0000496914	0.000000258284
17	29786491	31538424	1003	14	-0.0001258313	0.000000412877
17	31538425	32912797	1617	14	-0.0000116290	0.000000393317
17	32912798	34469035	970	14	-0.0000768206	0.000000423624
17	34469036	36809343	862	14	0.0000627796	0.000000463015
17	36809344	38877403	721	14	0.0003819873	0.000000423385
17	38877404	39899809	697	14	0.0002671173	0.000000304006
17	39899810	41772086	540	14	-0.0000518548	0.000000206831
17	41772087	43056904	558	14	0.0002971558	0.000000249778
17	43056905	45876021	1244	14	0.0004539802	0.000000404995
17	45876022	47517399	907	14	0.0003555099	0.000000384907
17	47517400	49898956	1360	14	0.0001361305	0.000000457433
17	49898957	50719054	610	14	0.0000698922	0.000000180232
17	50719055	51826117	859	14	0.0000996385	0.000000229269
17	51826118	53599431	1241	14	0.0001227997	0.000000410463
17	53599432	55357540	1202	14	0.0000756790	0.000000422578
17	55357541	57487511	1143	14	0.0003009579	0.000000450246
17	57487512	59312754	419	14	0.0007895372	0.000000190199
17	59312755	61545588	822	14	0.0001009665	0.000000434938
17	61545589	63148127	523	14	0.0001461627	0.000000240560
17	63148128	64800429	1372	14	0.0001639525	0.000000423629
17	64800430	67858769	1794	14	-0.0000430170	0.000000438612
17	67858770	69387816	1389	14	0.0002522595	0.000000404673
17	69387817	72672202	2609	14	-0.0001545025	0.000000443506
17	72672203	74375559	688	14	0.0002803259	0.000000435869
17	74375560	76263412	1298	14	-0.0001599560	0.000000514119
17	76263413	77298635	762	14	0.0004605203	0.000000570946
17	77298636	78837587	1034	14	0.0003070310	0.000000515626
17	78837588	80034407	458	14	0.0001588651	0.000000370548
17	80034408	81194907	554	14	0.0002700483	0.000000314574
18	10644	912485	717	14	0.0003499345	0.000000503627
18	912486	1942910	840	14	0.0001392505	0.000000327192
18	1942911	3891657	1562	14	-0.0000343192	0.000000459655
18	3891658	5834179	1611	14	-0.0000132692	0.000000456897
18	5834180	7090484	1089	14	-0.0000350376	0.000000464914
18	7090485	8498930	1105	14	0.0000514413	0.000000439056
18	8498931	11075912	2383	14	-0.0000705344	0.000000448394
18	11075913	11905439	567	14	0.0004197922	0.000000386072
18	11905440	14440798	1437	14	0.0001564494	0.000000448406
18	14440799	19485843	359	14	0.0004592015	0.000000187293
18	19485844	20649471	669	14	0.0000175938	0.000000238425
18	20649472	22996650	1518	14	0.0002062723	0.000000400864
18	22996651	24026190	664	14	0.0000097745	0.000000261980
18	24026191	25927681	1560	14	0.0005203162	0.000000439783
18	25927682	26875586	663	14	-0.0000677421	0.000000157318
18	26875587	27866477	723	14	-0.0000302249	0.000000204345
18	27866478	30264065	1877	14	0.0000307775	0.000000400045
18	30264066	31780066	876	14	0.0001045349	0.000000248273
18	31780067	33861963	1371	14	-0.0000463692	0.000000392838
18	33861964	35075249	915	14	0.0000608952	0.000000394691
18	35075250	36365489	1101	14	0.0000029163	0.000000334034
18	36365490	37684366	833	14	0.0001919779	0.000000242362
18	37684367	39892647	1833	14	0.0001602008	0.000000397471
18	39892648	42922105	2192	14	0.0001739551	0.000000392480
18	42922106	44299245	1225	14	0.0004215353	0.000000431518
18	44299246	45939731	1139	14	-0.0000720692	0.000000403306
18	45939732	47730583	1378	14	-0.0000133330	0.000000418718
18	47730584	51062184	2556	14	0.0002639473	0.000000404749
18	51062185	51554174	483	14	-0.0001102632	0.000000092894
18	51554175	55213837	2239	14	0.0001844394	0.000000395393
18	55213838	56530219	1111	14	0.0000222861	0.000000430109
18	56530220	57630482	1072	14	0.0000629852	0.000000416871
18	57630483	59020750	1013	14	0.0000556275	0.000000364907
18	59020751	60277714	1202	14	-0.0000000861	0.000000395997
18	60277715	61820251	1212	14	0.0000618740	0.000000414967
18	61820252	63463401	1294	14	-0.0000549529	0.000000379847
18	63463402	64252800	753	14	0.0001122753	0.000000189479
18	64252801	66125816	1763	14	0.0000772133	0.000000407301
18	66125817	67175819	758	14	0.0001721763	0.000000340442
18	67175820	68621178	992	14	0.0000375254	0.000000463307
18	68621179	69621617	957	14	0.0000622248	0.000000411536
18	69621618	71038473	1301	14	0.0002624732	0.000000442929
18	71038474	71971461	1035	14	-0.0001037697	0.000000442946
18	71971462	73526986	1370	14	0.0001953497	0.000000425222
18	73526987	74813814	1150	14	0.0000883913	0.000000434785
18	74813815	75976316	1224	14	-0.0001064695	0.000000428249
18	75976317	77149990	990	14	0.0001330445	0.000000452516
18	77149991	78017157	532	14	-0.0000521006	0.000000302671
19	80840	610728	154	14	0.0002174758	0.000000255521
19	610729	2098395	533	14	-0.0000824082	0.000000931793
19	2098396	3019659	422	14	0.0005389822	0.000000453784
19	3019660	4348966	544	14	-0.0000271158	0.000000679640
19	4348967	5811851	672	14	0.0000751826	0.000000575875
19	5811852	6684884	353	14	-0.0000321706	0.000000300819
19	6684885	8347512	911	14	-0.0000220395	0.000000559603
19	8347513	9238392	431	14	0.0000199045	0.000000227938
19	9238393	11284027	822	14	0.0002336741	0.000000451114
19	11284028	13471126	760	14	0.0000649713	0.000000457389
19	13471127	14486346	372	14	-0.0000472791	0.000000282711
19	14486347	15648609	585	14	0.0002999750	0.000000400147
19	15648610	16374415	695	14	0.0001417528	0.000000288311
19	16374416	18409861	918	14	0.0002617900	0.000000544611
19	18409862	19877470	536	14	0.0002774183	0.000000320953
19	19877471	20905756	367	14	0.0003474584	0.000000211233
19	20905757	22732895	951	14	-0.0000160477	0.000000309087
19	22732896	23467745	351	14	0.0000047816	0.000000113009
19	23467746	28557892	806	14	-0.0001179534	0.000000220747
19	28557893	29790946	1232	14	0.0000477333	0.000000375917
19	29790947	30727953	719	14	0.0000877134	0.000000359984
19	30727954	32746519	1250	14	-0.0000049794	0.000000395731
19	32746520	34262951	964	14	0.0003981800	0.000000469786
19	34262952	36469294	1158	14	-0.0000638869	0.000000487851
19	36469295	37527032	478	14	0.0002791432	0.000000165194
19	37527033	40170618	1128	14	0.0000540492	0.000000425774
19	40170619	40984600	328	14	0.0001976026	0.000000170144
19	40984601	42131572	504	14	-0.0000729132	0.000000348535
19	42131573	43862454	518	14	-0.0000545458	0.000000284444
19	43862455	44744107	538	14	-0.0001198824	0.000000212783
19	44744108	46102696	658	14	0.0002457858	0.000000470234
19	46102697	47150081	489	14	0.0001481364	0.000000387522
19	47150082	49282226	997	14	0.0002019428	0.000000534358
19	49282227	51532566	1053	14	0.0001465608	0.000000612795
19	51532567	52985289	1196	14	0.0000597461	0.000000496295
19	52985290	54602361	1042	14	-0.0000434122	0.000000663029
19	54602362	55728079	623	14	-0.0001007286	0.000000631776
19	55728080	57521334	1161	14	-0.0000764602	0.000000538925
19	57521335	59118838	879	14	0.0000369196	0.000000411292
20	60479	697599	442	14	0.0000666947	0.000000378135
20	697600	2469500	1865	14	0.0002232446	0.000000467922
20	2469501	3828412	936	14	0.0000390814	0.000000426249
20	3828413	5477849	1496	14	0.0000569617	0.000000466670
20	5477850	7084072	1559	14	-0.0001643217	0.000000414591
20	7084073	8117010	1062	14	-0.0000769336	0.000000311474
20	8117011	9730920	1583	14	0.0001088730	0.000000407450
20	9730921	11249535	1516	14	0.0000500103	0.000000447874
20	11249536	12447498	1127	14	-0.0001241990	0.000000415539
20	12447499	13689863	1173	14	0.0001132467	0.000000456400
20	13689864	15958358	2063	14	0.0001739259	0.000000444493
20	15958359	17487231	1877	14	-0.0001133914	0.000000419594
20	17487232	18972202	1224	14	-0.0000259525	0.000000452791
20	18972203	20959709	1792	14	0.0000629914	0.000000453262
20	20959710	22491455	908	14	0.0000329150	0.000000308345
20	22491456	23293789	853	14	0.0002326159	0.000000326432
20	23293790	24717723	1188	14	0.0000533620	0.000000440503
20	24717724	25344230	611	14	0.0001792694	0.000000181189
20	25344231	31614822	1188	14	0.0000456461	0.000000441667
20	31614823	32813440	479	14	0.0001732550	0.000000218833
20	32813441	34960445	794	14	0.0003365439	0.000000264552
20	34960446	36909529	933	14	0.0000730288	0.000000447446
20	36909530	38436760	1107	14	0.0001729613	0.000000426644
20	38436761	39610855	970	14	0.0001530576	0.000000450635
20	39610856	40585688	571	14	0.0002755977	0.000000260806
20	40585689	41615459	1061	14	-0.0000430630	0.000000425443
20	41615460	42680175	721	14	0.0000831549	0.000000439819
20	42680176	44839055	1459	14	-0.0000850774	0.000000438978
20	44839056	47199979	1971	14	-0.0000213298	0.000000448904
20	47199980	49239657	1476	14	0.0002733690	0.000000448369
20	49239658	52472548	2602	14	0.0001878551	0.000000457858
20	52472549	54055265	1363	14	0.0001433658	0.000000466659
20	54055266	56447958	2256	14	0.0001621921	0.000000483795
20	56447959	58406571	1590	14	-0.0000092641	0.000000492549
20	58406572	59561723	1088	14	-0.0000386583	0.000000446964
20	59561724	61301854	1432	14	-0.0000899477	0.000000548333
20	61301855	62190179	547	14	-0.0000898343	0.000000498669
20	62190180	62965162	395	14	0.0001334048	0.000000283200
21	9411243	15950981	639	14	0.0000882505	0.000000393867
21	15950982	18053164	1385	14	0.0005796468	0.000000460134
21	18053165	19480374	966	14	-0.0000028333	0.000000439224
21	19480375	20962338	1363	14	-0.0000270905	0.000000430550
21	20962339	22072763	908	14	0.0000734999	0.000000433212
21	22072764	23362874	1214	14	0.0003801916	0.000000445690
21	23362875	24696230	917	14	0.0001757172	0.000000387238
21	24696231	26469121	1534	14	0.0001195308	0.000000414052
21	26469122	27271018	479	14	0.0000947690	0.000000185360
21	27271019	29125225	1780	14	0.0000339149	0.000000409977
21	29125226	31197024	1580	14	0.0000314147	0.000000386356
21	31197025	32668641	1102	14	-0.0000145309	0.000000291988
21	32668642	34376998	1143	14	-0.0000818841	0.000000400265
21	34376999	35225464	492	14	-0.0000261664	0.000000244515
21	35225465	36524372	1066	14	0.0006071071	0.000000470907
21	36524373	37870778	992	14	0.0002010198	0.000000396340
21	37870779	38711703	622	14	0.0011206858	0.000000340670
21	38711704	40482901	1638	14	0.0000661370	0.000000415677
21	40482902	41389526	958	14	0.0003422123	0.000000429352
21	41389527	43321527	1804	14	-0.0000185022	0.000000449249
21	43321528	44506267	1252	14	0.0000418908	0.000000444874
21	44506268	46177104	1066	14	0.0002308417	0.000000491785
21	46177105	47492225	947	14	0.0001233821	0.000000448355
21	47492226	48119751	420	14	0.0001682517	0.000000213279
22	16050408	17674294	422	14	0.0000436218	0.000000268085
22	17674295	18296087	441	14	0.0000097930	0.000000291043
22	18296088	19912357	1010	14	-0.0000973767	0.000000461186
22	19912358	22357324	1054	14	0.0000914121	0.000000473348
22	22357325	23712646	824	14	0.0000267002	0.000000518549
22	23712647	24984203	684	14	0.0000581834	0.000000356977
22	24984204	26791627	1431	14	0.0000713613	0.000000469489
22	26791628	27834751	1369	14	0.0000042771	0.000000455649
22	27834752	29651798	1043	14	0.0005299218	0.000000466645
22	29651799	31439917	1008	14	0.0003438025	0.000000412893
22	31439918	32664985	602	14	0.0001689412	0.000000247575
22	32664986	34494913	1808	14	0.0000437317	0.000000441961
22	34494914	35530984	1191	14	-0.0000051944	0.000000373567
22	35530985	37570268	1631	14	0.0012704507	0.000000571261
22	37570269	39307893	955	14	0.0000183946	0.000000433355
22	39307894	40545796	623	14	0.0000804832	0.000000400967
22	40545797	42690817	861	14	0.0001058647	0.000000280283
22	42690818	43714199	778	14	0.0002871261	0.000000472317
22	43714200	44995307	1348	14	0.0002395845	0.000000467545
22	44995308	46470494	1202	14	-0.0000457372	0.000000468745
22	46470495	47596317	925	14	0.0001889634	0.000000470583
22	47596318	48903702	1608	14	-0.0001321078	0.000000438813
22	48903703	49824533	1373	14	0.0000300587	0.000000498830
22	49824534	51243297	764	14	0.0000344317	0.000000464413
