chr	start	end	num_snp	k	local_h2g	var
1	10583	1892606	319	20	0.0000223477	0.000000063888
1	1892607	3582735	988	20	0.0001754827	0.000000139415
1	3582736	4380810	616	20	0.0001974084	0.000000119201
1	4380811	5913892	1965	20	-0.0000530487	0.000000129356
1	5913893	7247334	824	20	0.0000540267	0.000000134069
1	7247335	9365198	1361	20	0.0006321074	0.000000159512
1	9365199	10806983	623	20	0.0002479585	0.000000112171
1	10806984	11777840	458	20	0.0002486620	0.000000100330
1	11777841	12779465	554	20	0.0002321522	0.000000117349
1	12779466	14891510	1273	20	0.0001526555	0.000000138410
1	14891511	16897729	1295	20	-0.0000287417	0.000000130426
1	16897730	18662898	1255	20	0.0000422097	0.000000133549
1	18662899	20469148	1360	20	0.0001303143	0.000000137427
1	20469149	21736587	860	20	0.0001108926	0.000000135702
1	21736588	23086882	1014	20	-0.0000174168	0.000000130925
1	23086883	23920589	393	20	0.0003095590	0.000000072766
1	23920590	25516844	997	20	-0.0000158153	0.000000130995
1	25516845	27401866	792	20	0.0001498791	0.000000112896
1	27401867	30161880	1081	20	0.0002319955	0.000000141902
1	30161881	32438684	2020	20	0.0001258419	0.000000137230
1	32438685	34799757	1269	20	0.0001158894	0.000000136792
1	34799758	37549182	1141	20	-0.0000179497	0.000000130901
1	37549183	38731846	718	20	0.0001502638	0.000000119390
1	38731847	40200566	810	20	0.0000892115	0.000000135618
1	40200567	41975326	1095	20	0.0003559182	0.000000147356
1	41975327	43758456	1189	20	-0.0000352332	0.000000130141
1	43758457	44969182	680	20	0.0001741814	0.000000096520
1	44969183	46899500	899	20	0.0006219564	0.000000118058
1	46899501	48002575	606	20	0.0000419959	0.000000076404
1	48002576	48978187	595	20	-0.0000021568	0.000000094830
1	48978188	49894176	480	20	0.0000019546	0.000000063260
1	49894177	51713725	537	20	0.0001502729	0.000000059834
1	51713726	54226261	1049	20	0.0001817973	0.000000139692
1	54226262	56413116	1598	20	0.0000674700	0.000000134661
1	56413117	57021727	552	20	0.0002089589	0.000000073619
1	57021728	58865398	1666	20	-0.0000298652	0.000000130377
1	58865399	59890408	827	20	0.0004210330	0.000000122556
1	59890409	61922364	1281	20	0.0001616177	0.000000138804
1	61922365	63455088	1044	20	0.0000549163	0.000000134108
1	63455089	65041703	1413	20	0.0001627218	0.000000138853
1	65041704	66939403	1400	20	0.0004805139	0.000000152840
1	66939404	68477894	1449	20	0.0001605822	0.000000138759
1	68477895	69687615	803	20	0.0000330346	0.000000103577
1	69687616	71372469	1206	20	0.0002093275	0.000000140904
1	71372470	71684404	220	15	0.0001878363	0.000000028038
1	71684405	74326906	1670	20	0.0000599531	0.000000129990
1	74326907	76728134	1786	20	0.0001729499	0.000000139303
1	76728135	79661197	2136	20	0.0001303935	0.000000137430
1	79661198	81354190	1264	20	0.0000419343	0.000000133537
1	81354191	83991747	2299	20	0.0000010012	0.000000131735
1	83991748	84844494	614	20	0.0002261241	0.000000079394
1	84844495	86454750	1359	20	0.0001047615	0.000000136302
1	86454751	88128630	1223	20	0.0000700787	0.000000134776
1	88128631	90066302	1080	20	0.0003219452	0.000000145861
1	90066303	91886316	1142	20	0.0001327744	0.000000137535
1	91886317	93536458	1142	20	0.0003421613	0.000000137511
1	93536459	94506190	586	20	0.0001931090	0.000000064035
1	94506191	96150892	1225	20	-0.0001319634	0.000000125593
1	96150893	97885248	1232	20	0.0001845793	0.000000139234
1	97885249	99800603	1349	20	0.0000092439	0.000000132098
1	99800604	100826404	684	20	-0.0000366085	0.000000070298
1	100826405	102041015	955	20	0.0001740443	0.000000121851
1	102041016	102898744	713	20	0.0001394293	0.000000076666
1	102898745	103914210	632	20	0.0003526933	0.000000062998
1	103914211	106087841	1343	20	0.0000951176	0.000000135878
1	106087842	108409664	1748	20	0.0002158942	0.000000141193
1	108409665	110303930	1146	20	0.0001029289	0.000000136221
1	110303931	111741736	1076	20	0.0002559518	0.000000142956
1	111741737	113273305	1402	20	0.0003416298	0.000000146727
1	113273306	114873844	988	20	-0.0000114055	0.000000131189
1	114873845	115880592	630	20	-0.0000158134	0.000000079782
1	115880593	118839066	1793	20	0.0001287135	0.000000137356
1	118839067	144977493	1281	20	0.0000487653	0.000000133837
1	144977494	148361252	909	20	0.0000986890	0.000000128527
1	148361253	151538880	645	20	0.0003825894	0.000000095062
1	151538881	153180828	1092	20	0.0000076685	0.000000104695
1	153180829	154770402	893	20	0.0001201532	0.000000134083
1	154770403	156336132	581	20	0.0002426213	0.000000103908
1	156336133	158027411	1271	20	0.0002520214	0.000000142783
1	158027412	159913047	1448	20	0.0000962180	0.000000135926
1	159913048	162346720	1712	20	0.0001053519	0.000000136328
1	162346721	165191701	2569	20	0.0003428857	0.000000146782
1	165191702	166460516	1095	20	-0.0000190387	0.000000130853
1	166460517	169086323	2210	20	-0.0001029115	0.000000127162
1	169086324	170557775	1527	20	0.0000757119	0.000000135023
1	170557776	173097906	1839	20	0.0005131646	0.000000154277
1	173097907	175089767	895	20	0.0000556828	0.000000076468
1	175089768	177433380	1680	20	0.0000499617	0.000000133890
1	177433381	178944308	1010	20	0.0000896196	0.000000120412
1	178944309	178954469	3	1	-0.0000098266	0.000000000279
1	178954470	181144120	1611	20	0.0001747233	0.000000139381
1	181144121	182755355	1178	20	0.0000605594	0.000000134357
1	182755356	184595512	1366	20	0.0001814995	0.000000139679
1	184595513	186810022	1034	20	0.0001570511	0.000000126510
1	186810023	188759944	1638	20	0.0002431139	0.000000142391
1	188759945	189904129	684	20	0.0001439647	0.000000054922
1	189904130	191868929	1619	20	0.0000786471	0.000000127071
1	191868930	194107441	1476	20	0.0000844829	0.000000135409
1	194107442	196176200	1735	20	0.0000444522	0.000000133648
1	196176201	197311513	563	20	0.0000026639	0.000000048503
1	197311514	199239883	1107	20	0.0002626981	0.000000140644
1	199239884	200137648	707	20	0.0003825243	0.000000097758
1	200137649	201589974	1329	20	0.0000111418	0.000000132182
1	201589975	203334733	1140	20	0.0001413457	0.000000137912
1	203334734	204681067	931	20	0.0003584732	0.000000147468
1	204681068	206073264	1112	20	0.0009087346	0.000000171686
1	206073265	208410363	1357	20	0.0003182864	0.000000145700
1	208410364	210787749	1862	20	0.0001127177	0.000000136652
1	210787750	212842329	1374	20	0.0000836296	0.000000135372
1	212842330	214578265	1167	20	0.0000662486	0.000000134607
1	214578266	216243633	1354	20	0.0002026055	0.000000140608
1	216243634	218705512	2421	20	0.0001749208	0.000000139390
1	218705513	219590570	707	20	0.0000227407	0.000000080391
1	219590571	221858230	1623	20	0.0000599278	0.000000134329
1	221858231	222230219	357	20	0.0002291357	0.000000061209
1	222230220	224938519	1329	20	0.0001975345	0.000000140385
1	224938520	226810859	1013	20	0.0002328263	0.000000141938
1	226810860	229156247	1583	20	0.0000673002	0.000000134653
1	229156248	230685254	1007	20	0.0000731792	0.000000134912
1	230685255	232090251	1154	20	0.0002447213	0.000000142462
1	232090252	233429283	1197	20	-0.0000241094	0.000000130630
1	233429284	234599433	1117	20	0.0000010837	0.000000131739
1	234599434	235819435	797	20	-0.0000217303	0.000000130735
1	235819436	237555627	1487	20	0.0000589866	0.000000134287
1	237555628	238567806	943	20	0.0001215568	0.000000137041
1	238567807	239925313	1185	20	0.0001056406	0.000000136341
1	239925314	240564090	717	20	0.0001600104	0.000000111660
1	240564091	241582219	1006	20	0.0002163328	0.000000141212
1	241582220	242071601	412	20	0.0001052247	0.000000069086
1	242071602	244109498	1289	20	0.0000003365	0.000000131706
1	244109499	245506745	999	20	-0.0000488854	0.000000129540
1	245506746	247344517	1536	20	0.0000490135	0.000000133848
1	247344518	249239465	995	20	0.0009786741	0.000000174765
2	10133	1781021	1458	20	0.0001047321	0.000000136301
2	1781022	3973778	1938	20	0.0000618159	0.000000134412
2	3973779	5708336	1488	20	0.0003098741	0.000000145329
2	5708337	6836253	1318	20	0.0002598371	0.000000143127
2	6836254	8422146	1386	20	0.0002439168	0.000000142426
2	8422147	10298468	1431	20	0.0000284207	0.000000132942
2	10298469	12419149	1966	20	0.0000424170	0.000000133558
2	12419150	14335307	1657	20	0.0002612187	0.000000143188
2	14335308	16329734	1827	20	0.0003075814	0.000000145228
2	16329735	18647422	1936	20	0.0000766021	0.000000135063
2	18647423	19692403	816	20	0.0001704415	0.000000116326
2	19692404	21050489	1348	20	-0.0000895149	0.000000127751
2	21050490	23341382	1432	20	0.0001617419	0.000000138810
2	23341383	24686917	902	20	0.0001394245	0.000000123454
2	24686918	26894984	1116	20	0.0001549217	0.000000138510
2	26894985	28598776	765	20	0.0004449058	0.000000115259
2	28598777	29217558	486	20	-0.0000101182	0.000000074926
2	29217559	30463710	1225	20	-0.0000044885	0.000000131494
2	30463711	31550449	1201	20	0.0003974663	0.000000149184
2	31550450	33363776	873	20	0.0002169677	0.000000141240
2	33363777	35345027	1854	20	0.0001766221	0.000000139465
2	35345028	36122005	891	20	0.0002060518	0.000000105339
2	36122006	38132711	1956	20	0.0000510845	0.000000133940
2	38132712	39031336	658	20	0.0001858431	0.000000127776
2	39031337	40281482	644	20	-0.0000188252	0.000000099633
2	40281483	43309589	2919	20	0.0002374575	0.000000142142
2	43309590	44313802	874	20	0.0009075466	0.000000171634
2	44313803	46482633	2048	20	0.0001105993	0.000000136559
2	46482634	47318771	809	20	0.0000622147	0.000000134139
2	47318772	48213000	541	20	0.0001450196	0.000000125125
2	48213001	50022256	1583	20	0.0001901364	0.000000140059
2	50022257	50818927	839	20	0.0000081842	0.000000099430
2	50818928	52491132	1706	20	-0.0000185808	0.000000130873
2	52491133	53508451	1155	20	0.0002182736	0.000000141298
2	53508452	54685225	912	20	0.0002010702	0.000000140541
2	54685226	56203344	1259	20	-0.0000931372	0.000000127592
2	56203345	57429099	1004	20	0.0000815677	0.000000126052
2	57429100	58297314	692	20	0.0002172183	0.000000092145
2	58297315	60291999	1381	20	0.0001062110	0.000000136366
2	60292000	62429043	1098	20	0.0000572839	0.000000134212
2	62429044	64625912	1199	20	-0.0000009075	0.000000131651
2	64625913	65933443	924	20	0.0002820877	0.000000144106
2	65933444	67226165	1173	20	0.0001505368	0.000000138317
2	67226166	68010175	955	20	0.0002188617	0.000000125523
2	68010176	69139563	1078	20	0.0001871255	0.000000139927
2	69139564	70755197	1026	20	0.0002799187	0.000000144011
2	70755198	73174847	1856	20	0.0001506651	0.000000138322
2	73174848	75630085	1548	20	0.0002890428	0.000000144413
2	75630086	76913660	1106	20	-0.0000638513	0.000000128881
2	76913661	78079263	963	20	0.0000267873	0.000000132870
2	78079264	80050402	2074	20	0.0001093070	0.000000136502
2	80050403	81620840	1164	20	0.0001303437	0.000000137428
2	81620841	85140679	2499	20	0.0001948394	0.000000140266
2	85140680	88038506	1330	20	0.0003824839	0.000000148525
2	88038507	89154525	471	20	0.0000412369	0.000000065239
2	89154526	95326451	59	5	-0.0000042650	0.000000010497
2	95326452	98995200	935	20	0.0003440567	0.000000143934
2	98995201	101822328	1954	20	0.0002069617	0.000000140800
2	101822329	102688764	642	20	0.0003128866	0.000000086916
2	102688765	103588214	1023	20	0.0004079154	0.000000104301
2	103588215	105125033	824	20	0.0000821134	0.000000096872
2	105125034	106210057	900	20	0.0000113220	0.000000120104
2	106210058	107408266	990	20	0.0001144247	0.000000136727
2	107408267	108429176	961	20	0.0001266010	0.000000090619
2	108429177	110572431	1221	20	-0.0000078371	0.000000131346
2	110572432	113921855	1638	20	0.0003349073	0.000000146431
2	113921856	116772469	1755	20	0.0001700061	0.000000139174
2	116772470	118367465	1087	20	0.0001307766	0.000000104252
2	118367466	121303782	2111	20	0.0002171172	0.000000141247
2	121303783	123302905	1276	20	0.0000486462	0.000000133832
2	123302906	124732249	1228	20	0.0003382377	0.000000119482
2	124732250	125840920	914	20	0.0000380668	0.000000107988
2	125840921	127373763	1126	20	0.0000869654	0.000000097085
2	127373764	128034346	674	20	0.0000665313	0.000000093993
2	128034347	129474440	903	20	0.0002615981	0.000000131677
2	129474441	130067169	495	20	0.0000559353	0.000000056493
2	130067170	130658084	489	20	0.0001785527	0.000000063140
2	130658085	133042783	602	20	0.0000431081	0.000000093240
2	133042784	135158577	1803	20	0.0000357575	0.000000133265
2	135158578	137042793	903	20	0.0001791552	0.000000108874
2	137042794	138698116	1273	20	0.0001238057	0.000000137140
2	138698117	140100270	1067	20	0.0001582449	0.000000106011
2	140100271	141805350	1455	20	0.0001736227	0.000000139333
2	141805351	142518601	744	20	0.0001392333	0.000000092261
2	142518602	144519483	1536	20	0.0000079721	0.000000132042
2	144519484	146445569	895	20	0.0000797408	0.000000121401
2	146445570	147277161	390	20	0.0001487383	0.000000051038
2	147277162	150210291	1547	20	0.0000971464	0.000000135967
2	150210292	151731461	1085	20	0.0000932129	0.000000135794
2	151731462	152486781	592	20	0.0001682256	0.000000075007
2	152486782	154005055	1075	20	0.0000849545	0.000000133112
2	154005056	155391134	1202	20	0.0000774309	0.000000135099
2	155391135	157560634	1289	20	-0.0000514181	0.000000129428
2	157560635	158533217	364	20	0.0001264392	0.000000062945
2	158533218	159577081	744	20	0.0000547083	0.000000097599
2	159577082	161769732	1440	20	0.0002970075	0.000000144763
2	161769733	163503550	753	20	0.0001949384	0.000000091983
2	163503551	164466637	553	20	0.0001331271	0.000000069516
2	164466638	165178839	428	20	0.0000386889	0.000000058854
2	165178840	167160269	1422	20	0.0001427032	0.000000137972
2	167160270	167355969	178	13	0.0000490093	0.000000022492
2	167355970	169968235	1733	20	0.0000780667	0.000000135127
2	169968236	171226244	1022	20	0.0000042244	0.000000131877
2	171226245	173138904	1114	20	0.0000471914	0.000000133768
2	173138905	175588928	1696	20	0.0002682639	0.000000143498
2	175588929	177363635	1054	20	0.0001027865	0.000000136215
2	177363636	178553182	1062	20	0.0000528961	0.000000118514
2	178553183	181312738	2265	20	0.0001219983	0.000000137061
2	181312739	182266030	726	20	0.0001310917	0.000000082444
2	182266031	184357607	1367	20	0.0000364599	0.000000133296
2	184357608	185280172	655	20	0.0001464033	0.000000072467
2	185280173	189882064	2613	20	0.0002055836	0.000000140739
2	189882065	191973356	1116	20	0.0003202437	0.000000138558
2	191973357	195861163	1781	20	0.0002470633	0.000000142565
2	195861164	196447455	353	20	0.0001338792	0.000000047593
2	196447456	198078109	928	20	-0.0000177265	0.000000093046
2	198078110	199311124	646	20	0.0001802920	0.000000072893
2	199311125	201576283	1292	20	0.0000026614	0.000000131808
2	201576284	202818636	549	20	0.0002151379	0.000000094225
2	202818637	205799240	1454	20	0.0001408781	0.000000137892
2	205799241	206735703	694	20	0.0002182786	0.000000141298
2	206735704	208645398	1266	20	0.0001021619	0.000000136188
2	208645399	209941528	758	20	0.0001071297	0.000000103492
2	209941529	212379517	1760	20	0.0002706823	0.000000143604
2	212379518	214014281	1486	20	0.0000533676	0.000000134040
2	214014282	215573794	1083	20	0.0000434682	0.000000124951
2	215573795	217715660	1573	20	0.0000644350	0.000000134527
2	217715661	218395479	544	20	0.0001665747	0.000000094275
2	218395480	220454550	1028	20	0.0001935060	0.000000140208
2	220454551	222521175	1885	20	0.0000210836	0.000000132619
2	222521176	224859418	1736	20	0.0001108169	0.000000136568
2	224859419	225840003	771	20	0.0004646770	0.000000107060
2	225840004	228119841	1655	20	0.0001444862	0.000000138050
2	228119842	229370786	990	20	0.0000627694	0.000000123223
2	229370787	231843388	1946	20	0.0001912792	0.000000140110
2	231843389	233550002	865	20	-0.0001083328	0.000000126923
2	233550003	235150986	1515	20	0.0000204376	0.000000132591
2	235150987	236043549	815	20	0.0003703637	0.000000147992
2	236043550	237449031	939	20	0.0001100099	0.000000136533
2	237449032	238760980	1118	20	0.0000605693	0.000000134357
2	238760981	239952642	881	20	0.0001203903	0.000000136990
2	239952643	241560083	1323	20	0.0001871657	0.000000139929
2	241560084	242149920	416	20	0.0001162622	0.000000070095
2	242149921	243188919	330	20	0.0001170003	0.000000059417
3	60157	1441778	1297	20	0.0000007307	0.000000131723
3	1441779	2992119	1796	20	0.0000045114	0.000000131890
3	2992120	4431646	1641	20	0.0000445228	0.000000133651
3	4431647	6083182	1572	20	-0.0000330072	0.000000130238
3	6083183	7083386	970	20	0.0000226339	0.000000132687
3	7083387	8648560	1815	20	0.0003458449	0.000000146913
3	8648561	9543182	883	20	0.0002288759	0.000000141764
3	9543183	11019664	1061	20	0.0000946575	0.000000135857
3	11019665	13070798	1415	20	0.0004886170	0.000000153196
3	13070799	14816899	1521	20	0.0000638699	0.000000134502
3	14816900	16282441	1058	20	0.0002074877	0.000000140823
3	16282442	17891117	1072	20	0.0000712578	0.000000134827
3	17891118	19125143	802	20	0.0001682970	0.000000104513
3	19125144	20091347	364	20	0.0001341796	0.000000063283
3	20091348	21643706	1399	20	0.0000211053	0.000000132620
3	21643707	22204243	928	20	0.0001072107	0.000000136410
3	22204244	23804864	1215	20	0.0002611094	0.000000143183
3	23804865	25461557	1488	20	0.0003337558	0.000000146380
3	25461558	26877768	1029	20	0.0000257339	0.000000132824
3	26877769	27840909	679	20	0.0002190834	0.000000096848
3	27840910	29142259	978	20	0.0000237399	0.000000132736
3	29142260	30717954	1408	20	0.0000406616	0.000000133481
3	30717955	32351714	1333	20	-0.0000237889	0.000000130644
3	32351715	33255591	503	20	0.0002744707	0.000000108339
3	33255592	35283457	1312	20	0.0001811240	0.000000139373
3	35283458	36486841	916	20	-0.0000196853	0.000000113623
3	36486842	38356115	1115	20	0.0003581561	0.000000147454
3	38356116	40221297	1369	20	0.0000882126	0.000000135574
3	40221298	41064527	332	20	0.0001042782	0.000000048336
3	41064528	42540001	1084	20	-0.0000513505	0.000000129431
3	42540002	45165152	1372	20	0.0002843111	0.000000144204
3	45165153	46657499	1124	20	0.0001611980	0.000000138786
3	46657500	47727211	354	20	-0.0000129322	0.000000042464
3	47727212	49316971	444	20	0.0004155001	0.000000057331
3	49316972	51832014	811	20	0.0000881065	0.000000065974
3	51832015	54081389	1143	20	0.0004221470	0.000000150271
3	54081390	55348859	1178	20	-0.0000064359	0.000000131408
3	55348860	56433906	754	20	0.0006194148	0.000000136886
3	56433907	58157518	1045	20	0.0031346250	0.000000269652
3	58157519	60272905	1883	20	0.0003369841	0.000000146523
3	60272906	62355665	1900	20	0.0001036619	0.000000136254
3	62355666	63669285	1326	20	0.0001859305	0.000000139874
3	63669286	65273537	1404	20	0.0000013712	0.000000131752
3	65273538	66270446	632	20	0.0000661641	0.000000134603
3	66270447	68286913	1442	20	0.0000574188	0.000000134218
3	68286914	69276761	726	20	0.0001731407	0.000000124936
3	69276762	70449027	879	20	0.0003190101	0.000000143990
3	70449028	72529328	1463	20	0.0000600096	0.000000134332
3	72529329	74321816	1500	20	0.0001376056	0.000000137747
3	74321817	75704948	661	20	0.0000065524	0.000000091090
3	75704949	77508834	1193	20	0.0001420385	0.000000137943
3	77508835	79024540	955	20	0.0001129283	0.000000126858
3	79024541	81427309	1370	20	0.0001359129	0.000000121878
3	81427310	82643885	751	20	0.0000462806	0.000000070206
3	82643886	84367478	932	20	-0.0000286235	0.000000087361
3	84367479	85582230	686	20	0.0001443582	0.000000073170
3	85582231	87409731	1320	20	-0.0000517614	0.000000105166
3	87409732	88298372	550	20	0.0000672068	0.000000046720
3	88298373	94255315	1334	20	0.0001361529	0.000000131037
3	94255316	95311970	797	20	0.0000969469	0.000000063221
3	95311971	98215949	1677	20	-0.0000550321	0.000000129269
3	98215950	99373761	876	20	-0.0000060817	0.000000082910
3	99373762	100592216	654	20	0.0000149410	0.000000072553
3	100592217	103084959	1559	20	0.0000667214	0.000000134628
3	103084960	104581612	1276	20	0.0002082029	0.000000118266
3	104581613	106982810	1725	20	0.0001672095	0.000000139050
3	106982811	109522394	1817	20	0.0002968011	0.000000144754
3	109522395	110513769	753	20	0.0003311236	0.000000075802
3	110513770	112815698	1617	20	0.0001035767	0.000000136250
3	112815699	113947862	717	20	0.0003755101	0.000000108357
3	113947863	115447079	820	20	0.0002836259	0.000000141275
3	115447080	116800152	1117	20	0.0003853142	0.000000148650
3	116800153	118530250	1415	20	0.0001803557	0.000000139629
3	118530251	120523054	1287	20	0.0000217377	0.000000132648
3	120523055	121974096	868	20	0.0002133543	0.000000083097
3	121974097	123517767	1030	20	0.0008298290	0.000000168214
3	123517768	124936641	1215	20	0.0003764216	0.000000148258
3	124936642	126214942	1004	20	0.0000334526	0.000000117660
3	126214943	128194860	1338	20	0.0000976857	0.000000135991
3	128194861	130244734	876	20	0.0003647840	0.000000127964
3	130244735	131836515	1199	20	0.0001644149	0.000000127691
3	131836516	133252172	1117	20	0.0000755169	0.000000124355
3	133252173	135456905	1749	20	-0.0000236950	0.000000130648
3	135456906	137371082	965	20	0.0001171703	0.000000105043
3	137371083	139954596	1698	20	0.0004229032	0.000000150304
3	139954597	141339096	898	20	0.0000172598	0.000000132451
3	141339097	143164627	1191	20	-0.0000589023	0.000000129099
3	143164628	144410815	867	20	0.0001357295	0.000000111434
3	144410816	145664618	1117	20	0.0001683698	0.000000112307
3	145664619	146726628	909	20	0.0000126457	0.000000095754
3	146726629	149043236	1506	20	0.0001872349	0.000000139932
3	149043237	150252003	865	20	0.0001361267	0.000000137682
3	150252004	151348729	696	20	-0.0000265100	0.000000111060
3	151348730	153256570	1340	20	0.0002201630	0.000000141381
3	153256571	154714217	1026	20	0.0002228370	0.000000101117
3	154714218	156008699	740	20	0.0000968852	0.000000102489
3	156008700	157312027	972	20	0.0000983986	0.000000112601
3	157312028	159477889	1500	20	0.0000800352	0.000000135214
3	159477890	161524503	1321	20	0.0002107763	0.000000131160
3	161524504	163253204	1716	20	0.0003116737	0.000000123091
3	163253205	165055468	1266	20	0.0002700831	0.000000103462
3	165055469	167117428	1290	20	0.0000853377	0.000000117670
3	167117429	168580959	816	20	0.0001916215	0.000000100298
3	168580960	170964908	1476	20	0.0003349003	0.000000146431
3	170964909	172295730	965	20	0.0001086320	0.000000136472
3	172295731	173477284	806	20	0.0002244396	0.000000141569
3	173477285	175116538	1389	20	0.0000482112	0.000000133813
3	175116539	176320286	883	20	0.0001685625	0.000000104524
3	176320287	178107164	1186	20	0.0000784030	0.000000135142
3	178107165	179374585	848	20	0.0002296454	0.000000117801
3	179374586	181511165	995	20	0.0002163665	0.000000135717
3	181511166	183769682	1292	20	0.0002990171	0.000000144852
3	183769683	185068254	810	20	0.0001451949	0.000000138082
3	185068255	186890343	1133	20	0.0001127909	0.000000136655
3	186890344	188856213	1548	20	0.0001511264	0.000000138343
3	188856214	190226606	1450	20	0.0000315240	0.000000133079
3	190226607	192343813	1735	20	0.0001558605	0.000000138551
3	192343814	194059670	901	20	0.0001237830	0.000000137139
3	194059671	194786673	484	20	0.0000735141	0.000000104239
3	194786674	195971407	456	20	-0.0001184149	0.000000083973
3	195971408	197075986	519	20	0.0002311042	0.000000099561
3	197075987	197946621	369	20	0.0000830803	0.000000063921
4	10240	694714	233	18	-0.0000397237	0.000000034730
4	694715	1478710	481	20	0.0001343829	0.000000078042
4	1478711	2842978	559	20	0.0001931120	0.000000108374
4	2842979	3846039	576	20	0.0003889382	0.000000132996
4	3846040	4684115	507	20	0.0002834946	0.000000110673
4	4684116	5502387	731	20	0.0001140905	0.000000136713
4	5502388	6773042	1188	20	0.0000398948	0.000000133447
4	6773043	7539691	728	20	0.0000199385	0.000000132569
4	7539692	8152234	588	20	0.0001224188	0.000000134761
4	8152235	9326478	494	20	0.0001170395	0.000000101436
4	9326479	10699151	1233	20	0.0002371775	0.000000141840
4	10699152	12323033	1470	20	0.0002151888	0.000000141162
4	12323034	14272000	1700	20	0.0001922494	0.000000140152
4	14272001	15147445	762	20	0.0000922754	0.000000117126
4	15147446	15927008	528	20	-0.0000575272	0.000000076878
4	15927009	17383321	1304	20	0.0001744708	0.000000139370
4	17383322	18841873	983	20	0.0001738088	0.000000131256
4	18841874	20544556	1201	20	0.0000944342	0.000000121477
4	20544557	22319346	1472	20	-0.0000005690	0.000000131666
4	22319347	24135528	1332	20	0.0002458091	0.000000142510
4	24135529	25609321	1128	20	0.0000610149	0.000000134377
4	25609322	27343721	1071	20	0.0001219125	0.000000137057
4	27343722	27965867	501	20	0.0003412045	0.000000081509
4	27965868	29762207	1494	20	0.0001877334	0.000000139954
4	29762208	30454534	404	20	0.0000040219	0.000000048562
4	30454535	31782980	975	20	0.0002149909	0.000000139124
4	31782981	33172765	879	20	0.0001505613	0.000000106507
4	33172766	35151414	1015	20	0.0000653291	0.000000079299
4	35151415	36020435	820	20	0.0002883299	0.000000089593
4	36020436	37255046	1122	20	0.0001852904	0.000000118105
4	37255047	38907021	1459	20	0.0002883489	0.000000144382
4	38907022	40202608	734	20	0.0001693882	0.000000111513
4	40202609	42213057	1342	20	-0.0000087551	0.000000131306
4	42213058	43965044	1261	20	0.0004253891	0.000000150123
4	43965045	45189156	952	20	0.0000901072	0.000000091471
4	45189157	47411895	1208	20	0.0001330294	0.000000130325
4	47411896	48123599	498	20	0.0000140437	0.000000053372
4	48123600	53877432	1002	20	0.0001519663	0.000000119748
4	53877433	55429555	1050	20	0.0003347715	0.000000146425
4	55429556	56547643	808	20	0.0003012071	0.000000124889
4	56547644	58935007	1758	20	0.0001311952	0.000000137465
4	58935008	60741086	1296	20	0.0000457453	0.000000133705
4	60741087	62371762	1123	20	0.0002867213	0.000000132782
4	62371763	64341000	1168	20	0.0003198966	0.000000145770
4	64341001	66600491	1381	20	0.0003686425	0.000000147916
4	66600492	68059496	969	20	0.0000241560	0.000000105698
4	68059497	68854764	563	20	0.0001371541	0.000000067592
4	68854765	71049151	1382	20	-0.0000307720	0.000000123983
4	71049152	72140557	580	20	0.0001234448	0.000000063074
4	72140558	74592389	1153	20	-0.0000373255	0.000000122258
4	74592390	77130706	1607	20	0.0001983142	0.000000140419
4	77130707	79093978	1441	20	-0.0000462225	0.000000129657
4	79093979	80990296	1264	20	0.0000927884	0.000000133746
4	80990297	82125314	541	20	0.0001237203	0.000000069631
4	82125315	83372592	802	20	0.0000491603	0.000000105120
4	83372593	84799655	981	20	0.0004028843	0.000000144788
4	84799656	86930608	1360	20	0.0004810174	0.000000152862
4	86930609	87534647	294	20	0.0003068529	0.000000045063
4	87534648	89238027	1168	20	0.0006789781	0.000000161574
4	89238028	90231563	668	20	0.0004150492	0.000000114226
4	90231564	91560676	829	20	0.0000334489	0.000000097770
4	91560677	94233298	1308	20	0.0000979208	0.000000136001
4	94233299	96182187	1365	20	0.0000380066	0.000000133364
4	96182188	97540702	1224	20	0.0003414972	0.000000146721
4	97540703	99424066	1110	20	0.0002772811	0.000000104602
4	99424067	100678359	875	20	0.0002645568	0.000000121022
4	100678360	103221355	1769	20	0.0003261108	0.000000146044
4	103221356	105305293	1184	20	0.0000553326	0.000000122610
4	105305294	107501304	1280	20	0.0000323300	0.000000133114
4	107501305	108815347	810	20	0.0002384362	0.000000099061
4	108815348	111256566	1586	20	0.0003932705	0.000000149000
4	111256567	113870101	1538	20	0.0001898882	0.000000140049
4	113870102	115666245	1216	20	0.0000837605	0.000000135378
4	115666246	117276928	975	20	0.0000573930	0.000000079220
4	117276929	118479917	1086	20	-0.0000112333	0.000000102749
4	118479918	119933511	1159	20	0.0000177672	0.000000107097
4	119933512	120392683	335	20	0.0002273988	0.000000042104
4	120392684	122657986	1722	20	0.0002733828	0.000000143723
4	122657987	124286480	921	20	0.0002486914	0.000000099511
4	124286481	125210861	548	20	0.0000456325	0.000000076563
4	125210862	126480885	906	20	0.0000993769	0.000000112644
4	126480886	127275476	598	20	0.0001374045	0.000000075780
4	127275477	127830292	457	20	0.0005837238	0.000000080305
4	127830293	128996664	488	20	0.0002343782	0.000000061696
4	128996665	130591884	993	20	0.0000003216	0.000000128232
4	130591885	131283820	487	20	-0.0000041806	0.000000057502
4	131283821	132954032	999	20	0.0001093689	0.000000119293
4	132954033	134628433	1201	20	0.0000360499	0.000000105941
4	134628434	136566406	1224	20	0.0000097464	0.000000116618
4	136566407	138541970	1373	20	0.0001628622	0.000000138859
4	138541971	139556510	777	20	0.0003083105	0.000000119289
4	139556511	141084630	901	20	0.0001048789	0.000000136307
4	141084631	143443264	1560	20	0.0002265446	0.000000141662
4	143443265	146178186	1278	20	0.0002717696	0.000000138443
4	146178187	148521872	1288	20	0.0004283911	0.000000150546
4	148521873	150683579	1209	20	0.0002608732	0.000000143173
4	150683580	152782183	988	20	0.0003618781	0.000000115499
4	152782184	154477640	926	20	0.0004093956	0.000000149710
4	154477641	155056125	427	20	0.0001294978	0.000000069884
4	155056126	157485096	1795	20	0.0000721628	0.000000134867
4	157485097	158743717	734	20	0.0000970210	0.000000095329
4	158743718	161058863	1195	20	0.0002269962	0.000000141682
4	161058864	161826434	644	20	0.0000323379	0.000000087035
4	161826435	163243678	1138	20	0.0002688260	0.000000143523
4	163243679	164478233	792	20	0.0001556955	0.000000105900
4	164478234	165823447	1023	20	0.0001660007	0.000000138997
4	165823448	167018857	784	20	0.0002421421	0.000000137716
4	167018858	167852916	536	20	0.0002390078	0.000000069163
4	167852917	169676824	1303	20	0.0002025907	0.000000140608
4	169676825	170776509	585	20	0.0002502146	0.000000091966
4	170776510	172558634	1112	20	0.0001479761	0.000000130982
4	172558635	174264131	968	20	0.0001590296	0.000000120341
4	174264132	176570715	1459	20	-0.0000293184	0.000000130401
4	176570716	178991909	1845	20	0.0000418633	0.000000133534
4	178991910	180122042	836	20	0.0000267075	0.000000119355
4	180122043	182066806	1781	20	0.0000245371	0.000000132771
4	182066807	183371274	1372	20	-0.0000081275	0.000000131333
4	183371275	184929454	1094	20	0.0000485150	0.000000133826
4	184929455	186909089	1571	20	0.0000738086	0.000000134940
4	186909090	188472980	1187	20	0.0001211879	0.000000137025
4	188472981	189693510	885	20	0.0002495180	0.000000142673
4	189693511	191043593	757	20	-0.0000087294	0.000000129858
5	11940	982251	491	20	0.0001711025	0.000000085538
5	982252	2132441	959	20	0.0001578920	0.000000138640
5	2132442	3361940	1705	20	0.0002246928	0.000000141580
5	3361941	4632109	1176	20	0.0001774081	0.000000139499
5	4632110	5973232	1532	20	-0.0000530282	0.000000129357
5	5973233	7143217	1218	20	0.0000846281	0.000000135416
5	7143218	8446335	1299	20	0.0001014656	0.000000136157
5	8446336	9718831	1377	20	0.0001282482	0.000000137336
5	9718832	11173270	1461	20	0.0000867779	0.000000135510
5	11173271	13464831	1304	20	0.0001766638	0.000000139467
5	13464832	14757803	1181	20	0.0000346196	0.000000133215
5	14757804	16963612	1457	20	-0.0000000557	0.000000131689
5	16963613	18051591	601	20	0.0000674298	0.000000102583
5	18051592	19917715	1420	20	0.0004024131	0.000000149402
5	19917716	22152072	1173	20	0.0000620208	0.000000123476
5	22152073	23494323	985	20	0.0000344676	0.000000111200
5	23494324	26184850	1938	20	0.0001741629	0.000000139356
5	26184851	26857603	447	20	0.0000188475	0.000000053066
5	26857604	27984512	634	20	0.0000685563	0.000000080513
5	27984513	29714819	1297	20	0.0002170075	0.000000132582
5	29714820	31390248	1475	20	-0.0000127504	0.000000131130
5	31390249	33500179	1475	20	0.0003157596	0.000000145588
5	33500180	35048969	1091	20	-0.0000120870	0.000000131159
5	35048970	36433953	1057	20	0.0001872715	0.000000130987
5	36433954	38802409	1588	20	0.0000483025	0.000000133817
5	38802410	40287728	1199	20	0.0001870320	0.000000132412
5	40287729	41888709	1323	20	0.0001414595	0.000000117308
5	41888710	43983498	1003	20	0.0001356310	0.000000096747
5	43983499	50163397	1134	20	0.0001670419	0.000000101696
5	50163398	52134621	1421	20	0.0002026061	0.000000140318
5	52134622	53703043	1429	20	0.0000137114	0.000000132295
5	53703044	55417348	1233	20	0.0002646041	0.000000143337
5	55417349	56621101	1030	20	-0.0000584239	0.000000129120
5	56621102	57340072	621	20	0.0000077491	0.000000070643
5	57340073	58524621	1219	20	0.0000868386	0.000000135513
5	58524622	60935906	1513	20	0.0002079789	0.000000140845
5	60935907	61672994	552	20	0.0004158863	0.000000082397
5	61672995	63218986	1143	20	0.0002691134	0.000000123762
5	63218987	63968303	390	20	0.0000603518	0.000000046421
5	63968304	65911285	1301	20	0.0001275726	0.000000137306
5	65911286	67850859	1561	20	0.0002009890	0.000000140537
5	67850860	71240455	971	20	0.0000184359	0.000000129607
5	71240456	73759325	1978	20	0.0002258895	0.000000141633
5	73759326	75798865	1397	20	0.0001476824	0.000000138191
5	75798866	77623331	1418	20	0.0005876344	0.000000157554
5	77623332	79393143	1247	20	0.0002715374	0.000000143642
5	79393144	80481470	924	20	0.0000105092	0.000000131864
5	80481471	82025647	948	20	0.0004044782	0.000000149203
5	82025648	83972688	1114	20	0.0001074384	0.000000136130
5	83972689	85767289	1500	20	-0.0000093702	0.000000130989
5	85767290	87389990	682	20	0.0003614715	0.000000100633
5	87389991	88891529	630	20	0.0009949347	0.000000117551
5	88891530	90422653	908	20	0.0002329658	0.000000121609
5	90422654	91840541	697	20	0.0004895443	0.000000101632
5	91840542	93809983	842	20	0.0001763033	0.000000114897
5	93809984	95963518	1398	20	0.0000465161	0.000000133738
5	95963519	97315600	1017	20	0.0003264974	0.000000112559
5	97315601	99260991	1218	20	0.0002837094	0.000000144178
5	99260992	101578768	1431	20	0.0001952983	0.000000140287
5	101578769	103320004	1146	20	0.0000112341	0.000000131026
5	103320005	104851482	1121	20	0.0001350133	0.000000122123
5	104851483	105893054	453	20	0.0000869879	0.000000072780
5	105893055	107264195	1215	20	-0.0000152835	0.000000131019
5	107264196	108633933	959	20	0.0001639590	0.000000123963
5	108633934	110821143	1584	20	0.0000895375	0.000000135632
5	110821144	111981561	916	20	0.0000873923	0.000000135538
5	111981562	113396284	1238	20	0.0001085934	0.000000136471
5	113396285	114830369	1180	20	0.0000865769	0.000000135502
5	114830370	115831046	943	20	0.0002003827	0.000000134726
5	115831047	117346212	1397	20	0.0000522051	0.000000133989
5	117346213	118608819	864	20	0.0001130794	0.000000136668
5	118608820	119669041	765	20	0.0000807968	0.000000109863
5	119669042	120452165	602	20	0.0000890242	0.000000080067
5	120452166	122556904	1502	20	0.0002107275	0.000000140966
5	122556905	123798099	1054	20	0.0000777085	0.000000135111
5	123798100	125785648	1943	20	0.0002388740	0.000000142205
5	125785649	127344603	883	20	0.0001140791	0.000000130354
5	127344604	129519024	1658	20	0.0001747975	0.000000139384
5	129519025	132139648	1236	20	0.0006544111	0.000000143238
5	132139649	134777400	1651	20	0.0000383773	0.000000133380
5	134777401	136376049	1288	20	0.0000304244	0.000000133030
5	136376050	139265071	1334	20	0.0005110393	0.000000154183
5	139265072	140645970	682	20	0.0000830679	0.000000079807
5	140645971	142981247	1663	20	0.0000466607	0.000000133745
5	142981248	144943353	1525	20	-0.0000227492	0.000000130690
5	144943354	147181997	1578	20	0.0000253458	0.000000132807
5	147181998	148662623	1238	20	0.0000071340	0.000000132005
5	148662624	150561297	1548	20	0.0002182188	0.000000141295
5	150561298	152867773	1911	20	0.0001720529	0.000000138973
5	152867774	153773087	984	20	0.0000422461	0.000000096225
5	153773088	155373504	1246	20	0.0000936882	0.000000135815
5	155373505	156628699	835	20	0.0000813571	0.000000104305
5	156628700	158825697	1836	20	0.0001909608	0.000000140096
5	158825698	159973943	760	20	0.0006730077	0.000000159278
5	159973944	161482132	1165	20	0.0002430221	0.000000136025
5	161482133	162743907	929	20	0.0000970860	0.000000117903
5	162743908	163771581	891	20	-0.0000283369	0.000000118932
5	163771582	165642394	1265	20	0.0001561535	0.000000138564
5	165642395	166847739	915	20	0.0000058626	0.000000131949
5	166847740	168525317	1355	20	0.0001420256	0.000000137942
5	168525318	169505663	915	20	0.0000630932	0.000000134468
5	169505664	171074291	1303	20	0.0001537593	0.000000138458
5	171074292	172678326	1214	20	0.0002767050	0.000000143870
5	172678327	173642870	990	20	0.0002045097	0.000000140692
5	173642871	175450594	1595	20	0.0000877042	0.000000135551
5	175450595	177251506	665	20	0.0000401348	0.000000107238
5	177251507	178413463	879	20	0.0000612508	0.000000134387
5	178413464	179401243	688	20	0.0000501231	0.000000133897
5	179401244	180559932	688	20	0.0000115296	0.000000126707
5	180559933	180885155	87	12	0.0000496870	0.000000020571
6	73924	1452361	1375	20	0.0000259590	0.000000132834
6	1452362	2458935	860	20	0.0002724258	0.000000143681
6	2458936	3573592	1113	20	0.0001060074	0.000000136357
6	3573593	4617816	1156	20	0.0001893890	0.000000140027
6	4617817	5791471	1182	20	-0.0000726496	0.000000128494
6	5791472	6785206	1143	20	0.0000397613	0.000000133441
6	6785207	7808935	976	20	0.0000660809	0.000000134600
6	7808936	9020025	1270	20	-0.0000211401	0.000000130761
6	9020026	10540316	1379	20	-0.0000201121	0.000000130806
6	10540317	11790815	1068	20	0.0000978542	0.000000135998
6	11790816	13209387	1275	20	0.0003256332	0.000000146023
6	13209388	14802923	1381	20	0.0001573609	0.000000138617
6	14802924	17386404	2025	20	0.0001125157	0.000000136643
6	17386405	19207486	1537	20	0.0002764202	0.000000143857
6	19207487	21684064	2236	20	0.0002841169	0.000000144196
6	21684065	22748306	1125	20	0.0004532742	0.000000151641
6	22748307	23936618	1213	20	0.0002228697	0.000000141500
6	23936619	24852274	792	20	0.0000777215	0.000000134532
6	24852275	25684586	963	20	0.0012419116	0.000000180249
6	25684587	26791232	983	20	0.0002664367	0.000000098650
6	26791233	28017818	630	20	0.0007042878	0.000000090527
6	28017819	28917607	642	20	0.0002988847	0.000000058349
6	28917608	29737970	995	20	0.0004617503	0.000000096912
6	29737971	30798167	2109	20	0.0005722495	0.000000145333
6	30798168	31571217	1986	20	0.0009187723	0.000000168641
6	31571218	32682663	1451	20	0.0006045428	0.000000158008
6	32682664	33236496	1389	20	0.0005498694	0.000000154730
6	33236497	35455755	1407	20	0.0014949603	0.000000197487
6	35455756	37572595	1520	20	0.0002606453	0.000000143163
6	37572596	39295676	1583	20	-0.0000000173	0.000000131690
6	39295677	40345114	859	20	-0.0000499477	0.000000109748
6	40345115	42038720	1415	20	0.0001763700	0.000000139454
6	42038721	43756168	819	20	0.0003832360	0.000000148558
6	43756169	45406562	1245	20	0.0001221044	0.000000137065
6	45406563	47311897	1597	20	-0.0000637228	0.000000128887
6	47311898	48391124	941	20	0.0005117128	0.000000106941
6	48391125	50386144	1562	20	0.0001260287	0.000000116630
6	50386145	52210475	1447	20	0.0000403563	0.000000133467
6	52210476	53279101	891	20	0.0004018118	0.000000138700
6	53279102	55468269	2145	20	-0.0000052265	0.000000131461
6	55468270	56105312	665	20	0.0000698516	0.000000050152
6	56105313	57599464	827	20	0.0002675534	0.000000111084
6	57599465	61880511	471	15	0.0000669286	0.000000037869
6	61880512	63552887	1159	20	0.0001398760	0.000000080418
6	63552888	65765741	1319	20	0.0000806101	0.000000120585
6	65765742	67329214	1717	20	0.0000779381	0.000000135121
6	67329215	68849482	1449	20	0.0000190727	0.000000128769
6	68849483	69523447	618	20	0.0002446790	0.000000070194
6	69523448	71609509	1815	20	0.0000596502	0.000000134317
6	71609510	73450096	1576	20	0.0000276336	0.000000132907
6	73450097	75462002	1351	20	0.0001228216	0.000000137097
6	75462003	77414880	1104	20	0.0000924745	0.000000114311
6	77414881	78957727	1431	20	0.0001986683	0.000000107784
6	78957728	80691169	1416	20	0.0001291069	0.000000137373
6	80691170	81929221	1141	20	0.0002445815	0.000000081796
6	81929222	83127148	891	20	0.0002068750	0.000000109812
6	83127149	85209988	1263	20	0.0001651076	0.000000138668
6	85209989	87069499	1493	20	0.0000893775	0.000000126396
6	87069500	88822139	1302	20	0.0003671601	0.000000147851
6	88822140	89973051	940	20	0.0000177925	0.000000129579
6	89973052	91843195	1541	20	0.0003162120	0.000000145608
6	91843196	93428643	1344	20	0.0003504489	0.000000147115
6	93428644	94118141	746	20	0.0000177819	0.000000080982
6	94118142	94441174	213	11	0.0000285831	0.000000019897
6	94441175	97093510	2068	20	-0.0000299554	0.000000130373
6	97093511	97842283	595	20	0.0000473474	0.000000057154
6	97842284	100630145	1939	20	-0.0000206110	0.000000130784
6	100630146	102636771	1386	20	0.0001627326	0.000000138853
6	102636772	103983394	993	20	0.0003398682	0.000000102139
6	103983395	106056732	1474	20	0.0001884338	0.000000139985
6	106056733	107450305	1252	20	0.0000642540	0.000000134519
6	107450306	108464379	646	20	0.0001875964	0.000000100671
6	108464380	110304246	1140	20	0.0004100062	0.000000146257
6	110304247	112345013	1267	20	0.0001469150	0.000000138157
6	112345014	114220832	1468	20	0.0001792041	0.000000139578
6	114220833	116131395	1239	20	0.0001386233	0.000000124844
6	116131396	117672971	1110	20	0.0001879490	0.000000122178
6	117672972	118963114	908	20	0.0001543492	0.000000095377
6	118963115	119963277	791	20	0.0002809817	0.000000091693
6	119963278	120512127	527	20	0.0002628120	0.000000055756
6	120512128	121905675	1133	20	0.0000635829	0.000000091128
6	121905676	123856180	1545	20	0.0001181368	0.000000136891
6	123856181	125424382	1328	20	0.0000095110	0.000000132110
6	125424383	127540460	1075	20	0.0001903910	0.000000137462
6	127540461	129861030	1585	20	0.0001967055	0.000000140349
6	129861031	130935453	1069	20	-0.0000052773	0.000000131459
6	130935454	132765668	1449	20	0.0003843287	0.000000148606
6	132765669	134244242	1332	20	-0.0000011024	0.000000131643
6	134244243	136224176	1295	20	0.0027227369	0.000000251524
6	136224177	137614217	693	20	0.0001539761	0.000000112515
6	137614218	138822628	996	20	0.0001929573	0.000000140184
6	138822629	139845435	741	20	0.0001561529	0.000000130480
6	139845436	142288478	1455	20	0.0003275645	0.000000146108
6	142288479	145319809	2246	20	0.0000991059	0.000000136053
6	145319810	146665423	965	20	0.0001340711	0.000000070610
6	146665424	148920351	1930	20	0.0001221277	0.000000137066
6	148920352	150253403	1147	20	0.0001137696	0.000000136698
6	150253404	151912702	1727	20	0.0001024452	0.000000136200
6	151912703	153094495	1115	20	0.0000640229	0.000000134509
6	153094496	154974119	1883	20	0.0000745290	0.000000134971
6	154974120	156763325	1468	20	0.0001945843	0.000000140255
6	156763326	158218718	808	20	0.0000036014	0.000000131850
6	158218719	160580496	2189	20	-0.0000522031	0.000000129394
6	160580497	162169563	1509	20	0.0000845454	0.000000135412
6	162169564	162931202	741	20	0.0000672019	0.000000125707
6	162931203	164383520	1475	20	0.0000732460	0.000000134915
6	164383521	165586863	1351	20	0.0002406165	0.000000142281
6	165586864	167024732	1674	20	-0.0000017989	0.000000131612
6	167024733	168042834	919	20	0.0001378987	0.000000137760
6	168042835	169382049	1397	20	0.0004055758	0.000000149541
6	169382050	170330172	915	20	0.0000724738	0.000000105586
6	170330173	171051269	519	20	0.0002704193	0.000000089078
7	16161	972751	280	20	0.0000122312	0.000000058479
7	972752	1353066	214	20	0.0001522292	0.000000050171
7	1353067	2062397	321	20	0.0000380261	0.000000068787
7	2062398	2772226	417	20	0.0002368256	0.000000099811
7	2772227	4573427	1843	20	0.0001784340	0.000000139544
7	4573428	5416231	389	20	0.0001920027	0.000000098943
7	5416232	5854525	192	20	0.0000306531	0.000000041070
7	5854526	6573856	289	20	0.0002282245	0.000000069999
7	6573857	7808751	969	20	0.0001539832	0.000000138468
7	7808752	9123422	1645	20	0.0000029147	0.000000131819
7	9123423	9987498	943	20	0.0001630913	0.000000138869
7	9987499	11299197	1270	20	0.0000906295	0.000000135680
7	11299198	12635460	1729	20	0.0000343126	0.000000133201
7	12635461	13884201	1434	20	0.0001934536	0.000000140205
7	13884202	15143656	1313	20	0.0000860539	0.000000135479
7	15143657	16902068	1682	20	0.0000167199	0.000000132427
7	16902069	19481546	2157	20	0.0001966087	0.000000140344
7	19481547	20124907	623	20	0.0001224400	0.000000093433
7	20124908	22507628	2448	20	0.0001314881	0.000000137478
7	22507629	23471441	620	20	0.0004292285	0.000000123756
7	23471442	25077258	1427	20	0.0001503290	0.000000138307
7	25077259	25909554	955	20	0.0001547281	0.000000138501
7	25909555	28360308	2035	20	0.0001271924	0.000000137289
7	28360309	31137288	2269	20	0.0000599905	0.000000134332
7	31137289	33555767	2187	20	-0.0000604332	0.000000129031
7	33555768	36213537	2213	20	0.0001495434	0.000000138273
7	36213538	37555183	1208	20	0.0001541436	0.000000138475
7	37555184	38966702	1393	20	0.0000987105	0.000000136036
7	38966703	39862669	655	20	0.0000033019	0.000000082509
7	39862670	42001810	1368	20	0.0002094154	0.000000140908
7	42001811	43159073	914	20	0.0001232284	0.000000126166
7	43159074	44763827	1051	20	-0.0000315227	0.000000130304
7	44763828	45952921	779	20	0.0002649993	0.000000128403
7	45952922	46986719	1084	20	0.0000497608	0.000000117525
7	46986720	49212277	1945	20	0.0001151554	0.000000136759
7	49212278	51675321	2058	20	0.0001778832	0.000000139520
7	51675322	53176311	1679	20	-0.0000370399	0.000000130061
7	53176312	54222975	949	20	-0.0000188697	0.000000096305
7	54222976	55691583	1242	20	0.0003348477	0.000000146429
7	55691584	57382637	725	20	0.0000591841	0.000000086310
7	57382638	63307358	539	20	0.0001184834	0.000000076016
7	63307359	63641124	165	10	-0.0000209198	0.000000016045
7	63641125	65689808	873	20	0.0001060783	0.000000087821
7	65689809	68234073	1716	20	0.0001439062	0.000000138025
7	68234074	69085363	548	20	-0.0000322229	0.000000076372
7	69085364	71874884	1686	20	-0.0000184400	0.000000130880
7	71874885	73334601	316	20	0.0001767038	0.000000054811
7	73334602	76458563	733	20	0.0001595997	0.000000138716
7	76458564	78093858	1266	20	0.0002445314	0.000000142454
7	78093859	79888068	1531	20	0.0001741998	0.000000139358
7	79888069	82022685	1627	20	0.0005778254	0.000000157122
7	82022686	83801202	1526	20	0.0003807468	0.000000148449
7	83801203	85572181	1117	20	0.0001006411	0.000000103208
7	85572182	87825003	1299	20	0.0001019361	0.000000130396
7	87825004	90661783	2703	20	-0.0000581103	0.000000129134
7	90661784	92493751	834	20	0.0001286758	0.000000110565
7	92493752	93966600	835	20	0.0000081517	0.000000121107
7	93966601	96073507	1475	20	0.0002432131	0.000000142395
7	96073508	97099569	654	20	0.0000087556	0.000000090365
7	97099570	98715473	906	20	0.0000923910	0.000000127389
7	98715474	100196650	478	20	0.0003257048	0.000000070603
7	100196651	101199252	498	20	-0.0000116527	0.000000085924
7	101199253	103197509	792	20	0.0001924164	0.000000130353
7	103197510	104159524	998	20	0.0000061217	0.000000131961
7	104159525	105682904	911	20	-0.0000283164	0.000000130445
7	105682905	107780177	1506	20	0.0012535010	0.000000186860
7	107780178	109647593	1342	20	-0.0000039174	0.000000131229
7	109647594	112618683	1732	20	0.0002853607	0.000000144250
7	112618684	113712386	594	20	-0.0000937730	0.000000062763
7	113712387	116780177	1608	20	0.0005864540	0.000000157502
7	116780178	118351580	943	20	0.0002277981	0.000000090985
7	118351581	121045272	1197	20	0.0001684333	0.000000116238
7	121045273	121933629	491	20	0.0000719867	0.000000063698
7	121933630	124156804	1689	20	0.0005459796	0.000000155721
7	124156805	124167551	13	2	0.0001002752	0.000000006468
7	124167552	126519169	1948	20	0.0001959396	0.000000140315
7	126519170	126869220	392	20	0.0002674307	0.000000049114
7	126869221	128778385	1180	20	0.0002067002	0.000000140788
7	128778386	130422413	807	20	0.0004102511	0.000000141941
7	130422414	132805847	1793	20	0.0002217301	0.000000141450
7	132805848	134307595	1072	20	0.0001386739	0.000000117468
7	134307596	135591082	1027	20	0.0001316174	0.000000137484
7	135591083	136876561	1000	20	0.0000732324	0.000000122255
7	136876562	138744678	1202	20	0.0000222802	0.000000132672
7	138744679	139933176	566	20	0.0001642692	0.000000096359
7	139933177	140235209	193	20	0.0000693111	0.000000039227
7	140235210	141226556	572	20	0.0001987185	0.000000080323
7	141226557	142656309	1010	20	0.0001506706	0.000000115177
7	142656310	144968288	1252	20	0.0000163213	0.000000132410
7	144968289	146427959	1102	20	0.0001561775	0.000000118801
7	146427960	147815317	1481	20	0.0000946008	0.000000135855
7	147815318	149840657	1204	20	0.0001894006	0.000000140027
7	149840658	150711504	655	20	0.0000629199	0.000000092739
7	150711505	152249805	822	20	0.0001917852	0.000000140132
7	152249806	153674018	1074	20	0.0000218454	0.000000132653
7	153674019	154964729	1072	20	0.0000388622	0.000000133402
7	154964730	156065249	990	20	-0.0000546259	0.000000129287
7	156065250	157634596	1028	20	0.0002485564	0.000000142340
7	157634597	159128574	971	20	0.0000926552	0.000000135769
8	10422	1044216	757	20	0.0001127235	0.000000136652
8	1044217	1163244	137	16	0.0000271611	0.000000028422
8	1163245	2042941	832	20	0.0003568512	0.000000147397
8	2042942	2573278	639	20	0.0000989288	0.000000136045
8	2573279	3392925	1178	20	0.0001252945	0.000000137206
8	3392926	3783016	912	20	0.0001182905	0.000000136897
8	3783017	4480475	1372	20	-0.0000351314	0.000000130145
8	4480476	5146926	1018	20	0.0000191620	0.000000132535
8	5146927	6142796	1854	20	0.0004076940	0.000000149635
8	6142797	7153078	1007	20	0.0000051792	0.000000131919
8	7153079	9154693	1204	20	0.0002136360	0.000000141094
8	9154694	9640786	475	20	0.0001852053	0.000000091557
8	9640787	10463196	991	20	0.0002226233	0.000000141489
8	10463197	11278997	776	20	0.0001450021	0.000000138073
8	11278998	13491774	1618	20	0.0002026855	0.000000140612
8	13491775	13944991	741	20	0.0001402008	0.000000110511
8	13944992	15991659	2374	20	0.0000204346	0.000000132591
8	15991660	17387875	1236	20	0.0002071710	0.000000140809
8	17387876	17836398	599	20	0.0000484088	0.000000103973
8	17836399	19492839	1876	20	0.0001471211	0.000000138166
8	19492840	20060855	630	20	0.0000392617	0.000000113102
8	20060856	21661736	1634	20	0.0000988611	0.000000136042
8	21661737	22897056	834	20	0.0004639407	0.000000152110
8	22897057	24674717	1361	20	0.0000952961	0.000000135885
8	24674718	25483453	565	20	0.0001039875	0.000000076979
8	25483454	26682524	1220	20	0.0000873099	0.000000135534
8	26682525	28162391	1598	20	-0.0000003348	0.000000131676
8	28162392	29327895	699	20	0.0000595655	0.000000102516
8	29327896	31133728	1125	20	0.0000216252	0.000000132643
8	31133729	31548359	291	20	0.0000124614	0.000000040025
8	31548360	32977217	1088	20	0.0000663900	0.000000124812
8	32977218	35317231	1534	20	0.0001265251	0.000000124312
8	35317232	37379388	859	20	0.0001226406	0.000000110020
8	37379389	38938805	629	20	0.0001423822	0.000000105038
8	38938806	40703336	1270	20	0.0000364885	0.000000133297
8	40703337	41721453	787	20	0.0003446666	0.000000140784
8	41721454	42773822	354	20	0.0002106973	0.000000059889
8	42773823	46841314	147	11	-0.0000356681	0.000000017592
8	46841315	50082469	956	20	0.0002287515	0.000000119168
8	50082470	53302929	2379	20	0.0004737090	0.000000152540
8	53302930	54418043	904	20	0.0000642704	0.000000098846
8	54418044	55945580	1081	20	0.0002502290	0.000000132036
8	55945581	56956382	772	20	0.0002821093	0.000000107568
8	56956383	59068650	1707	20	0.0002286260	0.000000141753
8	59068651	59728099	654	20	-0.0000378798	0.000000073979
8	59728100	62329098	1858	20	0.0001509551	0.000000138335
8	62329099	63349305	800	20	0.0002429352	0.000000086801
8	63349306	65232871	1357	20	0.0003326209	0.000000143142
8	65232872	66489089	776	20	0.0002663048	0.000000108257
8	66489090	69863056	1889	20	0.0002854238	0.000000144253
8	69863057	70867978	947	20	0.0000203128	0.000000132585
8	70867979	72289453	1029	20	-0.0000192262	0.000000115345
8	72289454	73817198	1567	20	-0.0000350762	0.000000130147
8	73817199	75445063	1231	20	0.0002700492	0.000000143577
8	75445064	76456541	740	20	0.0001056128	0.000000079722
8	76456542	79132860	1966	20	0.0000658907	0.000000134591
8	79132861	81956394	1631	20	0.0001701124	0.000000139178
8	81956395	82693738	537	20	0.0000509982	0.000000065140
8	82693739	84225588	1220	20	0.0003220519	0.000000115700
8	84225589	85955618	1019	20	-0.0000410076	0.000000092025
8	85955619	87411708	558	20	0.0000973849	0.000000062979
8	87411709	89085480	1164	20	0.0000584873	0.000000129926
8	89085481	90638161	1024	20	0.0000929735	0.000000108718
8	90638162	93554385	1621	20	0.0002741332	0.000000143756
8	93554386	95005526	827	20	0.0000677772	0.000000117182
8	95005527	96534805	1239	20	0.0003253502	0.000000146011
8	96534806	99401580	2223	20	0.0000234852	0.000000132725
8	99401581	101620957	904	20	0.0004251345	0.000000116330
8	101620958	104123305	2006	20	0.0000179597	0.000000132482
8	104123306	104988751	752	20	0.0001287771	0.000000064611
8	104988752	107410753	1900	20	0.0008096740	0.000000167327
8	107410754	108648176	1182	20	0.0001535937	0.000000120385
8	108648177	109248172	521	20	0.0000300810	0.000000045865
8	109248173	110484313	997	20	0.0001218209	0.000000081502
8	110484314	111850846	771	20	0.0001144628	0.000000075308
8	111850847	113064319	790	20	-0.0000156725	0.000000052334
8	113064320	116096494	2279	20	0.0000066127	0.000000131982
8	116096495	119685456	2679	20	0.0000848828	0.000000135427
8	119685457	121201699	1286	20	0.0001723717	0.000000139278
8	121201700	124861458	2826	20	-0.0000062184	0.000000131418
8	124861459	125683718	637	20	0.0001556549	0.000000097898
8	125683719	126410916	510	20	0.0003533883	0.000000092708
8	126410917	128659110	1932	20	-0.0000574477	0.000000129163
8	128659111	130381138	1544	20	0.0002453820	0.000000142491
8	130381139	131639624	1011	20	0.0002163160	0.000000141212
8	131639625	133351143	1696	20	0.0000115055	0.000000132198
8	133351144	134570000	1441	20	0.0002346392	0.000000142018
8	134570001	136035604	1656	20	0.0001027472	0.000000136213
8	136035605	137524150	1323	20	0.0001384203	0.000000137783
8	137524151	139254829	1863	20	0.0001011980	0.000000136145
8	139254830	140725642	1518	20	0.0002176230	0.000000141269
8	140725643	143044913	1628	20	0.0001738365	0.000000139342
8	143044914	144236880	817	20	0.0000698672	0.000000127834
8	144236881	146303866	755	20	0.0005198963	0.000000154573
9	10023	1079706	1114	20	0.0005892051	0.000000157623
9	1079707	1916876	1264	20	0.0001089793	0.000000136488
9	1916877	3190063	1568	20	0.0001406252	0.000000137880
9	3190064	4495327	1447	20	0.0000184347	0.000000132503
9	4495328	4884925	459	20	0.0051009747	0.000000314336
9	4884926	6557588	1134	20	0.0004924806	0.000000153366
9	6557589	7154922	624	20	0.0001154705	0.000000118994
9	7154923	8456298	1901	20	0.0001698923	0.000000139169
9	8456299	9166402	806	20	-0.0000307385	0.000000130338
9	9166403	10879252	2139	20	0.0000743411	0.000000134963
9	10879253	12276488	1497	20	0.0000608279	0.000000134368
9	12276489	14836362	2685	20	0.0000456609	0.000000133701
9	14836363	16659654	1727	20	0.0001961555	0.000000140324
9	16659655	18661050	2133	20	0.0001772365	0.000000139492
9	18661051	20463533	1681	20	0.0000707786	0.000000134806
9	20463534	22206558	1524	20	0.0005242480	0.000000154764
9	22206559	24158517	1444	20	0.0000660298	0.000000134307
9	24158518	25330809	759	20	0.0000548013	0.000000133813
9	25330810	26111756	641	20	0.0001485956	0.000000138231
9	26111757	28224282	2039	20	0.0001073446	0.000000136416
9	28224283	28811583	592	20	0.0000548554	0.000000082875
9	28811584	30387391	1627	20	0.0000479344	0.000000133801
9	30387392	31310382	872	20	0.0001620628	0.000000087838
9	31310383	32019367	685	20	0.0001637750	0.000000064054
9	32019368	33578333	1379	20	-0.0000262376	0.000000130536
9	33578334	34642242	620	20	0.0002604936	0.000000070101
9	34642243	36743282	1119	20	0.0002502033	0.000000142703
9	36743283	38641598	1485	20	-0.0000190939	0.000000130851
9	38641599	65472189	229	20	0.0002788607	0.000000056710
9	65472190	72512710	1183	20	0.0001449010	0.000000137778
9	72512711	72753754	235	16	0.0000076904	0.000000021918
9	72753755	74253039	1291	20	0.0000252214	0.000000132511
9	74253040	76203945	1290	20	0.0002638403	0.000000143303
9	76203946	76973080	552	20	0.0001672746	0.000000058768
9	76973081	78900182	1777	20	0.0000448522	0.000000133665
9	78900183	79471207	538	20	0.0000341947	0.000000097527
9	79471208	81079054	1210	20	0.0000649519	0.000000134550
9	81079055	82590927	1353	20	0.0000527591	0.000000134013
9	82590928	84211232	1764	20	0.0002138325	0.000000141102
9	84211233	85440800	678	20	0.0001037027	0.000000112834
9	85440801	86938195	1364	20	0.0000335802	0.000000133169
9	86938196	88109332	1017	20	0.0002128361	0.000000138739
9	88109333	88590416	209	19	0.0002348855	0.000000037953
9	88590417	90136245	1269	20	0.0000951334	0.000000135878
9	90136246	92528697	1829	20	0.0001440481	0.000000138031
9	92528698	94167202	1345	20	-0.0000402273	0.000000129921
9	94167203	96671697	1756	20	0.0002367360	0.000000142110
9	96671698	98922039	1382	20	0.0000674211	0.000000134659
9	98922040	101592858	1733	20	0.0005054268	0.000000153936
9	101592859	104624436	2275	20	0.0003183352	0.000000145702
9	104624437	105967975	1614	20	0.0001981291	0.000000140411
9	105967976	107581748	1757	20	0.0000355087	0.000000133254
9	107581749	109298753	1364	20	0.0000803517	0.000000135228
9	109298754	110695061	1151	20	0.0000659440	0.000000134594
9	110695062	112778023	2427	20	0.0001628041	0.000000138857
9	112778024	114831081	1918	20	0.0001228805	0.000000137099
9	114831082	115693144	725	20	0.0001159153	0.000000083930
9	115693145	117019800	1257	20	0.0000151630	0.000000132359
9	117019801	117921959	943	20	0.0002262072	0.000000141357
9	117921960	121321536	3233	20	0.0001351724	0.000000137640
9	121321537	122260296	847	20	0.0002598917	0.000000117444
9	122260297	124871321	1717	20	0.0005245180	0.000000154776
9	124871322	126971886	1328	20	0.0001691840	0.000000139137
9	126971887	129059664	1028	20	0.0002097355	0.000000140922
9	129059665	130055509	659	20	0.0002036316	0.000000107725
9	130055510	132165469	1058	20	0.0000706616	0.000000134801
9	132165470	133223216	658	20	0.0001225089	0.000000122711
9	133223217	134127887	603	20	0.0002333010	0.000000126726
9	134127888	135298841	794	20	0.0001753739	0.000000137380
9	135298842	137041121	1421	20	0.0009807386	0.000000174855
9	137041122	137589363	418	20	0.0006183998	0.000000116256
9	137589364	138938977	1248	20	0.0000447201	0.000000133659
9	138938978	139500341	275	20	0.0001618775	0.000000065795
9	139500342	141144795	693	20	-0.0000861981	0.000000127897
10	60523	751338	256	20	0.0000745775	0.000000052922
10	751339	1523543	666	20	0.0001844767	0.000000122876
10	1523544	2254499	983	20	0.0002384426	0.000000142186
10	2254500	3352698	1361	20	0.0000799368	0.000000135209
10	3352699	4572273	1317	20	0.0001703981	0.000000139191
10	4572274	5983761	1508	20	0.0000461036	0.000000133720
10	5983762	7171483	1360	20	0.0000894824	0.000000135630
10	7171484	8774664	1710	20	0.0001653344	0.000000138968
10	8774665	10249395	1300	20	0.0000305092	0.000000133034
10	10249396	12586796	2095	20	0.0000884104	0.000000135582
10	12586797	13321599	813	20	0.0001409302	0.000000137894
10	13321600	15026067	1740	20	0.0001459260	0.000000138114
10	15026068	16551766	1197	20	0.0001133119	0.000000136678
10	16551767	18537266	1634	20	0.0003499595	0.000000147094
10	18537267	19716877	1340	20	0.0000725137	0.000000134883
10	19716878	22772282	2176	20	0.0000373089	0.000000133333
10	22772283	23175131	286	20	0.0000569758	0.000000045003
10	23175132	25578595	1663	20	0.0002881735	0.000000144374
10	25578596	26888683	1367	20	0.0002928196	0.000000144579
10	26888684	29323235	2098	20	0.0003143517	0.000000145526
10	29323236	29783691	566	20	0.0004802388	0.000000105290
10	29783692	30458837	765	20	0.0003115105	0.000000138750
10	30458838	31907518	1116	20	0.0004238589	0.000000150055
10	31907519	33707967	1426	20	0.0001953736	0.000000140290
10	33707968	35109354	1094	20	0.0001715633	0.000000139242
10	35109355	36572507	974	20	0.0002367186	0.000000129155
10	36572508	37790028	813	20	0.0002693710	0.000000108392
10	37790029	42372578	638	19	0.0001561271	0.000000041252
10	42372579	43894770	775	20	0.0000918014	0.000000099777
10	43894771	44730074	737	20	0.0000841789	0.000000086591
10	44730075	48760449	1617	20	0.0000718229	0.000000134852
10	48760450	50840914	1379	20	0.0003204475	0.000000145795
10	50840915	53616628	1570	20	0.0001389768	0.000000137808
10	53616629	55103571	1596	20	0.0000022846	0.000000131792
10	55103572	57031139	2075	20	0.0000588292	0.000000134280
10	57031140	57662145	544	20	0.0000978094	0.000000043743
10	57662146	58959527	1316	20	0.0001504628	0.000000085981
10	58959528	60289986	1220	20	0.0002292854	0.000000108295
10	60289987	61891408	1237	20	0.0000976164	0.000000135987
10	61891409	62659678	694	20	0.0000438880	0.000000082395
10	62659679	63341694	358	20	0.0001529159	0.000000050201
10	63341695	65794113	1889	20	0.0014185848	0.000000194126
10	65794114	67549614	1340	20	0.0001212183	0.000000128943
10	67549615	69900147	2139	20	0.0002299210	0.000000141810
10	69900148	70195990	220	16	0.0002207370	0.000000035607
10	70195991	72220849	1662	20	0.0001205023	0.000000136995
10	72220850	73508511	1442	20	0.0000602983	0.000000134345
10	73508512	75422549	817	20	0.0000761343	0.000000087595
10	75422550	78706813	1732	20	0.0000593582	0.000000134304
10	78706814	80876748	2013	20	0.0000717444	0.000000134849
10	80876749	82414678	1101	20	0.0002595619	0.000000143115
10	82414679	84383744	1686	20	0.0001761904	0.000000139446
10	84383745	85458702	1205	20	0.0000093723	0.000000102260
10	85458703	87937576	2327	20	0.0000198855	0.000000132566
10	87937577	89127063	564	20	0.0000454674	0.000000083814
10	89127064	91013380	1494	20	0.0003269462	0.000000146081
10	91013381	92006580	887	20	0.0000180800	0.000000111889
10	92006581	93335046	1063	20	0.0000642148	0.000000125003
10	93335047	95396367	1300	20	0.0001289691	0.000000137367
10	95396368	96221242	564	20	0.0000899593	0.000000077967
10	96221243	97822356	1141	20	0.0001853723	0.000000126899
10	97822357	100241301	1618	20	0.0001539066	0.000000138465
10	100241302	100668399	361	20	0.0001905549	0.000000044256
10	100668400	102949238	1437	20	0.0004292669	0.000000150584
10	102949239	104380409	576	20	0.0006971599	0.000000095743
10	104380410	106695047	1479	20	0.0003805949	0.000000148442
10	106695048	108726685	1689	20	0.0000364111	0.000000133294
10	108726686	110317704	1531	20	0.0001426930	0.000000137971
10	110317705	112561492	1692	20	0.0000169408	0.000000132437
10	112561493	115328431	2126	20	0.0000860026	0.000000135476
10	115328432	116421405	996	20	0.0000961994	0.000000135925
10	116421406	119523933	2178	20	0.0000593405	0.000000134303
10	119523934	120591352	833	20	0.0000669950	0.000000134640
10	120591353	122407322	1376	20	0.0000658793	0.000000134591
10	122407323	123231464	775	20	0.0000529370	0.000000122505
10	123231465	123900544	537	20	0.0002644017	0.000000102664
10	123900545	125869345	1673	20	0.0001447087	0.000000138060
10	125869346	128001097	1935	20	0.0003682077	0.000000147897
10	128001098	129154361	1012	20	0.0000533893	0.000000134041
10	129154362	130844283	1834	20	0.0000447048	0.000000133659
10	130844284	131741326	894	20	0.0001293084	0.000000137382
10	131741327	132580244	942	20	-0.0000145005	0.000000126426
10	132580245	134336328	1891	20	0.0001437549	0.000000138018
10	134336329	134494672	63	6	0.0001929402	0.000000018100
10	134494673	135523864	562	20	0.0001592159	0.000000105499
11	70855	1213589	583	20	0.0015297608	0.000000178562
11	1213590	3665480	1739	20	0.0001043816	0.000000136285
11	3665481	4746708	924	20	0.0001332150	0.000000137554
11	4746709	6322868	2302	20	0.0002585724	0.000000143071
11	6322869	7436700	1101	20	0.0000762636	0.000000135048
11	7436701	8333273	909	20	-0.0000379915	0.000000130019
11	8333274	9087316	539	20	0.0003075102	0.000000095286
11	9087317	10952026	1274	20	0.0002882513	0.000000144378
11	10952027	12564228	2094	20	0.0001035798	0.000000136250
11	12564229	13373123	831	20	-0.0000054798	0.000000115665
11	13373124	15742551	1745	20	0.0001747672	0.000000139383
11	15742552	17578401	1223	20	0.0001390362	0.000000137810
11	17578402	19569534	1611	20	0.0002343911	0.000000142007
11	19569535	21017137	1470	20	-0.0000173442	0.000000130928
11	21017138	22374141	1271	20	0.0001771172	0.000000139486
11	22374142	24088516	1601	20	0.0000139584	0.000000132306
11	24088517	26045752	1891	20	0.0000153405	0.000000132366
11	26045753	27020460	861	20	0.0003233326	0.000000112975
11	27020461	28481592	817	20	0.0000027138	0.000000091744
11	28481593	30141356	1039	20	0.0002854113	0.000000125326
11	30141357	32276900	1389	20	0.0000511504	0.000000133942
11	32276901	33958738	1097	20	0.0005273673	0.000000154902
11	33958739	35502604	1677	20	0.0000477650	0.000000133793
11	35502605	37116814	1443	20	0.0001112107	0.000000136586
11	37116815	39382002	1564	20	-0.0001329361	0.000000115762
11	39382003	42310002	2340	20	0.0000166442	0.000000132424
11	42310003	44693798	2036	20	0.0002241009	0.000000141554
11	44693799	47006136	1420	20	0.0000774668	0.000000135101
11	47006137	49866049	1221	20	0.0002372573	0.000000098736
11	49866050	54695472	564	12	0.0000855097	0.000000036426
11	54695473	55082656	55	6	0.0001020955	0.000000011290
11	55082657	58457494	2950	20	0.0002520819	0.000000142786
11	58457495	58780548	203	10	0.0000690829	0.000000019956
11	58780549	62223770	1918	20	0.0005238410	0.000000154746
11	62223771	63804568	539	20	0.0000351352	0.000000076906
11	63804569	65898630	932	20	0.0001294872	0.000000137390
11	65898631	68005824	642	20	0.0001248941	0.000000102886
11	68005825	69516129	964	20	0.0001999980	0.000000140494
11	69516130	70926291	952	20	0.0001654707	0.000000138974
11	70926292	72286016	694	20	0.0000266569	0.000000090329
11	72286017	74412350	1095	20	0.0002388843	0.000000142205
11	74412351	76797208	1390	20	0.0005006645	0.000000153726
11	76797209	78355057	889	20	0.0002436472	0.000000115051
11	78355058	80722372	2193	20	0.0001894640	0.000000140030
11	80722373	81266711	678	20	0.0001130409	0.000000092749
11	81266712	84381271	2724	20	-0.0000109665	0.000000131209
11	84381272	86619300	1624	20	-0.0000307878	0.000000130336
11	86619301	87430234	792	20	0.0001599193	0.000000090450
11	87430235	89208935	1287	20	0.0001780021	0.000000139525
11	89208936	90966489	1094	20	0.0000450049	0.000000099383
11	90966490	92077143	879	20	0.0001232351	0.000000099776
11	92077144	93276156	875	20	0.0001546605	0.000000112265
11	93276157	94242259	613	20	0.0004833985	0.000000086666
11	94242260	95726040	1210	20	-0.0000629645	0.000000128920
11	95726041	97057057	1028	20	0.0000002033	0.000000131700
11	97057058	98705064	1472	20	0.0002027806	0.000000140326
11	98705065	100417168	1881	20	0.0002313239	0.000000141872
11	100417169	101331120	1014	20	0.0001822859	0.000000115441
11	101331121	103959635	2605	20	0.0001610870	0.000000138781
11	103959636	104873283	701	20	0.0001587222	0.000000061497
11	104873284	106520893	1206	20	0.0001451619	0.000000118318
11	106520894	107844199	1056	20	0.0004341233	0.000000150507
11	107844200	108437036	244	14	0.0003321665	0.000000039466
11	108437037	109866115	783	20	-0.0000692424	0.000000106084
11	109866116	111114396	1058	20	0.0001558075	0.000000131902
11	111114397	112459487	771	20	0.0001306071	0.000000100099
11	112459488	114257727	1607	20	0.0002533408	0.000000142841
11	114257728	114830665	541	20	0.0000803885	0.000000059634
11	114830666	116383347	1240	20	0.0001171628	0.000000136848
11	116383348	117747109	1136	20	0.0002222806	0.000000141474
11	117747110	119215475	940	20	0.0005014897	0.000000153763
11	119215476	120766805	1181	20	0.0002341647	0.000000141997
11	120766806	121175942	422	20	0.0001335334	0.000000061175
11	121175943	122591909	985	20	0.0002912029	0.000000144508
11	122591910	123500116	715	20	0.0001696430	0.000000139158
11	123500117	124495527	1077	20	0.0000978718	0.000000102532
11	124495528	126311319	1509	20	0.0005201911	0.000000154586
11	126311320	127316678	1085	20	0.0001372248	0.000000137731
11	127316679	128188536	673	20	0.0003800205	0.000000108005
11	128188537	130342574	1591	20	0.0001668476	0.000000139034
11	130342575	131074611	772	20	-0.0000230683	0.000000126049
11	131074612	133000045	2105	20	0.0001640558	0.000000138912
11	133000046	134205992	959	20	0.0000887591	0.000000135598
11	134205993	134946451	896	20	-0.0000139845	0.000000131076
12	61107	1080330	591	20	0.0000625790	0.000000116387
12	1080331	2544785	941	20	0.0002787158	0.000000143958
12	2544786	3677036	949	20	0.0002214862	0.000000141439
12	3677037	4417678	685	20	0.0001184772	0.000000131988
12	4417679	5321471	925	20	0.0000421928	0.000000133548
12	5321472	6419752	1063	20	0.0005929075	0.000000157786
12	6419753	8377535	986	20	0.0002316036	0.000000141885
12	8377536	9031394	288	20	0.0000770861	0.000000056123
12	9031395	10481533	1147	20	0.0001908079	0.000000140089
12	10481534	11754845	877	20	0.0001185044	0.000000115454
12	11754846	12733527	787	20	0.0000548032	0.000000134103
12	12733528	15241483	2053	20	0.0000809373	0.000000135253
12	15241484	16310459	507	20	0.0000206319	0.000000078148
12	16310460	18087872	1381	20	0.0000716395	0.000000134844
12	18087873	20863942	2376	20	0.0000686555	0.000000134713
12	20863943	23820633	2311	20	0.0001163754	0.000000136813
12	23820634	25371082	1516	20	0.0002270616	0.000000141685
12	25371083	27799772	2222	20	0.0000772900	0.000000135093
12	27799773	29651254	1639	20	0.0004792537	0.000000152493
12	29651255	30512405	1248	20	0.0000637424	0.000000134207
12	30512406	32165591	1442	20	0.0002960802	0.000000144722
12	32165592	33076988	891	20	0.0002252929	0.000000125805
12	33076989	37856716	1167	20	0.0000938148	0.000000088912
12	37856717	39227168	556	18	0.0001982254	0.000000051413
12	39227169	40816184	1386	20	0.0003718699	0.000000139966
12	40816185	41658585	866	20	0.0003212510	0.000000093726
12	41658586	43984473	2225	20	0.0001709670	0.000000139216
12	43984474	46024228	1164	20	0.0000662563	0.000000114852
12	46024229	47714792	1006	20	0.0003320847	0.000000146307
12	47714793	49001865	1117	20	0.0005139241	0.000000154310
12	49001866	51776493	1184	20	0.0003763555	0.000000148255
12	51776494	53039003	1182	20	0.0002557819	0.000000142949
12	53039004	54778822	1100	20	0.0002094960	0.000000140621
12	54778823	55665836	624	20	0.0003567656	0.000000096360
12	55665837	57548859	776	20	0.0006694145	0.000000137389
12	57548860	59308665	980	20	0.0000492434	0.000000115801
12	59308666	61123728	1160	20	0.0002888553	0.000000128030
12	61123729	64032460	2486	20	0.0001130674	0.000000136668
12	64032461	65559694	778	20	0.0008693029	0.000000152394
12	65559695	67181143	1082	20	0.0001532418	0.000000138436
12	67181144	67909728	730	20	0.0001384633	0.000000080891
12	67909729	69826541	1583	20	0.0001040507	0.000000136271
12	69826542	70957986	1163	20	0.0001493326	0.000000130754
12	70957987	72645074	1246	20	0.0001289096	0.000000137365
12	72645075	73818453	790	20	0.0000228049	0.000000087978
12	73818454	76511313	1873	20	-0.0000498061	0.000000129499
12	76511314	78570569	1739	20	0.0000433428	0.000000133599
12	78570570	80448149	976	20	0.0000495348	0.000000122355
12	80448150	81467766	769	20	0.0002667579	0.000000086235
12	81467767	83502665	1391	20	-0.0000332963	0.000000130226
12	83502666	84303843	682	20	0.0000300882	0.000000058218
12	84303844	85990425	1133	20	0.0000310503	0.000000088612
12	85990426	89682121	2085	20	0.0000188276	0.000000132520
12	89682122	92066154	1604	20	0.0001645412	0.000000138933
12	92066155	94514566	1881	20	-0.0000515255	0.000000129423
12	94514567	96020784	1255	20	0.0002783365	0.000000143941
12	96020785	97108838	907	20	0.0001559906	0.000000138557
12	97108839	99305986	1849	20	0.0001131374	0.000000136671
12	99305987	101447640	1460	20	0.0000761454	0.000000135043
12	101447641	101862689	291	20	0.0001355597	0.000000043622
12	101862690	102964985	684	20	0.0000821322	0.000000103228
12	102964986	104848695	1592	20	-0.0000312231	0.000000130317
12	104848696	106436212	1585	20	0.0001116140	0.000000136604
12	106436213	106958747	438	20	0.0002429722	0.000000079865
12	106958748	109025900	1499	20	0.0002173369	0.000000141257
12	109025901	110336718	782	20	0.0005693655	0.000000141493
12	110336719	113263517	794	20	0.0020562454	0.000000195728
12	113263518	113986708	423	20	0.0002229303	0.000000071601
12	113986709	115036601	1113	20	0.0000257135	0.000000132823
12	115036602	115503215	394	20	0.0001941465	0.000000071131
12	115503216	117087470	1339	20	0.0000854845	0.000000135454
12	117087471	118135374	846	20	-0.0000561111	0.000000129222
12	118135375	119754109	1320	20	0.0002521262	0.000000142788
12	119754110	122007650	1270	20	0.0002114673	0.000000140998
12	122007651	124977979	1329	20	0.0002913001	0.000000144512
12	124977980	126445504	1218	20	0.0002176179	0.000000141269
12	126445505	127875097	1441	20	0.0000767088	0.000000135067
12	127875098	129237296	1445	20	0.0002135060	0.000000141088
12	129237297	130377920	1295	20	0.0001462184	0.000000138127
12	130377921	131786750	1508	20	0.0000807118	0.000000135243
12	131786751	132807033	716	20	-0.0000550326	0.000000108960
12	132807034	133841510	389	20	0.0001126239	0.000000068358
13	19020013	20686719	850	20	0.0001113786	0.000000115987
13	20686720	22242173	1193	20	0.0000884221	0.000000135583
13	22242174	23594701	1348	20	0.0001578676	0.000000138639
13	23594702	24531936	1055	20	-0.0000433078	0.000000129785
13	24531937	25784361	1282	20	-0.0000425128	0.000000129820
13	25784362	27284361	1211	20	0.0002200011	0.000000141084
13	27284362	29257550	1710	20	0.0000698133	0.000000134764
13	29257551	30483266	1112	20	0.0001493536	0.000000138265
13	30483267	32301814	1613	20	0.0001317886	0.000000137491
13	32301815	33776902	1256	20	0.0001335093	0.000000137567
13	33776903	35026463	1025	20	0.0001247572	0.000000128812
13	35026464	36046366	498	20	-0.0000841361	0.000000068486
13	36046367	37498184	1327	20	0.0000642232	0.000000134518
13	37498185	38878162	1469	20	-0.0000094324	0.000000131276
13	38878163	41069262	1909	20	0.0003984821	0.000000149229
13	41069263	43101026	1347	20	0.0002464919	0.000000142540
13	43101027	44901408	1682	20	0.0000774786	0.000000135101
13	44901409	46495213	1014	20	0.0001158954	0.000000136792
13	46495214	47431078	771	20	0.0001484726	0.000000105305
13	47431079	49383961	1467	20	0.0001739799	0.000000139348
13	49383962	51591090	1504	20	0.0000221587	0.000000132666
13	51591091	53339621	760	20	0.0000050230	0.000000125845
13	53339622	54682863	1206	20	0.0001550356	0.000000138515
13	54682864	55817130	903	20	0.0002798042	0.000000097329
13	55817131	57554216	992	20	0.0000746269	0.000000071710
13	57554217	58410625	577	20	0.0000796952	0.000000049303
13	58410626	59302270	703	20	0.0002677022	0.000000066772
13	59302271	60854777	1340	20	0.0000917941	0.000000135731
13	60854778	61591948	720	20	-0.0000118933	0.000000079145
13	61591949	63971558	1994	20	0.0002213642	0.000000141434
13	63971559	65200601	1134	20	0.0000986276	0.000000078079
13	65200602	67844452	1780	20	0.0001424859	0.000000137962
13	67844453	70724515	2694	20	0.0000009810	0.000000131734
13	70724516	71526790	756	20	0.0002329453	0.000000124438
13	71526791	73934088	1862	20	-0.0000300812	0.000000130367
13	73934089	75670142	1506	20	0.0001515704	0.000000138362
13	75670143	77410554	1708	20	0.0000655617	0.000000134577
13	77410555	78808812	1026	20	0.0003380649	0.000000123968
13	78808813	80585675	1296	20	0.0001797140	0.000000139601
13	80585676	82581813	1647	20	0.0001975273	0.000000140385
13	82581814	84133143	1195	20	0.0001073587	0.000000098804
13	84133144	85610915	1134	20	0.0002172040	0.000000122896
13	85610916	88559881	2273	20	0.0001821247	0.000000139707
13	88559882	90521310	1407	20	-0.0000129324	0.000000118753
13	90521311	93129690	2200	20	0.0000722855	0.000000134873
13	93129691	93586454	307	20	0.0001503183	0.000000047549
13	93586455	96087557	2314	20	0.0000853737	0.000000135449
13	96087558	97519209	808	20	0.0000565048	0.000000099611
13	97519210	98938918	877	20	0.0001561156	0.000000138562
13	98938919	100574094	1577	20	0.0000389532	0.000000133406
13	100574095	102300522	1572	20	-0.0000162780	0.000000130975
13	102300523	104066709	1929	20	-0.0000127859	0.000000131128
13	104066710	104844113	766	20	0.0000554568	0.000000105675
13	104844114	106247553	1494	20	0.0002279872	0.000000141725
13	106247554	106749999	621	20	0.0001399048	0.000000093380
13	106750000	108189876	1313	20	0.0001582180	0.000000138655
13	108189877	109121209	967	20	0.0003159821	0.000000145598
13	109121210	109815111	789	20	0.0002588228	0.000000113204
13	109815112	111232072	1423	20	0.0002832475	0.000000144157
13	111232073	112247591	915	20	0.0000242509	0.000000132468
13	112247592	113572487	988	20	0.0002987923	0.000000144842
13	113572488	115109852	810	20	0.0001382255	0.000000137775
14	19002084	21589401	1198	20	-0.0000198637	0.000000130817
14	21589402	23018664	1520	20	0.0000422252	0.000000133550
14	23018665	24905122	1302	20	0.0001272598	0.000000137292
14	24905123	26135685	1326	20	0.0000591090	0.000000134293
14	26135686	28466532	1672	20	0.0000192814	0.000000132540
14	28466533	29972144	933	20	0.0002333023	0.000000126157
14	29972145	32383264	1297	20	0.0003088660	0.000000145285
14	32383265	34846250	2295	20	-0.0001292233	0.000000126004
14	34846251	35859592	530	20	0.0001036349	0.000000081511
14	35859593	38667724	1745	20	0.0000464472	0.000000133735
14	38667725	40341989	1231	20	0.0000274685	0.000000132900
14	40341990	41615501	1150	20	0.0000350456	0.000000084982
14	41615502	43137388	1035	20	0.0001557915	0.000000108127
14	43137389	44543226	996	20	0.0002244580	0.000000131189
14	44543227	46081895	841	20	-0.0000029957	0.000000093142
14	46081896	46749129	564	20	0.0000591507	0.000000041806
14	46749130	48573585	1595	20	0.0001843534	0.000000139805
14	48573586	49005470	307	19	0.0001213967	0.000000036741
14	49005471	50507759	1027	20	0.0000555715	0.000000134137
14	50507760	51493571	715	20	0.0005368834	0.000000133544
14	51493572	53474382	1720	20	0.0001686844	0.000000139115
14	53474383	53997830	418	20	0.0001059562	0.000000049173
14	53997831	55233680	821	20	0.0000613833	0.000000134393
14	55233681	56216879	593	20	0.0001607489	0.000000076005
14	56216880	57481261	1342	20	0.0001694866	0.000000139151
14	57481262	59448335	1517	20	0.0000337355	0.000000133176
14	59448336	61680423	1464	20	0.0003236600	0.000000145936
14	61680424	63790014	1687	20	0.0000722443	0.000000134871
14	63790015	65220297	721	20	0.0003316236	0.000000110568
14	65220298	66399554	785	20	0.0004154839	0.000000132741
14	66399555	67992316	772	20	0.0002504265	0.000000087129
14	67992317	71131956	2323	20	0.0008713594	0.000000170041
14	71131957	72889614	1481	20	0.0002414174	0.000000142316
14	72889615	76444766	2214	20	0.0002712370	0.000000143629
14	76444767	77229471	639	20	0.0003670866	0.000000126370
14	77229472	78561944	1141	20	0.0002510176	0.000000142739
14	78561945	80186578	1248	20	0.0001165289	0.000000136530
14	80186579	81579713	1200	20	0.0001441626	0.000000138036
14	81579714	83138096	1083	20	0.0001592332	0.000000136381
14	83138097	84241632	966	20	0.0000433325	0.000000118094
14	84241633	85746318	1199	20	0.0000876045	0.000000135547
14	85746319	86647001	668	20	-0.0000626579	0.000000086143
14	86647002	87635340	753	20	0.0002680298	0.000000109163
14	87635341	89497642	1380	20	0.0001914187	0.000000140116
14	89497643	91296859	1350	20	0.0000972038	0.000000135969
14	91296860	93132298	1349	20	0.0002179842	0.000000141285
14	93132299	94325284	798	20	0.0002258036	0.000000130676
14	94325285	95750866	1634	20	0.0000257246	0.000000132823
14	95750867	96262414	707	20	0.0001844978	0.000000120611
14	96262415	98341161	1652	20	0.0002971806	0.000000144771
14	98341162	99138531	882	20	0.0000104798	0.000000101752
14	99138532	101534306	1688	20	0.0002536886	0.000000142857
14	101534307	103012101	804	20	0.0002607759	0.000000143168
14	103012102	105001722	1006	20	0.0006673119	0.000000161061
14	105001723	106340357	403	20	0.0001302501	0.000000078661
14	106340358	107289453	329	20	0.0001997474	0.000000069802
15	20001200	21131603	46	7	0.0000363965	0.000000011783
15	21131604	24195126	658	20	0.0001357598	0.000000134191
15	24195127	25108589	680	20	0.0001842649	0.000000095596
15	25108590	27298111	1803	20	-0.0000494566	0.000000129515
15	27298112	29338501	1111	20	-0.0000103218	0.000000131237
15	29338502	30165567	626	20	0.0004667701	0.000000116771
15	30165568	31591820	556	20	0.0000932412	0.000000104271
15	31591821	32441810	514	20	-0.0000198077	0.000000075306
15	32441811	34015424	1364	20	-0.0000294647	0.000000130394
15	34015425	35083250	794	20	0.0000463989	0.000000130260
15	35083251	37456501	1948	20	-0.0000455597	0.000000129686
15	37456502	38530776	765	20	0.0001077275	0.000000119504
15	38530777	40384131	1684	20	0.0006470844	0.000000160171
15	40384132	41177513	428	20	0.0000535981	0.000000067094
15	41177514	42776398	833	20	0.0001762317	0.000000135105
15	42776399	44198048	479	20	0.0006173669	0.000000078922
15	44198049	46618786	1029	20	0.0002404176	0.000000142272
15	46618787	48136047	1373	20	0.0002713604	0.000000143634
15	48136048	50008042	979	20	0.0003334774	0.000000124330
15	50008043	51677559	1170	20	0.0005022328	0.000000153795
15	51677560	53069095	813	20	0.0001307790	0.000000108144
15	53069096	54508527	1412	20	0.0001130215	0.000000136375
15	54508528	55136268	600	20	0.0003256609	0.000000108099
15	55136269	56901772	1149	20	0.0002775411	0.000000143906
15	56901773	58441365	1289	20	0.0002009068	0.000000140534
15	58441366	59694115	970	20	0.0001062967	0.000000136370
15	59694116	61265835	1239	20	0.0000536068	0.000000134051
15	61265836	63215221	1704	20	0.0001441348	0.000000138035
15	63215222	65104667	954	20	0.0003508695	0.000000147134
15	65104668	67094766	1095	20	0.0007382294	0.000000164182
15	67094767	69017998	1341	20	0.0000582413	0.000000134255
15	69017999	70133340	575	20	0.0001007473	0.000000099066
15	70133341	71922648	1294	20	0.0000799343	0.000000135209
15	71922649	73628713	766	20	0.0002831514	0.000000093679
15	73628714	76398623	1111	20	-0.0000229580	0.000000130681
15	76398624	78516052	1130	20	0.0000576307	0.000000133938
15	78516053	80860977	1951	20	0.0000746482	0.000000134977
15	80860978	84260467	1607	20	-0.0000218978	0.000000130727
15	84260468	86652904	1698	20	0.0000479481	0.000000133801
15	86652905	88369942	1543	20	0.0000204664	0.000000132592
15	88369943	90475550	1337	20	0.0003309910	0.000000146259
15	90475551	92164391	1233	20	0.0001078494	0.000000136438
15	92164392	93780901	1458	20	0.0000261466	0.000000132842
15	93780902	94924329	1222	20	0.0001457558	0.000000138106
15	94924330	96141595	1136	20	0.0000006134	0.000000131718
15	96141596	98030909	1424	20	0.0000549941	0.000000134112
15	98030910	99244058	1152	20	0.0000157920	0.000000132386
15	99244059	100636846	1109	20	0.0001042979	0.000000135991
15	100636847	101552693	743	20	0.0002588329	0.000000143083
15	101552694	102520965	765	20	0.0003157323	0.000000145587
16	60054	1207205	611	20	0.0001079663	0.000000136443
16	1207206	2764828	773	20	0.0001153698	0.000000136769
16	2764829	4001195	538	20	0.0000005769	0.000000118491
16	4001196	5118344	641	20	0.0000631507	0.000000134471
16	5118345	5891579	772	20	-0.0000123895	0.000000131146
16	5891580	6893550	1286	20	0.0001684390	0.000000139105
16	6893551	7529120	940	20	0.0001254422	0.000000137212
16	7529121	8338518	1080	20	0.0001614378	0.000000138796
16	8338519	9799418	1390	20	0.0000973854	0.000000135977
16	9799419	10426031	770	20	0.0002551044	0.000000121734
16	10426032	11520160	840	20	0.0006651328	0.000000160965
16	11520161	12613097	747	20	0.0001059772	0.000000136355
16	12613098	13154436	665	20	-0.0000558313	0.000000104987
16	13154437	14464001	1110	20	0.0000666412	0.000000134624
16	14464002	16154059	481	20	0.0002338021	0.000000105175
16	16154060	17644748	721	20	0.0003013090	0.000000144952
16	17644749	18643606	367	20	0.0001915897	0.000000067354
16	18643607	20150570	839	20	0.0001661252	0.000000139003
16	20150571	22448903	813	20	0.0002090150	0.000000125374
16	22448904	24136874	1004	20	0.0000085511	0.000000132068
16	24136875	25986861	1391	20	0.0000063244	0.000000131970
16	25986862	27445754	1275	20	0.0000817705	0.000000135290
16	27445755	29036612	599	20	0.0002989531	0.000000100893
16	29036613	31382942	587	20	0.0001622287	0.000000108409
16	31382943	46399472	278	20	0.0001844416	0.000000048529
16	46399473	49007925	627	20	0.0001229030	0.000000080746
16	49007926	52035822	2056	20	0.0001153130	0.000000136766
16	52035823	53382571	921	20	0.0001022408	0.000000116150
16	53382572	55903773	2240	20	-0.0000046259	0.000000131488
16	55903774	57664329	1220	20	0.0000686865	0.000000134714
16	57664330	59045404	941	20	0.0000852738	0.000000135444
16	59045405	60745693	1168	20	0.0000992835	0.000000136061
16	60745694	62229848	840	20	-0.0000204773	0.000000092100
16	62229849	63691588	1053	20	0.0001784580	0.000000139545
16	63691589	65938565	1782	20	0.0002547316	0.000000142902
16	65938566	68841362	1262	20	0.0001970831	0.000000140365
16	68841363	71054027	693	20	0.0002916226	0.000000124468
16	71054028	72935149	811	20	0.0003719466	0.000000136814
16	72935150	74971502	1345	20	0.0000561781	0.000000134164
16	74971503	75977953	492	20	0.0000579540	0.000000078708
16	75977954	77523677	1505	20	-0.0000100006	0.000000131251
16	77523678	78456291	1198	20	0.0001483545	0.000000138221
16	78456292	79134814	1002	20	0.0001638470	0.000000138902
16	79134815	80297373	1371	20	0.0000769946	0.000000135080
16	80297374	81772535	1476	20	0.0001235162	0.000000137127
16	81772536	82747727	1062	20	0.0000479420	0.000000133801
16	82747728	83477207	1098	20	-0.0000001838	0.000000131683
16	83477208	84445882	1329	20	0.0002030322	0.000000140627
16	84445883	85148684	866	20	0.0000158162	0.000000132387
16	85148685	86156598	909	20	0.0001848071	0.000000139825
16	86156599	86815410	922	20	0.0001772872	0.000000139494
16	86815411	87647348	682	20	0.0001849637	0.000000139832
16	87647349	89041164	791	20	0.0000228795	0.000000132698
16	89041165	90292811	629	20	0.0001261145	0.000000136661
17	56	1172398	598	20	-0.0000894572	0.000000127754
17	1172399	1928730	464	20	0.0001145562	0.000000096646
17	1928731	3702311	1213	20	0.0003807737	0.000000148450
17	3702312	4696260	638	20	0.0001855071	0.000000130623
17	4696261	5741333	812	20	0.0005101747	0.000000143464
17	5741334	7317397	1189	20	0.0001328466	0.000000137538
17	7317398	8306424	538	20	0.0000904991	0.000000112535
17	8306425	9965920	1261	20	0.0001634879	0.000000138887
17	9965921	11102814	939	20	0.0001676860	0.000000139071
17	11102815	12534768	1059	20	-0.0000599768	0.000000129052
17	12534769	13180371	599	20	-0.0000114770	0.000000107215
17	13180372	13894636	740	20	0.0001815661	0.000000139682
17	13894637	15019096	1323	20	0.0001274718	0.000000137301
17	15019097	16412341	668	20	0.0000353224	0.000000108989
17	16412342	18856319	1117	20	0.0001682943	0.000000139098
17	18856320	21290356	803	20	0.0002670097	0.000000130772
17	21290357	27334243	1152	20	0.0000886647	0.000000135594
17	27334244	29786490	907	20	0.0009169703	0.000000138455
17	29786491	31538424	1030	20	0.0001088718	0.000000136483
17	31538425	32912797	1641	20	0.0000297913	0.000000133002
17	32912798	34469035	1017	20	0.0007359302	0.000000164081
17	34469036	36809343	935	20	0.0002027968	0.000000140617
17	36809344	38877403	811	20	0.0003042087	0.000000145080
17	38877404	39899809	732	20	0.0003167937	0.000000095963
17	39899810	41772086	658	20	0.0000426111	0.000000085042
17	41772087	43056904	634	20	0.0004087723	0.000000107619
17	43056905	45876021	1318	20	0.0004307358	0.000000150649
17	45876022	47517399	956	20	0.0002214375	0.000000139697
17	47517400	49898956	1441	20	0.0000011296	0.000000131741
17	49898957	50719054	623	20	0.0000788476	0.000000070836
17	50719055	51826117	871	20	0.0001469623	0.000000084482
17	51826118	53599431	1267	20	-0.0000102780	0.000000131239
17	53599432	55357540	1234	20	0.0002141318	0.000000141116
17	55357541	57487511	1216	20	0.0002348542	0.000000142028
17	57487512	59312754	452	20	0.0003530404	0.000000066615
17	59312755	61545588	883	20	0.0001576517	0.000000138630
17	61545589	63148127	564	20	0.0001223583	0.000000083943
17	63148128	64800429	1403	20	0.0001608160	0.000000138769
17	64800430	67858769	1855	20	0.0001712426	0.000000139228
17	67858770	69387816	1405	20	0.0000069724	0.000000131998
17	69387817	72672202	2659	20	0.0000964282	0.000000135935
17	72672203	74375559	781	20	-0.0000056875	0.000000131441
17	74375560	76263412	1342	20	-0.0000326340	0.000000130255
17	76263413	77298635	800	20	-0.0000003263	0.000000131677
17	77298636	78837587	1088	20	-0.0000117206	0.000000131175
17	78837588	80034407	546	20	0.0001287599	0.000000111688
17	80034408	81194907	606	20	0.0001597257	0.000000105522
18	10644	912485	759	20	0.0001552667	0.000000138525
18	912486	1942910	860	20	0.0001470466	0.000000116143
18	1942911	3891657	1598	20	0.0001551666	0.000000138520
18	3891658	5834179	1643	20	0.0000428885	0.000000133579
18	5834180	7090484	1117	20	0.0000224739	0.000000132680
18	7090485	8498930	1126	20	0.0001668629	0.000000139035
18	8498931	11075912	2468	20	-0.0000680646	0.000000128696
18	11075913	11905439	583	20	0.0000845562	0.000000106952
18	11905440	14440798	1513	20	0.0000515353	0.000000133959
18	14440799	19485843	398	20	0.0000550736	0.000000054131
18	19485844	20649471	691	20	0.0003114769	0.000000101988
18	20649472	22996650	1540	20	-0.0000772789	0.000000128290
18	22996651	24026190	673	20	0.0000301907	0.000000095146
18	24026191	25927681	1597	20	0.0001040674	0.000000136271
18	25927682	26875586	671	20	-0.0000429538	0.000000061561
18	26875587	27866477	732	20	0.0002814336	0.000000085540
18	27866478	30264065	1910	20	0.0002169195	0.000000141238
18	30264066	31780066	887	20	0.0000671478	0.000000086659
18	31780067	33861963	1402	20	0.0001515998	0.000000138363
18	33861964	35075249	935	20	0.0001729747	0.000000139304
18	35075250	36365489	1114	20	-0.0000355750	0.000000118043
18	36365490	37684366	844	20	0.0002754881	0.000000096596
18	37684367	39892647	1846	20	0.0001692353	0.000000139140
18	39892648	42922105	2228	20	0.0001712361	0.000000139228
18	42922106	44299245	1261	20	0.0000829187	0.000000135341
18	44299246	45939731	1166	20	0.0001209235	0.000000137013
18	45939732	47730583	1410	20	0.0000343662	0.000000133204
18	47730584	51062184	2604	20	0.0001467626	0.000000138151
18	51062185	51554174	492	20	0.0001164824	0.000000045062
18	51554175	55213837	2309	20	0.0000748995	0.000000134988
18	55213838	56530219	1128	20	-0.0000134287	0.000000131100
18	56530220	57630482	1092	20	0.0002411441	0.000000142304
18	57630483	59020750	1029	20	0.0001749736	0.000000132745
18	59020751	60277714	1215	20	0.0000360200	0.000000133277
18	60277715	61820251	1238	20	0.0002005191	0.000000140516
18	61820252	63463401	1321	20	-0.0000589224	0.000000129098
18	63463402	64252800	765	20	0.0001143761	0.000000070277
18	64252801	66125816	1809	20	0.0003043412	0.000000145086
18	66125817	67175819	773	20	-0.0000005557	0.000000106853
18	67175820	68621178	1008	20	0.0001029688	0.000000136223
18	68621179	69621617	977	20	0.0001197910	0.000000136963
18	69621618	71038473	1319	20	0.0000680817	0.000000134688
18	71038474	71971461	1054	20	0.0003692924	0.000000147944
18	71971462	73526986	1394	20	0.0002250767	0.000000141597
18	73526987	74813814	1174	20	0.0001783906	0.000000139543
18	74813815	75976316	1238	20	0.0000640345	0.000000134509
18	75976317	77149990	1007	20	0.0000460148	0.000000133716
18	77149991	78017157	552	20	-0.0000022030	0.000000093726
19	80840	610728	211	20	0.0001372706	0.000000049265
19	610729	2098395	699	20	-0.0000173023	0.000000130930
19	2098396	3019659	490	20	0.0000693399	0.000000108520
19	3019660	4348966	624	20	-0.0001201238	0.000000126404
19	4348967	5811851	751	20	0.0000659927	0.000000134596
19	5811852	6684884	402	20	0.0000264978	0.000000085421
19	6684885	8347512	1029	20	-0.0000680419	0.000000128697
19	8347513	9238392	467	20	0.0002202933	0.000000080734
19	9238393	11284027	947	20	0.0001409107	0.000000137893
19	11284028	13471126	861	20	0.0000232447	0.000000132714
19	13471127	14486346	421	20	0.0001429535	0.000000086731
19	14486347	15648609	654	20	0.0000821383	0.000000119515
19	15648610	16374415	783	20	0.0000520848	0.000000098588
19	16374416	18409861	1079	20	0.0001031021	0.000000136229
19	18409862	19877470	634	20	0.0002536936	0.000000116892
19	19877471	20905756	404	20	-0.0000198695	0.000000057599
19	20905757	22732895	1032	20	0.0000441343	0.000000104900
19	22732896	23467745	373	20	0.0001402856	0.000000045341
19	23467746	28557892	860	20	0.0000450852	0.000000087593
19	28557893	29790946	1251	20	-0.0000352947	0.000000130138
19	29790947	30727953	733	20	0.0001202813	0.000000121760
19	30727954	32746519	1264	20	0.0001690289	0.000000139131
19	32746520	34262951	995	20	0.0002263904	0.000000141655
19	34262952	36469294	1244	20	0.0001248108	0.000000137184
19	36469295	37527032	528	20	0.0000821217	0.000000058672
19	37527033	40170618	1274	20	0.0001557406	0.000000138546
19	40170619	40984600	390	20	0.0001909735	0.000000065242
19	40984601	42131572	597	20	0.0000686916	0.000000111296
19	42131573	43862454	574	20	0.0003620952	0.000000094974
19	43862455	44744107	571	20	0.0001086962	0.000000081196
19	44744108	46102696	756	20	0.0003828535	0.000000148541
19	46102697	47150081	557	20	0.0000158276	0.000000104495
19	47150082	49282226	1106	20	0.0000925073	0.000000135763
19	49282227	51532566	1193	20	0.0001193344	0.000000136943
19	51532567	52985289	1247	20	-0.0000097551	0.000000131262
19	52985290	54602361	1142	20	0.0000412558	0.000000133507
19	54602362	55728079	723	20	0.0002671558	0.000000143449
19	55728080	57521334	1244	20	-0.0000147019	0.000000131044
19	57521335	59118838	963	20	0.0001983195	0.000000140420
20	60479	697599	469	20	0.0002497083	0.000000108360
20	697600	2469500	1919	20	0.0003158668	0.000000145593
20	2469501	3828412	977	20	0.0001369797	0.000000137720
20	3828413	5477849	1540	20	0.0000735298	0.000000134927
20	5477850	7084072	1601	20	0.0001872049	0.000000139930
20	7084073	8117010	1077	20	0.0001796719	0.000000122381
20	8117011	9730920	1615	20	0.0000745503	0.000000134972
20	9730921	11249535	1550	20	0.0000704748	0.000000134793
20	11249536	12447498	1148	20	0.0000947145	0.000000135570
20	12447499	13689863	1199	20	0.0001759452	0.000000139435
20	13689864	15958358	2107	20	0.0000756557	0.000000135021
20	15958359	17487231	1914	20	0.0000262604	0.000000132847
20	17487232	18972202	1272	20	0.0002509601	0.000000142736
20	18972203	20959709	1823	20	0.0001110481	0.000000136579
20	20959710	22491455	930	20	-0.0000386319	0.000000098486
20	22491456	23293789	865	20	0.0003338185	0.000000119568
20	23293790	24717723	1226	20	-0.0000534811	0.000000129337
20	24717724	25344230	640	20	0.0001386340	0.000000063998
20	25344231	31614822	1272	20	0.0002475963	0.000000142588
20	31614823	32813440	507	20	0.0001577361	0.000000077998
20	32813441	34960445	853	20	0.0003539272	0.000000100575
20	34960446	36909529	971	20	0.0001616701	0.000000138807
20	36909530	38436760	1128	20	0.0004308017	0.000000150652
20	38436761	39610855	991	20	0.0004484867	0.000000151430
20	39610856	40585688	583	20	0.0001530891	0.000000086905
20	40585689	41615459	1080	20	0.0001936092	0.000000140212
20	41615460	42680175	738	20	-0.0000058360	0.000000129117
20	42680176	44839055	1516	20	0.0002986615	0.000000144836
20	44839056	47199979	2006	20	-0.0000281377	0.000000130453
20	47199980	49239657	1522	20	0.0002026663	0.000000140611
20	49239658	52472548	2653	20	0.0000426140	0.000000133567
20	52472549	54055265	1402	20	0.0001489672	0.000000138248
20	54055266	56447958	2323	20	0.0000577469	0.000000134233
20	56447959	58406571	1648	20	0.0000478396	0.000000133797
20	58406572	59561723	1112	20	-0.0000902306	0.000000127720
20	59561724	61301854	1514	20	0.0000197655	0.000000132561
20	61301855	62190179	624	20	-0.0000260147	0.000000129966
20	62190180	62965162	447	20	0.0000106841	0.000000082021
21	9411243	15950981	678	20	0.0000878612	0.000000119483
21	15950982	18053164	1422	20	0.0001959530	0.000000140315
21	18053165	19480374	994	20	-0.0000225014	0.000000130701
21	19480375	20962338	1390	20	0.0001044514	0.000000136288
21	20962339	22072763	935	20	0.0000276280	0.000000132907
21	22072764	23362874	1246	20	0.0000141148	0.000000132312
21	23362875	24696230	949	20	0.0000073022	0.000000118787
21	24696231	26469121	1566	20	0.0000501366	0.000000133898
21	26469122	27271018	493	20	0.0001006369	0.000000071524
21	27271019	29125225	1804	20	0.0001076227	0.000000136428
21	29125226	31197024	1617	20	0.0000371037	0.000000133324
21	31197025	32668641	1131	20	0.0000674835	0.000000106203
21	32668642	34376998	1186	20	0.0001552131	0.000000138522
21	34376999	35225464	583	20	0.0001109485	0.000000098687
21	35225465	36524372	1080	20	0.0003919704	0.000000148943
21	36524373	37870778	1033	20	0.0004086891	0.000000149678
21	37870779	38711703	641	20	0.0000230680	0.000000089080
21	38711704	40482901	1674	20	0.0000516226	0.000000133963
21	40482902	41389526	986	20	0.0001307981	0.000000137448
21	41389527	43321527	1843	20	-0.0000027974	0.000000131568
21	43321528	44506267	1304	20	-0.0000178736	0.000000130905
21	44506268	46177104	1116	20	0.0000437029	0.000000133615
21	46177105	47492225	1003	20	0.0000743213	0.000000134962
21	47492226	48119751	446	20	0.0004706206	0.000000093013
22	16050408	17674294	449	20	-0.0000224581	0.000000080570
22	17674295	18296087	457	20	0.0002362231	0.000000095148
22	18296088	19912357	1071	20	0.0002623448	0.000000143238
22	19912358	22357324	1149	20	0.0003731485	0.000000148114
22	22357325	23712646	970	20	0.0001413999	0.000000137914
22	23712647	24984203	738	20	-0.0000077904	0.000000108219
22	24984204	26791627	1473	20	0.0000964146	0.000000135935
22	26791628	27834751	1396	20	0.0001717121	0.000000139249
22	27834752	29651798	1070	20	0.0000705009	0.000000134794
22	29651799	31439917	1039	20	0.0001234120	0.000000137123
22	31439918	32664985	620	20	0.0000372472	0.000000088611
22	32664986	34494913	1842	20	0.0000627864	0.000000134455
22	34494914	35530984	1219	20	0.0000642961	0.000000124148
22	35530985	37570268	1738	20	0.0000094190	0.000000132106
22	37570269	39307893	1025	20	0.0000647948	0.000000134543
22	39307894	40545796	670	20	0.0000593525	0.000000128811
22	40545797	42690817	918	20	0.0000981101	0.000000108385
22	42690818	43714199	830	20	0.0004009899	0.000000149340
22	43714200	44995307	1402	20	0.0001097978	0.000000136524
22	44995308	46470494	1268	20	0.0003039244	0.000000145068
22	46470495	47596317	959	20	0.0001489214	0.000000138246
22	47596318	48903702	1642	20	0.0000323566	0.000000133115
22	48903703	49824533	1428	20	0.0000488750	0.000000133842
22	49824534	51243297	849	20	0.0002370442	0.000000142124
