chr	start	end	num_snp	k	local_h2g	var
1	10583	1892606	789	18	0.0004070361	0.000000043309
1	1892607	3582735	2837	18	0.0005326288	0.000000052920
1	3582736	4380810	1614	18	0.0003530299	0.000000048690
1	4380811	5913892	3812	18	0.0004054465	0.000000049925
1	5913893	7247334	2005	18	0.0001537271	0.000000043995
1	7247335	9365198	3371	18	0.0005001207	0.000000052155
1	9365199	10806983	1568	18	0.0001456090	0.000000043804
1	10806984	11777840	1327	18	0.0002465746	0.000000046182
1	11777841	12779465	1394	18	0.0005727672	0.000000053866
1	12779466	14891510	2602	18	0.0002268544	0.000000045718
1	14891511	16897729	3842	18	0.0002451495	0.000000046149
1	16897730	18662898	2733	18	0.0008926428	0.000000061401
1	18662899	20469148	3453	18	0.0000710265	0.000000042047
1	20469149	21736587	1975	18	0.0004084506	0.000000049995
1	21736588	23086882	2463	18	0.0000869408	0.000000042422
1	23086883	23920589	1049	18	0.0004343882	0.000000041975
1	23920590	25516844	2420	18	0.0003126450	0.000000047739
1	25516845	27401866	1890	18	0.0003305197	0.000000048160
1	27401867	30161880	2764	18	0.0000889205	0.000000042469
1	30161881	32438684	4160	18	0.0002397822	0.000000046022
1	32438685	34799757	2555	18	0.0002160502	0.000000045463
1	34799758	37549182	2700	18	0.0002238263	0.000000045646
1	37549183	38731846	1786	18	0.0010571322	0.000000065275
1	38731847	40200566	1957	18	0.0001282123	0.000000043394
1	40200567	41975326	2795	18	0.0002842043	0.000000047069
1	41975327	43758456	2493	18	0.0001444122	0.000000043776
1	43758457	44969182	1440	18	0.0002816532	0.000000047009
1	44969183	46899500	2402	18	0.0003774796	0.000000049266
1	46899501	48002575	1516	18	0.0003910306	0.000000049585
1	48002576	48978187	1106	18	0.0002746677	0.000000046844
1	48978188	49894176	749	18	0.0001508154	0.000000027610
1	49894177	51713725	1172	18	0.0003372868	0.000000032821
1	51713726	54226261	2367	18	0.0001285035	0.000000043401
1	54226262	56413116	3648	18	0.0001521228	0.000000043957
1	56413117	57021727	1075	18	0.0003727340	0.000000036049
1	57021728	58865398	3239	18	0.0003101765	0.000000047680
1	58865399	59890408	1752	18	0.0001447528	0.000000043784
1	59890409	61922364	2353	18	0.0001600423	0.000000044144
1	61922365	63455088	2461	18	0.0001628832	0.000000044211
1	63455089	65041703	2909	18	0.0002181318	0.000000045512
1	65041704	66939403	2794	18	0.0004037885	0.000000049886
1	66939404	68477894	2860	18	0.0005930949	0.000000054345
1	68477895	69687615	1698	18	0.0002384649	0.000000045991
1	69687616	71372469	2632	18	0.0002567716	0.000000046422
1	71372470	71684404	453	18	0.0001912554	0.000000013384
1	71684405	74326906	3196	18	0.0001880128	0.000000044803
1	74326907	76728134	3545	18	0.0002134067	0.000000045401
1	76728135	79661197	4441	18	0.0004083712	0.000000049993
1	79661198	81354190	2784	18	0.0000967730	0.000000042654
1	81354191	83991747	4519	18	0.0002328071	0.000000045858
1	83991748	84844494	1164	18	0.0003100969	0.000000038168
1	84844495	86454750	2676	18	0.0002998477	0.000000047437
1	86454751	88128630	2648	18	0.0001152778	0.000000043089
1	88128631	90066302	2299	18	0.0001856869	0.000000044748
1	90066303	91886316	2411	18	0.0004783137	0.000000051641
1	91886317	93536458	2429	18	0.0006191510	0.000000054959
1	93536459	94506190	1396	18	0.0003982428	0.000000034333
1	94506191	96150892	2589	18	0.0002864952	0.000000047028
1	96150893	97885248	2611	18	0.0001659642	0.000000044283
1	97885249	99800603	2684	18	0.0001946187	0.000000044958
1	99800604	100826404	1230	18	0.0001533882	0.000000035823
1	100826405	102041015	1941	18	0.0006384360	0.000000055413
1	102041016	102898744	1493	18	0.0002673888	0.000000035405
1	102898745	103914210	1537	18	0.0002369575	0.000000026054
1	103914211	106087841	3596	18	0.0003378926	0.000000048333
1	106087842	108409664	3438	18	0.0004050693	0.000000049916
1	108409665	110303930	2578	18	0.0001320628	0.000000043485
1	110303931	111741736	2346	18	0.0002741907	0.000000046833
1	111741737	113273305	2756	18	0.0005352217	0.000000052982
1	113273306	114873844	2151	18	0.0078538002	0.000000225376
1	114873845	115880592	1303	18	0.0004938226	0.000000050222
1	115880593	118839066	3689	18	0.0005029629	0.000000052222
1	118839067	144977493	2663	18	0.0003644814	0.000000048960
1	144977494	148361252	1771	18	0.0003412610	0.000000048413
1	148361253	151538880	1756	18	0.0004566169	0.000000051130
1	151538881	153180828	2323	18	0.0003050344	0.000000047559
1	153180829	154770402	2048	18	0.0004924232	0.000000051973
1	154770403	156336132	1278	18	0.0002644809	0.000000046604
1	156336133	158027411	2613	18	0.0005315290	0.000000052895
1	158027412	159913047	3318	18	0.0004880992	0.000000051872
1	159913048	162346720	3568	18	0.0004300249	0.000000050504
1	162346721	165191701	4794	18	0.0000365453	0.000000041235
1	165191702	166460516	2195	18	0.0000913743	0.000000042526
1	166460517	169086323	4596	18	0.0003885806	0.000000049527
1	169086324	170557775	2871	18	0.0001413905	0.000000043705
1	170557776	173097906	4136	18	0.0003691156	0.000000049069
1	173097907	175089767	2156	18	0.0015526440	0.000000073086
1	175089768	177433380	3354	18	0.0002197405	0.000000045550
1	177433381	178944308	1988	18	0.0004435732	0.000000050823
1	178944309	178954469	13	1	-0.0000034508	0.000000000660
1	178954470	181144120	3900	18	0.0003591488	0.000000048834
1	181144121	182755355	2527	18	0.0000324068	0.000000041137
1	182755356	184595512	2724	18	0.0001544505	0.000000044012
1	184595513	186810022	2388	18	0.0005423065	0.000000053148
1	186810023	188759944	4292	18	0.0003499971	0.000000048618
1	188759945	189904129	1461	18	0.0003322912	0.000000029353
1	189904130	191868929	3346	18	0.0002685415	0.000000046700
1	191868930	194107441	3155	18	0.0002877341	0.000000047152
1	194107442	196176200	3933	18	0.0001316107	0.000000043474
1	196176201	197311513	990	18	0.0002966266	0.000000026144
1	197311514	199239883	2285	18	0.0008987015	0.000000061544
1	199239884	200137648	1719	18	0.0000971633	0.000000040512
1	200137649	201589974	2714	18	0.0006103700	0.000000054752
1	201589975	203334733	2398	18	0.0003459472	0.000000048523
1	203334734	204681067	2173	18	0.0005601628	0.000000053569
1	204681068	206073264	2137	18	0.0001427219	0.000000043736
1	206073265	208410363	2440	18	0.0005006392	0.000000052167
1	208410364	210787749	3589	18	0.0003023616	0.000000047496
1	210787750	212842329	3085	18	0.0003561931	0.000000048764
1	212842330	214578265	2316	18	0.0002674472	0.000000046674
1	214578266	216243633	2511	18	0.0001220748	0.000000043250
1	216243634	218705512	4235	18	0.0001967126	0.000000045008
1	218705513	219590570	1520	18	0.0003330512	0.000000042932
1	219590571	221858230	3282	18	0.0004624173	0.000000051267
1	221858231	222230219	632	18	0.0003105266	0.000000029341
1	222230220	224938519	3526	18	0.0002033205	0.000000045163
1	224938520	226810859	2358	18	0.0005557986	0.000000053466
1	226810860	229156247	3751	18	0.0000977376	0.000000042676
1	229156248	230685254	2329	18	0.0000679506	0.000000041975
1	230685255	232090251	2509	18	0.0002530848	0.000000046336
1	232090252	233429283	2416	18	0.0002085603	0.000000045287
1	233429284	234599433	2413	18	0.0002413553	0.000000046059
1	234599434	235819435	1875	18	0.0003362961	0.000000048296
1	235819436	237555627	3328	18	0.0002693250	0.000000046718
1	237555628	238567806	1985	18	0.0002714537	0.000000046768
1	238567807	239925313	2371	18	0.0001442626	0.000000043772
1	239925314	240564090	1535	18	0.0001921676	0.000000044901
1	240564091	241582219	1964	18	0.0001857091	0.000000044749
1	241582220	242071601	920	18	0.0002170904	0.000000039842
1	242071602	244109498	2912	18	0.0003304734	0.000000048159
1	244109499	245506745	2418	18	0.0001867156	0.000000044772
1	245506746	247344517	4163	18	0.0001586457	0.000000044111
1	247344518	249239465	3006	18	0.0001557545	0.000000044043
2	10133	1781021	4300	18	0.0003433029	0.000000048461
2	1781022	3973778	4346	18	0.0001735497	0.000000044462
2	3973779	5708336	2899	18	0.0001660613	0.000000044286
2	5708337	6836253	2417	18	0.0003402931	0.000000048390
2	6836254	8422146	2524	18	0.0000058062	0.000000040511
2	8422147	10298468	3218	18	0.0001427926	0.000000043738
2	10298469	12419149	4601	18	0.0000331793	0.000000041156
2	12419150	14335307	3316	18	0.0005612917	0.000000053596
2	14335308	16329734	3343	18	0.0002027966	0.000000045151
2	16329735	18647422	3656	18	0.0004889783	0.000000051892
2	18647423	19692403	1485	18	0.0002054944	0.000000045215
2	19692404	21050489	2642	18	0.0003076464	0.000000047621
2	21050490	23341382	2548	18	0.0002594891	0.000000046486
2	23341383	24686917	1964	18	0.0001473035	0.000000043844
2	24686918	26894984	2560	18	0.0003183711	0.000000047873
2	26894985	28598776	1646	18	0.0002024652	0.000000045143
2	28598777	29217558	1051	18	0.0003864703	0.000000047415
2	29217559	30463710	2146	18	0.0001358022	0.000000043573
2	30463711	31550449	2224	18	0.0003015053	0.000000047476
2	31550450	33363776	2118	18	0.0002620404	0.000000046547
2	33363777	35345027	4137	18	0.0002011390	0.000000045112
2	35345028	36122005	2003	18	0.0002984975	0.000000047311
2	36122006	38132711	3713	18	0.0003511406	0.000000048645
2	38132712	39031336	1474	18	0.0000728711	0.000000042091
2	39031337	40281482	1293	18	0.0003581200	0.000000048810
2	40281483	43309589	5962	18	0.0000553412	0.000000041678
2	43309590	44313802	1736	18	0.0002890687	0.000000047183
2	44313803	46482633	4021	18	0.0001588762	0.000000044116
2	46482634	47318771	1564	18	0.0003460892	0.000000048526
2	47318772	48213000	1305	18	0.0002218793	0.000000045601
2	48213001	50022256	3170	18	0.0004047095	0.000000049907
2	50022257	50818927	1566	18	0.0003368807	0.000000046714
2	50818928	52491132	2842	18	0.0002886855	0.000000047174
2	52491133	53508451	2304	18	0.0002545290	0.000000046370
2	53508452	54685225	2012	18	0.0002451785	0.000000046149
2	54685226	56203344	2606	18	0.0005000791	0.000000052154
2	56203345	57429099	1996	18	0.0004634933	0.000000051292
2	57429100	58297314	1444	18	0.0004522803	0.000000043380
2	58297315	60291999	2544	18	0.0002900309	0.000000047206
2	60292000	62429043	2502	18	0.0010541635	0.000000065206
2	62429044	64625912	2496	18	0.0007887216	0.000000058953
2	64625913	65933443	2014	18	0.0008036115	0.000000059304
2	65933444	67226165	1819	18	0.0001378677	0.000000043622
2	67226166	68010175	1614	18	0.0000553740	0.000000041678
2	68010176	69139563	2019	18	0.0001935415	0.000000044933
2	69139564	70755197	2212	18	0.0003479998	0.000000048571
2	70755198	73174847	3597	18	0.0002233405	0.000000045635
2	73174848	75630085	3119	18	0.0002508154	0.000000046282
2	75630086	76913660	2399	18	0.0001585982	0.000000044110
2	76913661	78079263	2247	18	0.0004930514	0.000000051988
2	78079264	80050402	3760	18	0.0002433514	0.000000046106
2	80050403	81620840	2215	18	0.0000990538	0.000000042707
2	81620841	85140679	5484	18	0.0004332238	0.000000050579
2	85140680	88038506	2748	18	0.0002775611	0.000000046912
2	88038507	89154525	1018	18	0.0005862546	0.000000042271
2	89154526	95326451	61	4	0.0000177487	0.000000002858
2	95326452	98995200	1927	18	0.0005999334	0.000000054506
2	98995201	101822328	3982	18	0.0009558891	0.000000062891
2	101822329	102688764	1366	18	0.0001503621	0.000000039550
2	102688765	103588214	1690	18	0.0004536316	0.000000046774
2	103588215	105125033	1500	18	0.0000957125	0.000000041409
2	105125034	106210057	1788	18	0.0003424956	0.000000048442
2	106210058	107408266	2106	18	0.0003140798	0.000000047772
2	107408267	108429176	1770	18	0.0001751092	0.000000042161
2	108429177	110572431	2662	18	0.0001930822	0.000000044922
2	110572432	113921855	3093	18	0.0007704422	0.000000058522
2	113921856	116772469	3625	18	0.0001973644	0.000000045023
2	116772470	118367465	2443	18	0.0001770391	0.000000044544
2	118367466	121303782	4235	18	0.0000901971	0.000000042499
2	121303783	123302905	2741	18	0.0003731727	0.000000049164
2	123302906	124732249	2699	18	0.0003062357	0.000000047588
2	124732250	125840920	1790	18	0.0002539342	0.000000046356
2	125840921	127373763	2819	18	0.0002165091	0.000000045474
2	127373764	128034346	1401	18	0.0001592248	0.000000043842
2	128034347	129474440	2310	18	0.0002212739	0.000000045586
2	129474441	130067169	1125	18	0.0004045634	0.000000036795
2	130067170	130658084	1000	18	0.0003596786	0.000000032246
2	130658085	133042783	1777	18	0.0002070336	0.000000045251
2	133042784	135158577	3344	18	0.0002737937	0.000000046823
2	135158578	137042793	1900	18	0.0002277085	0.000000045738
2	137042794	138698116	2942	18	0.0002384327	0.000000045990
2	138698117	140100270	2133	18	0.0004458950	0.000000050877
2	140100271	141805350	3028	18	0.0001267561	0.000000043360
2	141805351	142518601	1528	18	0.0000749794	0.000000038052
2	142518602	144519483	2915	18	0.0002559229	0.000000046402
2	144519484	146445569	1569	18	0.0003436014	0.000000048468
2	146445570	147277161	754	18	0.0001239625	0.000000021304
2	147277162	150210291	3025	18	0.0001962906	0.000000044998
2	150210292	151731461	1996	18	0.0001790048	0.000000044591
2	151731462	152486781	1273	18	0.0003894214	0.000000040029
2	152486782	154005055	2284	18	0.0004256417	0.000000050400
2	154005056	155391134	2523	18	0.0001581762	0.000000044100
2	155391135	157560634	2709	18	0.0003118340	0.000000047719
2	157560635	158533217	646	18	0.0001740094	0.000000026813
2	158533218	159577081	1533	18	0.0002663189	0.000000046647
2	159577082	161769732	3503	18	0.0001750459	0.000000044497
2	161769733	163503550	1570	18	0.0004548415	0.000000048373
2	163503551	164466637	1109	18	0.0004324228	0.000000037016
2	164466638	165178839	778	18	0.0003028762	0.000000028830
2	165178840	167160269	2886	18	0.0002096154	0.000000045312
2	167160270	167355969	362	17	0.0003390800	0.000000017564
2	167355970	169968235	3724	18	0.0002201641	0.000000045560
2	169968236	171226244	2389	18	0.0001670065	0.000000044308
2	171226245	173138904	2901	18	0.0002257691	0.000000045692
2	173138905	175588928	3716	18	0.0001683745	0.000000044340
2	175588929	177363635	2307	18	0.0001910523	0.000000044874
2	177363636	178553182	1792	18	0.0002017413	0.000000045126
2	178553183	181312738	4352	18	0.0002338678	0.000000045883
2	181312739	182266030	1599	18	0.0003592453	0.000000041734
2	182266031	184357607	2805	18	0.0002724321	0.000000046791
2	184357608	185280172	1699	18	0.0003010005	0.000000037865
2	185280173	189882064	5789	18	0.0001783343	0.000000044575
2	189882065	191973356	2490	18	0.0007482043	0.000000057998
2	191973357	195861163	3706	18	0.0002016831	0.000000045125
2	195861164	196447455	714	18	0.0002068027	0.000000022197
2	196447456	198078109	1829	18	0.0004178161	0.000000047594
2	198078110	199311124	1281	18	0.0006623758	0.000000045550
2	199311125	201576283	2311	18	0.0001334064	0.000000043516
2	201576284	202818636	1202	18	0.0007047078	0.000000056974
2	202818637	205799240	3136	18	0.0019542591	0.000000086408
2	205799241	206735703	1317	18	0.0002017833	0.000000045127
2	206735704	208645398	2842	18	0.0008120371	0.000000059502
2	208645399	209941528	1776	18	0.0001884965	0.000000044814
2	209941529	212379517	3890	18	0.0003070920	0.000000047608
2	212379518	214014281	3031	18	0.0002311087	0.000000045818
2	214014282	215573794	2326	18	0.0002721558	0.000000046785
2	215573795	217715660	3291	18	0.0002436334	0.000000046113
2	217715661	218395479	1111	18	0.0003479354	0.000000046508
2	218395480	220454550	2213	18	0.0004904638	0.000000051927
2	220454551	222521175	3690	18	0.0001233009	0.000000043278
2	222521176	224859418	3666	18	0.0001924850	0.000000044908
2	224859419	225840003	1685	18	0.0001944806	0.000000043735
2	225840004	228119841	3548	18	0.0001551772	0.000000044029
2	228119842	229370786	2740	18	0.0001137315	0.000000043053
2	229370787	231843388	4404	18	0.0000891521	0.000000042474
2	231843389	233550002	2451	18	0.0002884598	0.000000047169
2	233550003	235150986	2796	18	0.0002934536	0.000000047287
2	235150987	236043549	2042	18	0.0000088746	0.000000040583
2	236043550	237449031	2359	18	0.0002151662	0.000000045442
2	237449032	238760980	2549	18	0.0002582175	0.000000046457
2	238760981	239952642	2390	18	0.0004246556	0.000000050377
2	239952643	241560083	3776	18	0.0001602201	0.000000044148
2	241560084	242149920	1239	18	0.0003906137	0.000000049575
2	242149921	243188919	1001	18	0.0004603213	0.000000042494
3	60157	1441778	2776	18	0.0004552637	0.000000051098
3	1441779	2992119	4256	18	0.0001330097	0.000000043507
3	2992120	4431646	3299	18	0.0000994525	0.000000042717
3	4431647	6083182	3448	18	0.0001581030	0.000000044098
3	6083183	7083386	2096	18	0.0000697981	0.000000042018
3	7083387	8648560	3677	18	0.0002525207	0.000000046322
3	8648561	9543182	1689	18	0.0001409536	0.000000043694
3	9543183	11019664	2422	18	0.0002671847	0.000000046668
3	11019665	13070798	3254	18	0.0006893150	0.000000056611
3	13070799	14816899	3471	18	0.0000867496	0.000000042417
3	14816900	16282441	2291	18	0.0003369975	0.000000048312
3	16282442	17891117	2164	18	0.0008083969	0.000000059416
3	17891118	19125143	1739	18	0.0002793399	0.000000046954
3	19125144	20091347	1002	18	0.0002592189	0.000000034864
3	20091348	21643706	3246	18	0.0001463265	0.000000043821
3	21643707	22204243	1879	18	0.0001331739	0.000000043511
3	22204244	23804864	2963	18	0.0002325934	0.000000045853
3	23804865	25461557	3055	18	0.0002465235	0.000000046181
3	25461558	26877768	2097	18	0.0001035963	0.000000042814
3	26877769	27840909	1653	18	0.0004947851	0.000000052029
3	27840910	29142259	1987	18	0.0006384954	0.000000055414
3	29142260	30717954	3016	18	0.0002379992	0.000000045980
3	30717955	32351714	2717	18	0.0001845908	0.000000044722
3	32351715	33255591	1502	18	0.0002993541	0.000000047426
3	33255592	35283457	2822	18	0.0003529936	0.000000048689
3	35283458	36486841	1787	18	0.0003202938	0.000000047730
3	36486842	38356115	2139	18	0.0001443747	0.000000043775
3	38356116	40221297	3030	18	0.0002514609	0.000000046297
3	40221298	41064527	657	18	0.0002205238	0.000000024205
3	41064528	42540001	2537	18	0.0002833116	0.000000047048
3	42540002	45165152	2831	18	0.0001448279	0.000000043786
3	45165153	46657499	2718	18	0.0005378865	0.000000053044
3	46657500	47727211	808	18	0.0003087824	0.000000031561
3	47727212	49316971	943	18	0.0001203400	0.000000023656
3	49316972	51832014	1908	18	0.0001192515	0.000000036276
3	51832015	54081389	2491	18	0.0002103300	0.000000045328
3	54081390	55348859	2332	18	0.0002318345	0.000000045835
3	55348860	56433906	1618	18	0.0001439913	0.000000043766
3	56433907	58157518	2566	18	0.0002155245	0.000000045451
3	58157519	60272905	3915	18	0.0003767139	0.000000049248
3	60272906	62355665	3930	18	0.0002584493	0.000000046462
3	62355666	63669285	2572	18	0.0002095944	0.000000045311
3	63669286	65273537	2858	18	0.0003648835	0.000000048969
3	65273538	66270446	1260	18	0.0003010358	0.000000047465
3	66270447	68286913	3142	18	0.0002253248	0.000000045682
3	68286914	69276761	1562	18	0.0002433495	0.000000046106
3	69276762	70449027	1981	18	0.0001897791	0.000000044844
3	70449028	72529328	3022	18	0.0003150632	0.000000047796
3	72529329	74321816	2984	18	0.0001338084	0.000000043526
3	74321817	75704948	1388	18	0.0001675416	0.000000042076
3	75704949	77508834	2748	18	0.0003426122	0.000000048444
3	77508835	79024540	1985	18	0.0004921340	0.000000051967
3	79024541	81427309	3286	18	0.0004367460	0.000000050662
3	81427310	82643885	1553	18	0.0004522864	0.000000040532
3	82643886	84367478	2164	18	0.0004373342	0.000000049734
3	84367479	85582230	1937	18	0.0004443517	0.000000044820
3	85582231	87409731	2903	18	0.0002327171	0.000000045856
3	87409732	88298372	1387	18	0.0001506447	0.000000027102
3	88298373	94255315	3353	18	0.0002916005	0.000000047243
3	94255316	95311970	1905	18	0.0001400456	0.000000033031
3	95311971	98215949	4101	18	0.0001228696	0.000000043268
3	98215950	99373761	2063	18	0.0002054991	0.000000045215
3	99373762	100592216	1301	18	0.0001527952	0.000000035898
3	100592217	103084959	3846	18	0.0003673962	0.000000049028
3	103084960	104581612	3183	18	0.0002863304	0.000000047024
3	104581613	106982810	3813	18	0.0003307905	0.000000048166
3	106982811	109522394	3866	18	0.0002971799	0.000000047374
3	109522395	110513769	1748	18	0.0000028451	0.000000027121
3	110513770	112815698	3516	18	0.0001640196	0.000000044238
3	112815699	113947862	1518	18	0.0002287626	0.000000045763
3	113947863	115447079	1481	18	0.0004835891	0.000000051765
3	115447080	116800152	2268	18	0.0001738396	0.000000044469
3	116800153	118530250	2720	18	0.0003150726	0.000000047796
3	118530251	120523054	2886	18	0.0005172904	0.000000052559
3	120523055	121974096	2062	18	0.0004563655	0.000000047575
3	121974097	123517767	2203	18	0.0007073892	0.000000057037
3	123517768	124936641	2465	18	0.0002193646	0.000000045541
3	124936642	126214942	2722	18	0.0003946009	0.000000049669
3	126214943	128194860	2918	18	0.0003013499	0.000000047473
3	128194861	130244734	2468	18	0.0005520936	0.000000053379
3	130244735	131836515	2532	18	0.0001849792	0.000000044731
3	131836516	133252172	2639	18	0.0004974042	0.000000052091
3	133252173	135456905	3401	18	0.0004873460	0.000000051854
3	135456906	137371082	2316	18	0.0003085422	0.000000047642
3	137371083	139954596	3321	18	0.0001784813	0.000000044578
3	139954597	141339096	1796	18	0.0004536911	0.000000051061
3	141339097	143164627	2776	18	0.0002008668	0.000000045106
3	143164628	144410815	1826	18	0.0002001255	0.000000045088
3	144410816	145664618	2550	18	0.0002943644	0.000000047308
3	145664619	146726628	1933	18	0.0002310627	0.000000045817
3	146726629	149043236	3251	18	0.0002238942	0.000000045648
3	149043237	150252003	1882	18	0.0003836912	0.000000049412
3	150252004	151348729	1500	18	0.0002224749	0.000000045615
3	151348730	153256570	3092	18	0.0003591508	0.000000048834
3	153256571	154714217	2458	18	0.0002331511	0.000000045866
3	154714218	156008699	1704	18	0.0001211889	0.000000043229
3	156008700	157312027	1908	18	0.0001558215	0.000000044044
3	157312028	159477889	3480	18	0.0001076985	0.000000042911
3	159477890	161524503	2672	18	0.0004339269	0.000000050595
3	161524504	163253204	4176	18	0.0000816001	0.000000042296
3	163253205	165055468	3300	18	0.0002625974	0.000000046560
3	165055469	167117428	3341	18	0.0003284145	0.000000048110
3	167117429	168580959	1828	18	0.0001918663	0.000000044894
3	168580960	170964908	3303	18	0.0001231998	0.000000043276
3	170964909	172295730	2290	18	0.0002827278	0.000000047034
3	172295731	173477284	1611	18	0.0000960949	0.000000042638
3	173477285	175116538	2985	18	0.0001953120	0.000000044975
3	175116539	176320286	2031	18	0.0000410692	0.000000041341
3	176320287	178107164	2750	18	0.0001942794	0.000000044950
3	178107165	179374585	1971	18	0.0001678394	0.000000044328
3	179374586	181511165	2334	18	0.0001566768	0.000000044065
3	181511166	183769682	3055	18	0.0002775355	0.000000046912
3	183769683	185068254	2040	18	0.0002393548	0.000000046012
3	185068255	186890343	2784	18	0.0001869812	0.000000044778
3	186890344	188856213	2916	18	0.0003270839	0.000000048079
3	188856214	190226606	2978	18	0.0005321668	0.000000052910
3	190226607	192343813	4218	18	0.0002740902	0.000000046830
3	192343814	194059670	2948	18	0.0002040869	0.000000045181
3	194059671	194786673	1998	18	0.0003463779	0.000000048533
3	194786674	195971407	1594	18	0.0004355750	0.000000050634
3	195971408	197075986	1786	18	0.0003604453	0.000000048865
3	197075987	197946621	1019	18	0.0002400048	0.000000044247
4	10240	694714	695	18	0.0002809105	0.000000024487
4	694715	1478710	1461	18	0.0002310062	0.000000045816
4	1478711	2842978	2063	18	0.0004774005	0.000000051620
4	2842979	3846039	1394	18	0.0002137791	0.000000045410
4	3846040	4684115	1264	18	0.0004084307	0.000000049995
4	4684116	5502387	1772	18	0.0001938780	0.000000044941
4	5502388	6773042	2966	18	0.0001343930	0.000000043540
4	6773043	7539691	2043	18	0.0002244522	0.000000045661
4	7539692	8152234	1655	18	0.0003033423	0.000000047519
4	8152235	9326478	1246	18	0.0004671270	0.000000051378
4	9326479	10699151	2816	18	0.0004568360	0.000000051135
4	10699152	12323033	3322	18	0.0004827342	0.000000051745
4	12323034	14272000	3409	18	0.0002008346	0.000000045105
4	14272001	15147445	1553	18	0.0003451151	0.000000048503
4	15147446	15927008	1251	18	0.0002588035	0.000000042744
4	15927009	17383321	2685	18	0.0002583842	0.000000046460
4	17383322	18841873	2250	18	0.0001456815	0.000000043806
4	18841874	20544556	3172	18	0.0001843863	0.000000044717
4	20544557	22319346	3273	18	0.0003110698	0.000000047701
4	22319347	24135528	2841	18	0.0001886279	0.000000044817
4	24135529	25609321	2519	18	0.0000463691	0.000000041466
4	25609322	27343721	2287	18	0.0011536886	0.000000067550
4	27343722	27965867	1163	18	0.0003063768	0.000000038524
4	27965868	29762207	3672	18	0.0002673765	0.000000046672
4	29762208	30454534	1018	18	0.0003328560	0.000000029201
4	30454535	31782980	2430	18	0.0001603845	0.000000044152
4	31782981	33172765	2844	18	0.0003997405	0.000000049790
4	33172766	35151414	2657	18	0.0005044518	0.000000047786
4	35151415	36020435	1974	18	0.0001430134	0.000000039194
4	36020436	37255046	2705	18	0.0002408635	0.000000046048
4	37255047	38907021	3438	18	0.0002448039	0.000000046141
4	38907022	40202608	2223	18	0.0005127237	0.000000052452
4	40202609	42213057	3422	18	0.0002770305	0.000000046900
4	42213058	43965044	3043	18	0.0003261579	0.000000048057
4	43965045	45189156	2320	18	0.0003776646	0.000000049176
4	45189157	47411895	2733	18	0.0002960350	0.000000047347
4	47411896	48123599	1208	18	0.0006532487	0.000000042797
4	48123600	53877432	2326	18	0.0008226068	0.000000059751
4	53877433	55429555	2335	18	0.0001868238	0.000000044775
4	55429556	56547643	1978	18	0.0002763942	0.000000046885
4	56547644	58935007	4644	18	0.0002528444	0.000000046330
4	58935008	60741086	3778	18	0.0000931457	0.000000042568
4	60741087	62371762	2973	18	0.0003167899	0.000000047836
4	62371763	64341000	3222	18	0.0002845452	0.000000047077
4	64341001	66600491	3926	18	0.0002800744	0.000000046971
4	66600492	68059496	2441	18	0.0004040291	0.000000049891
4	68059497	68854764	1436	18	0.0003475110	0.000000038692
4	68854765	71049151	4039	18	0.0001379085	0.000000043623
4	71049152	72140557	1607	18	0.0002322659	0.000000033102
4	72140558	74592389	3000	18	0.0002419913	0.000000046074
4	74592390	77130706	3971	18	0.0003867105	0.000000049483
4	77130707	79093978	3502	18	0.0002459354	0.000000046167
4	79093979	80990296	2891	18	0.0005503284	0.000000053337
4	80990297	82125314	1230	18	0.0003176633	0.000000034672
4	82125315	83372592	1906	18	0.0000462802	0.000000041464
4	83372593	84799655	2394	18	0.0001893680	0.000000044835
4	84799656	86930608	3083	18	0.0001457555	0.000000043807
4	86930609	87534647	659	18	0.0003633966	0.000000022932
4	87534648	89238027	2895	18	0.0000102518	0.000000040616
4	89238028	90231563	1518	18	0.0001802010	0.000000044619
4	90231564	91560676	1829	18	0.0001389043	0.000000043646
4	91560677	94233298	3399	18	0.0001727895	0.000000044444
4	94233299	96182187	2999	18	0.0004743806	0.000000051548
4	96182188	97540702	2596	18	0.0003014578	0.000000047475
4	97540703	99424066	2855	18	0.0001475549	0.000000043850
4	99424067	100678359	2089	18	0.0003598476	0.000000048850
4	100678360	103221355	4302	18	0.0001829103	0.000000044683
4	103221356	105305293	2111	18	0.0004090308	0.000000050009
4	105305294	107501304	2768	18	0.0002883753	0.000000047167
4	107501305	108815347	1667	18	0.0001548359	0.000000044021
4	108815348	111256566	3749	18	0.0001069620	0.000000042894
4	111256567	113870101	3471	18	0.0005705532	0.000000053814
4	113870102	115666245	2878	18	0.0003345819	0.000000048255
4	115666246	117276928	2701	18	0.0002575790	0.000000046441
4	117276929	118479917	2265	18	0.0002765903	0.000000046889
4	118479918	119933511	2285	18	0.0000724351	0.000000042080
4	119933512	120392683	1061	18	0.0001895964	0.000000025851
4	120392684	122657986	4196	18	0.0003569696	0.000000048783
4	122657987	124286480	2174	18	0.0009755942	0.000000063355
4	124286481	125210861	1412	18	0.0002726607	0.000000042335
4	125210862	126480885	2069	18	0.0002100979	0.000000045323
4	126480886	127275476	1485	18	0.0003574445	0.000000045248
4	127275477	127830292	987	18	0.0004027068	0.000000034608
4	127830293	128996664	923	18	0.0003003178	0.000000028936
4	128996665	130591884	2242	18	0.0004379633	0.000000050691
4	130591885	131283820	1070	18	0.0001379850	0.000000028323
4	131283821	132954032	2458	18	0.0003449560	0.000000048500
4	132954033	134628433	2982	18	0.0000633113	0.000000041865
4	134628434	136566406	3072	18	0.0002343515	0.000000045894
4	136566407	138541970	3911	18	0.0003833904	0.000000049405
4	138541971	139556510	1800	18	-0.0000098299	0.000000040142
4	139556511	141084630	2227	18	0.0001019325	0.000000042775
4	141084631	143443264	3483	18	0.0003011115	0.000000047467
4	143443265	146178186	3354	18	0.0004764586	0.000000051597
4	146178187	148521872	3038	18	0.0002534220	0.000000046344
4	148521873	150683579	2641	18	0.0001440208	0.000000043767
4	150683580	152782183	2429	18	0.0005018079	0.000000052194
4	152782184	154477640	2192	18	0.0001542886	0.000000044008
4	154477641	155056125	1028	18	0.0003695017	0.000000041346
4	155056126	157485096	4300	18	0.0001358813	0.000000043575
4	157485097	158743717	1822	18	0.0001462193	0.000000043818
4	158743718	161058863	3107	18	0.0002723241	0.000000046789
4	161058864	161826434	1648	18	0.0001922174	0.000000044902
4	161826435	163243678	3430	18	0.0001013873	0.000000042762
4	163243679	164478233	1963	18	0.0001389211	0.000000043646
4	164478234	165823447	2607	18	0.0002490868	0.000000046241
4	165823448	167018857	2167	18	0.0003530658	0.000000048691
4	167018858	167852916	1375	18	0.0001416353	0.000000030202
4	167852917	169676824	3056	18	0.0003317522	0.000000048189
4	169676825	170776509	1468	18	0.0001305883	0.000000043450
4	170776510	172558634	2704	18	0.0002116788	0.000000045360
4	172558635	174264131	2055	18	0.0002409704	0.000000046050
4	174264132	176570715	3599	18	0.0004709771	0.000000051468
4	176570716	178991909	4527	18	0.0001486066	0.000000043875
4	178991910	180122042	2098	18	0.0000991308	0.000000042709
4	180122043	182066806	4439	18	0.0002183140	0.000000045517
4	182066807	183371274	2991	18	0.0002740752	0.000000046830
4	183371275	184929454	3162	18	0.0002495631	0.000000046253
4	184929455	186909089	4436	18	0.0001478523	0.000000043857
4	186909090	188472980	3119	18	0.0001029226	0.000000042798
4	188472981	189693510	3200	18	0.0002377188	0.000000045974
4	189693511	191043593	2603	18	0.0003752441	0.000000049213
5	11940	982251	1611	18	0.0003669443	0.000000049018
5	982252	2132441	2718	18	0.0001986551	0.000000045053
5	2132442	3361940	3511	18	0.0000780915	0.000000042214
5	3361941	4632109	2533	18	0.0003170162	0.000000047842
5	4632110	5973232	2770	18	0.0001888927	0.000000044824
5	5973233	7143217	2486	18	0.0002213610	0.000000045588
5	7143218	8446335	2731	18	0.0000714956	0.000000042058
5	8446336	9718831	2657	18	0.0002969237	0.000000047368
5	9718832	11173270	2790	18	0.0004545713	0.000000051082
5	11173271	13464831	3027	18	0.0002715707	0.000000046771
5	13464832	14757803	2169	18	0.0005559849	0.000000053471
5	14757804	16963612	2858	18	0.0003951513	0.000000049682
5	16963613	18051591	1491	18	0.0003666692	0.000000049011
5	18051592	19917715	3364	18	0.0002349793	0.000000045909
5	19917716	22152072	2587	18	0.0004330327	0.000000050574
5	22152073	23494323	2062	18	0.0003445350	0.000000048490
5	23494324	26184850	4790	18	0.0002263188	0.000000045705
5	26184851	26857603	1080	18	0.0002214100	0.000000032502
5	26857604	27984512	1705	18	0.0001079464	0.000000042917
5	27984513	29714819	3275	18	0.0002548506	0.000000046377
5	29714820	31390248	3155	18	0.0001423983	0.000000043728
5	31390249	33500179	3614	18	0.0001741669	0.000000044477
5	33500180	35048969	2375	18	0.0003476987	0.000000048564
5	35048970	36433953	2020	18	0.0003818162	0.000000049368
5	36433954	38802409	3176	18	0.0004646818	0.000000051320
5	38802410	40287728	2527	18	0.0004615108	0.000000051245
5	40287729	41888709	2696	18	0.0004077150	0.000000049978
5	41888710	43983498	2444	18	0.0000275982	0.000000041024
5	43983499	50163397	3327	18	0.0001916454	0.000000044888
5	50163398	52134621	2932	18	0.0002349688	0.000000045909
5	52134622	53703043	2968	18	0.0004757772	0.000000051581
5	53703044	55417348	2995	18	0.0002794661	0.000000046957
5	55417349	56621101	2005	18	0.0007301895	0.000000057574
5	56621102	57340072	1169	18	0.0004679793	0.000000039847
5	57340073	58524621	2522	18	0.0004427984	0.000000050804
5	58524622	60935906	2904	18	0.0002314769	0.000000045827
5	60935907	61672994	953	18	0.0001169579	0.000000029280
5	61672995	63218986	2519	18	0.0003354614	0.000000048276
5	63218987	63968303	830	18	0.0002364123	0.000000024333
5	63968304	65911285	2768	18	0.0001499614	0.000000043906
5	65911286	67850859	2947	18	0.0001035159	0.000000042812
5	67850860	71240455	2226	18	0.0002444771	0.000000046133
5	71240456	73759325	3999	18	0.0002275949	0.000000045735
5	73759326	75798865	3078	18	0.0002112775	0.000000045351
5	75798866	77623331	3020	18	0.0003154094	0.000000047804
5	77623332	79393143	2672	18	0.0004087186	0.000000050002
5	79393144	80481470	2211	18	0.0002266668	0.000000045713
5	80481471	82025647	1878	18	0.0002068456	0.000000045246
5	82025648	83972688	2432	18	0.0001773310	0.000000044551
5	83972689	85767289	4071	18	0.0006660638	0.000000056064
5	85767290	87389990	1405	18	0.0002735754	0.000000042999
5	87389991	88891529	1162	18	0.0001128327	0.000000033892
5	88891530	90422653	1625	18	0.0002690418	0.000000046711
5	90422654	91840541	1554	18	0.0003554198	0.000000045016
5	91840542	93809983	1508	18	0.0000754185	0.000000042151
5	93809984	95963518	2702	18	0.0002945345	0.000000047312
5	95963519	97315600	2465	18	0.0002782295	0.000000046928
5	97315601	99260991	3039	18	0.0001879102	0.000000044800
5	99260992	101578768	3246	18	0.0001980566	0.000000045039
5	101578769	103320004	2410	18	0.0007913677	0.000000059015
5	103320005	104851482	2420	18	0.0001567852	0.000000044067
5	104851483	105893054	1246	18	0.0001975712	0.000000038116
5	105893055	107264195	2394	18	0.0002966765	0.000000047362
5	107264196	108633933	2244	18	0.0002139439	0.000000045319
5	108633934	110821143	2994	18	0.0003112683	0.000000047706
5	110821144	111981561	1910	18	0.0003309172	0.000000048169
5	111981562	113396284	2597	18	0.0000485077	0.000000041517
5	113396285	114830369	2622	18	0.0004382344	0.000000050697
5	114830370	115831046	2092	18	0.0002135917	0.000000045405
5	115831047	117346212	2774	18	0.0001259184	0.000000043340
5	117346213	118608819	1849	18	0.0006622135	0.000000055973
5	118608820	119669041	1774	18	0.0003805137	0.000000049243
5	119669042	120452165	1266	18	0.0002319820	0.000000035539
5	120452166	122556904	3330	18	0.0002268827	0.000000045718
5	122556905	123798099	1973	18	0.0002914418	0.000000047239
5	123798100	125785648	3868	18	0.0003352402	0.000000048271
5	125785649	127344603	2002	18	0.0004015710	0.000000049833
5	127344604	129519024	3668	18	0.0002268871	0.000000045718
5	129519025	132139648	2417	18	0.0004100191	0.000000050032
5	132139649	134777400	3393	18	0.0002826599	0.000000047032
5	134777401	136376049	2539	18	0.0001419082	0.000000043717
5	136376050	139265071	2660	18	0.0001927221	0.000000044914
5	139265072	140645970	1461	18	0.0004457814	0.000000045308
5	140645971	142981247	3277	18	0.0002580001	0.000000046451
5	142981248	144943353	2972	18	0.0001415874	0.000000043709
5	144943354	147181997	3095	18	0.0001905697	0.000000044863
5	147181998	148662623	2306	18	0.0000815024	0.000000042294
5	148662624	150561297	2946	18	0.0002092530	0.000000045303
5	150561298	152867773	4057	18	0.0003269193	0.000000048075
5	152867774	153773087	1770	18	0.0002705340	0.000000044500
5	153773088	155373504	2449	18	0.0001584191	0.000000044106
5	155373505	156628699	1719	18	0.0000633673	0.000000041867
5	156628700	158825697	3782	18	0.0007357341	0.000000057705
5	158825698	159973943	1830	18	0.0003292742	0.000000048130
5	159973944	161482132	2397	18	0.0001753726	0.000000044505
5	161482133	162743907	1863	18	0.0001777600	0.000000044561
5	162743908	163771581	1859	18	0.0001336566	0.000000043522
5	163771582	165642394	2715	18	0.0003502329	0.000000048624
5	165642395	166847739	1792	18	0.0001237448	0.000000043289
5	166847740	168525317	2535	18	0.0001817320	0.000000044655
5	168525318	169505663	1635	18	0.0002575729	0.000000046441
5	169505664	171074291	2549	18	0.0002122737	0.000000045374
5	171074292	172678326	2604	18	0.0000923199	0.000000042549
5	172678327	173642870	1991	18	0.0003397611	0.000000048377
5	173642871	175450594	3180	18	0.0001245542	0.000000043308
5	175450595	177251506	1454	18	0.0004358854	0.000000050642
5	177251507	178413463	2501	18	0.0003888229	0.000000049533
5	178413464	179401243	1770	18	0.0002511193	0.000000046289
5	179401244	180559932	2224	18	0.0002088276	0.000000045293
5	180559933	180885155	261	18	0.0004166048	0.000000021477
6	73924	1452361	2512	18	0.0005741350	0.000000053898
6	1452362	2458935	1657	18	0.0003489553	0.000000048594
6	2458936	3573592	2438	18	0.0000832168	0.000000042334
6	3573593	4617816	2344	18	0.0005105252	0.000000052400
6	4617817	5791471	2290	18	0.0002164459	0.000000045473
6	5791472	6785206	2213	18	0.0006173051	0.000000054915
6	6785207	7808935	2149	18	0.0002604287	0.000000046509
6	7808936	9020025	2487	18	0.0001576146	0.000000044087
6	9020026	10540316	2771	18	0.0001862106	0.000000044760
6	10540317	11790815	2041	18	0.0004185479	0.000000050233
6	11790816	13209387	2353	18	0.0001234395	0.000000043282
6	13209388	14802923	2613	18	0.0001246717	0.000000043311
6	14802924	17386404	4121	18	0.0002361123	0.000000045936
6	17386405	19207486	3333	18	0.0000146506	0.000000040719
6	19207487	21684064	4360	18	0.0002033583	0.000000045164
6	21684065	22748306	2197	18	0.0002050033	0.000000045203
6	22748307	23936618	2440	18	0.0003083555	0.000000047638
6	23936619	24852274	1726	18	0.0003021839	0.000000047398
6	24852275	25684586	1813	18	0.0011765502	0.000000068088
6	25684587	26791232	1913	18	0.0017408862	0.000000074103
6	26791233	28017818	1421	18	0.0018756866	0.000000070055
6	28017819	28917607	1371	18	0.0030080818	0.000000087422
6	28917608	29737970	1926	18	0.0063884069	0.000000179718
6	29737971	30798167	5388	18	0.0100516624	0.000000277046
6	30798168	31571217	6079	18	0.0183023752	0.000000471499
6	31571218	32682663	4591	18	0.0892931959	0.000002143737
6	32682664	33236496	3154	18	0.0407322908	0.000000999724
6	33236497	35455755	3471	18	0.0077430634	0.000000222767
6	35455756	37572595	3308	18	0.0004291390	0.000000050483
6	37572596	39295676	3266	18	0.0001226753	0.000000043264
6	39295677	40345114	1551	18	0.0003164775	0.000000047829
6	40345115	42038720	2824	18	0.0002683592	0.000000046695
6	42038721	43756168	1951	18	0.0003117887	0.000000047718
6	43756169	45406562	2538	18	0.0002415631	0.000000046064
6	45406563	47311897	2754	18	0.0004023400	0.000000049851
6	47311898	48391124	1924	18	0.0000874116	0.000000038345
6	48391125	50386144	3318	18	0.0002968881	0.000000047367
6	50386145	52210475	2949	18	0.0004168021	0.000000050192
6	52210476	53279101	1802	18	0.0005330990	0.000000052932
6	53279102	55468269	4224	18	0.0001756021	0.000000044510
6	55468270	56105312	1313	18	0.0001867982	0.000000026447
6	56105313	57599464	1438	18	0.0001884341	0.000000040262
6	57599465	61880511	1614	18	0.0004300142	0.000000032969
6	61880512	63552887	2852	18	0.0001986800	0.000000041237
6	63552888	65765741	3325	18	0.0002494554	0.000000046250
6	65765742	67329214	3785	18	0.0002603412	0.000000046507
6	67329215	68849482	3694	18	0.0002296203	0.000000045783
6	68849483	69523447	1491	18	0.0001523604	0.000000031056
6	69523448	71609509	3524	18	0.0002659665	0.000000046639
6	71609510	73450096	3117	18	0.0003858550	0.000000049463
6	73450097	75462002	3506	18	0.0002053725	0.000000045212
6	75462003	77414880	2465	18	0.0004742855	0.000000051546
6	77414881	78957727	3202	18	0.0003267538	0.000000048071
6	78957728	80691169	3027	18	0.0000521610	0.000000041603
6	80691170	81929221	2767	18	0.0002332567	0.000000041959
6	81929222	83127148	1759	18	0.0002416108	0.000000046065
6	83127149	85209988	2478	18	0.0001818797	0.000000044564
6	85209989	87069499	3369	18	0.0002012172	0.000000045114
6	87069500	88822139	2839	18	0.0003172014	0.000000047846
6	88822140	89973051	1952	18	0.0002704380	0.000000046744
6	89973052	91843195	2810	18	0.0004739691	0.000000051539
6	91843196	93428643	2454	18	0.0000835925	0.000000042343
6	93428644	94118141	1487	18	0.0001038039	0.000000037907
6	94118142	94441174	435	15	0.0002738025	0.000000014640
6	94441175	97093510	3935	18	0.0004862934	0.000000051829
6	97093511	97842283	1155	18	0.0009794667	0.000000045489
6	97842284	100630145	3909	18	0.0000941650	0.000000042592
6	100630146	102636771	2592	18	0.0002053916	0.000000045212
6	102636772	103983394	2361	18	0.0001871310	0.000000044782
6	103983395	106056732	3438	18	0.0001834878	0.000000044696
6	106056733	107450305	2650	18	0.0005495813	0.000000053320
6	107450306	108464379	1342	18	0.0001944885	0.000000044955
6	108464380	110304246	2316	18	0.0004676560	0.000000051390
6	110304247	112345013	2748	18	0.0001431738	0.000000043747
6	112345014	114220832	2755	18	0.0002090648	0.000000045299
6	114220833	116131395	2801	18	0.0005623161	0.000000053620
6	116131396	117672971	2191	18	0.0000786903	0.000000042228
6	117672972	118963114	1867	18	0.0000659903	0.000000039407
6	118963115	119963277	1535	18	0.0002936388	0.000000042736
6	119963278	120512127	999	18	0.0002648755	0.000000024273
6	120512128	121905675	2346	18	0.0002594259	0.000000044331
6	121905676	123856180	3435	18	0.0003707156	0.000000049106
6	123856181	125424382	2270	18	0.0002285933	0.000000045759
6	125424383	127540460	1903	18	0.0002280052	0.000000045745
6	127540461	129861030	2902	18	0.0003929766	0.000000049631
6	129861031	130935453	2134	18	0.0001339931	0.000000043530
6	130935454	132765668	2748	18	0.0004069328	0.000000049960
6	132765669	134244242	2382	18	0.0002621215	0.000000046548
6	134244243	136224176	2433	18	0.0005731587	0.000000053875
6	136224177	137614217	1213	18	0.0001705023	0.000000044390
6	137614218	138822628	2005	18	0.0009896915	0.000000063687
6	138822629	139845435	1747	18	0.0002028553	0.000000045152
6	139845436	142288478	2998	18	0.0002704847	0.000000046745
6	142288479	145319809	3988	18	0.0001042554	0.000000042830
6	145319810	146665423	1699	18	0.0001352801	0.000000031870
6	146665424	148920351	3573	18	0.0000230402	0.000000040917
6	148920352	150253403	2424	18	0.0003128421	0.000000047743
6	150253404	151912702	3685	18	0.0003578687	0.000000048804
6	151912703	153094495	2119	18	0.0002056838	0.000000045219
6	153094496	154974119	3984	18	0.0001040038	0.000000042824
6	154974120	156763325	3044	18	0.0001415013	0.000000043707
6	156763326	158218718	1681	18	0.0004636258	0.000000051295
6	158218719	160580496	4932	18	0.0001968608	0.000000045011
6	160580497	162169563	3169	18	0.0003067197	0.000000047599
6	162169564	162931202	1615	18	0.0002104742	0.000000045332
6	162931203	164383520	3134	18	0.0001289398	0.000000043411
6	164383521	165586863	2845	18	0.0001279214	0.000000043387
6	165586864	167024732	3277	18	0.0003729929	0.000000049160
6	167024733	168042834	1903	18	0.0006998253	0.000000056859
6	168042835	169382049	3092	18	0.0002220379	0.000000045604
6	169382050	170330172	1880	18	0.0002142329	0.000000045420
6	170330173	171051269	1323	18	0.0003291617	0.000000048128
7	16161	972751	900	18	0.0002567151	0.000000046421
7	972752	1353066	777	18	0.0000237717	0.000000032957
7	1353067	2062397	1269	18	0.0001519008	0.000000043952
7	2062398	2772226	1343	18	0.0005306056	0.000000052873
7	2772227	4573427	4343	18	0.0004278874	0.000000050453
7	4573428	5416231	1735	18	0.0001519361	0.000000043953
7	5416232	5854525	635	18	0.0001988412	0.000000038146
7	5854526	6573856	906	18	0.0003572016	0.000000048411
7	6573857	7808751	2227	18	0.0001627984	0.000000044209
7	7808752	9123422	3031	18	0.0003755110	0.000000049219
7	9123423	9987498	2341	18	0.0001939521	0.000000044943
7	9987499	11299197	2808	18	0.0001486246	0.000000043875
7	11299198	12635460	3631	18	0.0001257172	0.000000043335
7	12635461	13884201	3067	18	0.0001276123	0.000000043380
7	13884202	15143656	2249	18	0.0002669279	0.000000046662
7	15143657	16902068	3365	18	0.0002101124	0.000000045323
7	16902069	19481546	3768	18	0.0001471644	0.000000043841
7	19481547	20124907	1283	18	0.0002855733	0.000000044297
7	20124908	22507628	4821	18	0.0001577454	0.000000044090
7	22507629	23471441	1434	18	0.0002441810	0.000000046126
7	23471442	25077258	3027	18	0.0001146472	0.000000043075
7	25077259	25909554	1687	18	0.0003010135	0.000000047465
7	25909555	28360308	3792	18	0.0008313981	0.000000059958
7	28360309	31137288	4739	18	0.0004343650	0.000000050606
7	31137289	33555767	4719	18	0.0001577490	0.000000044090
7	33555768	36213537	4228	18	0.0000417078	0.000000041356
7	36213538	37555183	2292	18	0.0001928892	0.000000044918
7	37555184	38966702	2921	18	0.0002468777	0.000000046189
7	38966703	39862669	1342	18	0.0002247531	0.000000044074
7	39862670	42001810	2522	18	0.0002609088	0.000000046520
7	42001811	43159073	1836	18	0.0001447446	0.000000043784
7	43159074	44763827	2453	18	0.0003454915	0.000000048512
7	44763828	45952921	1949	18	0.0001923317	0.000000044810
7	45952922	46986719	2109	18	0.0003282985	0.000000048107
7	46986720	49212277	4519	18	0.0002966282	0.000000047361
7	49212278	51675321	4327	18	0.0002699103	0.000000046732
7	51675322	53176311	3909	18	0.0001180446	0.000000043155
7	53176312	54222975	2286	18	0.0003176498	0.000000047762
7	54222976	55691583	2981	18	0.0004832192	0.000000051757
7	55691584	57382637	2629	18	0.0002333082	0.000000045870
7	57382638	63307358	1768	18	0.0002325961	0.000000040753
7	63307359	63641124	508	14	0.0000756659	0.000000010769
7	63641125	65689808	2599	18	0.0002205352	0.000000045569
7	65689809	68234073	5571	18	0.0005123537	0.000000052443
7	68234074	69085363	1555	18	0.0002507258	0.000000046280
7	69085364	71874884	4146	18	0.0002288755	0.000000045765
7	71874885	73334601	1085	18	0.0002460297	0.000000039255
7	73334602	76458563	2306	18	0.0001659535	0.000000044283
7	76458564	78093858	2722	18	0.0001309820	0.000000043459
7	78093859	79888068	3058	18	0.0002969677	0.000000047369
7	79888069	82022685	3019	18	0.0000500414	0.000000041553
7	82022686	83801202	3284	18	0.0001466671	0.000000043829
7	83801203	85572181	2495	18	0.0003181029	0.000000047867
7	85572182	87825003	2788	18	0.0001162580	0.000000043113
7	87825004	90661783	5180	18	0.0001386903	0.000000043641
7	90661784	92493751	1717	18	0.0005422848	0.000000053148
7	92493752	93966600	1500	18	0.0000631382	0.000000041861
7	93966601	96073507	2769	18	0.0001038145	0.000000042819
7	96073508	97099569	1385	18	0.0002859217	0.000000047109
7	97099570	98715473	2670	18	0.0003124727	0.000000047735
7	98715474	100196650	1159	18	0.0004440815	0.000000040340
7	100196651	101199252	1714	18	0.0003510457	0.000000048643
7	101199253	103197509	2175	18	0.0003571045	0.000000048786
7	103197510	104159524	2090	18	0.0001126815	0.000000043028
7	104159525	105682904	2081	18	0.0001482378	0.000000043866
7	105682905	107780177	2976	18	0.0002295735	0.000000045782
7	107780178	109647593	2723	18	0.0002193205	0.000000045540
7	109647594	112618683	3391	18	0.0001008884	0.000000042751
7	112618684	113712386	1301	18	0.0001359578	0.000000032497
7	113712387	116780177	3242	18	0.0002883734	0.000000047167
7	116780178	118351580	1725	18	0.0002206743	0.000000039744
7	118351581	121045272	2413	18	0.0001456280	0.000000043804
7	121045273	121933629	1271	18	0.0001966360	0.000000033222
7	121933630	124156804	3503	18	0.0001530505	0.000000043979
7	124156805	124167551	26	3	0.0000445833	0.000000001908
7	124167552	126519169	4301	18	0.0002040501	0.000000045181
7	126519170	126869220	477	18	0.0001664444	0.000000015728
7	126869221	128778385	2774	18	0.0011204562	0.000000066767
7	128778386	130422413	2133	18	0.0003131425	0.000000047750
7	130422414	132805847	3707	18	0.0002650668	0.000000046618
7	132805848	134307595	2164	18	0.0002156276	0.000000045359
7	134307596	135591082	2139	18	0.0003784257	0.000000049288
7	135591083	136876561	2072	18	0.0001541257	0.000000044005
7	136876562	138744678	2751	18	0.0001918289	0.000000044893
7	138744679	139933176	1306	18	0.0003015043	0.000000047476
7	139933177	140235209	654	18	0.0003325743	0.000000033904
7	140235210	141226556	1105	18	0.0001775085	0.000000035144
7	141226557	142656309	2033	18	0.0001793407	0.000000044599
7	142656310	144968288	2817	18	0.0002428348	0.000000046094
7	144968289	146427959	2529	18	0.0000805673	0.000000042272
7	146427960	147815317	2763	18	0.0002645871	0.000000046607
7	147815318	149840657	3070	18	0.0002065138	0.000000045239
7	149840658	150711504	1750	18	0.0000787643	0.000000042229
7	150711505	152249805	2045	18	0.0003050204	0.000000047559
7	152249806	153674018	2909	18	0.0002385117	0.000000045992
7	153674019	154964729	2296	18	0.0002404353	0.000000046038
7	154964730	156065249	2507	18	0.0001362968	0.000000043585
7	156065250	157634596	3005	18	0.0001507769	0.000000043926
7	157634597	159128574	2995	18	0.0004054772	0.000000049925
8	10422	1044216	2049	18	0.0002392258	0.000000046009
8	1044217	1163244	425	18	0.0003153163	0.000000027804
8	1163245	2042941	2463	18	0.0001659326	0.000000044283
8	2042942	2573278	1494	18	0.0002387253	0.000000045997
8	2573279	3392925	2874	18	0.0002553922	0.000000046390
8	3392926	3783016	1898	18	0.0001931257	0.000000044923
8	3783017	4480475	2757	18	0.0001222175	0.000000043253
8	4480476	5146926	2237	18	0.0001617466	0.000000044184
8	5146927	6142796	3809	18	0.0000709695	0.000000042046
8	6142797	7153078	2328	18	0.0001016170	0.000000042768
8	7153079	9154693	2639	18	0.0001475401	0.000000043849
8	9154694	9640786	1108	18	0.0003312587	0.000000044448
8	9640787	10463196	1931	18	0.0000712468	0.000000042052
8	10463197	11278997	1695	18	0.0003322371	0.000000048200
8	11278998	13491774	4052	18	0.0003056113	0.000000047573
8	13491775	13944991	1880	18	0.0002490200	0.000000046240
8	13944992	15991659	5359	18	0.0000388059	0.000000041288
8	15991660	17387875	2594	18	0.0000553756	0.000000041678
8	17387876	17836398	1281	18	0.0003684820	0.000000049054
8	17836399	19492839	3880	18	0.0004428227	0.000000050805
8	19492840	20060855	1229	18	0.0002218920	0.000000045601
8	20060856	21661736	2891	18	0.0002167718	0.000000045480
8	21661737	22897056	1808	18	0.0002424941	0.000000046086
8	22897057	24674717	3081	18	0.0000862990	0.000000042407
8	24674718	25483453	1329	18	0.0002295104	0.000000039227
8	25483454	26682524	2574	18	0.0000991842	0.000000042710
8	26682525	28162391	3186	18	0.0001843870	0.000000044717
8	28162392	29327895	1399	18	0.0001219876	0.000000043248
8	29327896	31133728	2496	18	0.0004297367	0.000000050497
8	31133729	31548359	774	18	0.0004044805	0.000000029479
8	31548360	32977217	2143	18	0.0002517486	0.000000046304
8	32977218	35317231	3203	18	0.0000829173	0.000000042327
8	35317232	37379388	1550	18	0.0002022390	0.000000045138
8	37379389	38938805	1435	18	0.0005722412	0.000000053854
8	38938806	40703336	3169	18	0.0002134122	0.000000045401
8	40703337	41721453	1882	18	0.0003156500	0.000000047809
8	41721454	42773822	843	18	0.0002500110	0.000000031969
8	42773823	46841314	387	15	0.0001460350	0.000000012776
8	46841315	50082469	2264	18	0.0001438710	0.000000043763
8	50082470	53302929	4799	18	0.0003794513	0.000000049312
8	53302930	54418043	2045	18	0.0001828068	0.000000044680
8	54418044	55945580	2125	18	0.0000731235	0.000000042096
8	55945581	56956382	1617	18	0.0001783258	0.000000044575
8	56956383	59068650	3791	18	0.0002634629	0.000000046580
8	59068651	59728099	1249	18	0.0003423383	0.000000040349
8	59728100	62329098	3679	18	0.0004033423	0.000000049875
8	62329099	63349305	1793	18	0.0001351934	0.000000038554
8	63349306	65232871	2614	18	0.0005211896	0.000000052651
8	65232872	66489089	1650	18	0.0002202682	0.000000045563
8	66489090	69863056	3744	18	0.0003771127	0.000000049257
8	69863057	70867978	1750	18	0.0003179743	0.000000047864
8	70867979	72289453	2131	18	0.0003789776	0.000000049301
8	72289454	73817198	2983	18	0.0002187399	0.000000045527
8	73817199	75445063	2462	18	0.0003400547	0.000000048384
8	75445064	76456541	1413	18	0.0006175810	0.000000047443
8	76456542	79132860	4134	18	0.0003317332	0.000000048188
8	79132861	81956394	3486	18	0.0008631185	0.000000060705
8	81956395	82693738	953	18	0.0001042175	0.000000027617
8	82693739	84225588	2681	18	0.0001558238	0.000000044045
8	84225589	85955618	2480	18	0.0002454649	0.000000046156
8	85955619	87411708	1111	18	0.0000521209	0.000000024712
8	87411709	89085480	2594	18	0.0002359293	0.000000045837
8	89085481	90638161	2179	18	0.0001188136	0.000000043173
8	90638162	93554385	3145	18	0.0001171791	0.000000043134
8	93554386	95005526	1551	18	0.0001644482	0.000000044248
8	95005527	96534805	2642	18	0.0001923922	0.000000044906
8	96534806	99401580	4436	18	0.0001968741	0.000000045012
8	99401581	101620957	1710	18	0.0003286402	0.000000048115
8	101620958	104123305	4004	18	0.0001566836	0.000000044065
8	104123306	104988751	1712	18	0.0001035780	0.000000030432
8	104988752	107410753	3770	18	0.0002719568	0.000000046780
8	107410754	108648176	2104	18	0.0002054851	0.000000045214
8	108648177	109248172	997	18	0.0001702285	0.000000022868
8	109248173	110484313	1975	18	0.0001507450	0.000000037738
8	110484314	111850846	1426	18	0.0004457169	0.000000040026
8	111850847	113064319	1466	18	0.0001779710	0.000000026905
8	113064320	116096494	4936	18	0.0002089919	0.000000045297
8	116096495	119685456	4373	18	0.0001916818	0.000000044889
8	119685457	121201699	2449	18	0.0004387606	0.000000050709
8	121201700	124861458	5555	18	0.0001069510	0.000000042893
8	124861459	125683718	1366	18	0.0001770341	0.000000044544
8	125683719	126410916	1180	18	0.0001981954	0.000000041594
8	126410917	128659110	3979	18	0.0003293017	0.000000048131
8	128659111	130381138	2827	18	0.0006880465	0.000000056581
8	130381139	131639624	2126	18	0.0005300651	0.000000052860
8	131639625	133351143	3387	18	0.0005434982	0.000000053176
8	133351144	134570000	2410	18	0.0003217747	0.000000047954
8	134570001	136035604	3240	18	0.0002444718	0.000000046133
8	136035605	137524150	2532	18	0.0001811899	0.000000044642
8	137524151	139254829	3827	18	0.0002518802	0.000000046307
8	139254830	140725642	2707	18	0.0002724620	0.000000046792
8	140725643	143044913	3719	18	0.0002238066	0.000000045646
8	143044914	144236880	2640	18	0.0003539627	0.000000048712
8	144236881	146303866	2386	18	0.0004786847	0.000000051650
9	10023	1079706	2516	18	0.0002566078	0.000000046419
9	1079707	1916876	2091	18	0.0002643292	0.000000046600
9	1916877	3190063	2924	18	0.0002609228	0.000000046520
9	3190064	4495327	2519	18	0.0002412931	0.000000046058
9	4495328	4884925	933	18	0.0002605369	0.000000046511
9	4884926	6557588	2408	18	0.0005648160	0.000000053679
9	6557589	7154922	1649	18	0.0004054420	0.000000049924
9	7154923	8456298	3332	18	0.0002098337	0.000000045317
9	8456299	9166402	1507	18	0.0001585494	0.000000044109
9	9166403	10879252	4061	18	0.0002273350	0.000000045729
9	10879253	12276488	3327	18	0.0002609585	0.000000046521
9	12276489	14836362	4892	18	0.0001458965	0.000000043811
9	14836363	16659654	3332	18	0.0002358492	0.000000045930
9	16659655	18661050	4269	18	0.0003388042	0.000000048355
9	18661051	20463533	3362	18	0.0004439814	0.000000050832
9	20463534	22206558	2779	18	0.0004590197	0.000000051187
9	22206559	24158517	2622	18	0.0003756569	0.000000049223
9	24158518	25330809	1570	18	0.0002814117	0.000000046909
9	25330810	26111756	1359	18	0.0002602937	0.000000046505
9	26111757	28224282	3720	18	0.0005806277	0.000000054051
9	28224283	28811583	1153	18	0.0005809839	0.000000050877
9	28811584	30387391	3547	18	0.0001387415	0.000000043642
9	30387392	31310382	1840	18	0.0003535327	0.000000042776
9	31310383	32019367	1448	18	0.0003649067	0.000000033383
9	32019368	33578333	3011	18	0.0004184582	0.000000050231
9	33578334	34642242	1681	18	0.0006340830	0.000000045683
9	34642243	36743282	2566	18	0.0006206434	0.000000054994
9	36743283	38641598	2980	18	0.0002545926	0.000000046371
9	38641599	65472189	392	18	0.0002062938	0.000000021152
9	65472190	72512710	2398	18	0.0002337339	0.000000045880
9	72512711	72753754	446	18	0.0001497992	0.000000012420
9	72753755	74253039	2502	18	0.0001808714	0.000000044635
9	74253040	76203945	2772	18	0.0003486999	0.000000048588
9	76203946	76973080	1024	18	0.0000563289	0.000000023147
9	76973081	78900182	3444	18	0.0001115235	0.000000043001
9	78900183	79471207	1180	18	0.0000859871	0.000000042400
9	79471208	81079054	2480	18	0.0001140021	0.000000043059
9	81079055	82590927	2344	18	0.0002578901	0.000000046449
9	82590928	84211232	3623	18	0.0003188908	0.000000047886
9	84211233	85440800	1297	18	0.0000906940	0.000000042510
9	85440801	86938195	2530	18	0.0002155049	0.000000045450
9	86938196	88109332	1863	18	0.0002824298	0.000000047027
9	88109333	88590416	390	18	0.0003302723	0.000000020383
9	88590417	90136245	2535	18	0.0001621954	0.000000044195
9	90136246	92528697	4273	18	0.0001442542	0.000000043772
9	92528698	94167202	2683	18	0.0000989995	0.000000042706
9	94167203	96671697	3750	18	0.0002348291	0.000000045906
9	96671698	98922039	3209	18	0.0002536397	0.000000046349
9	98922040	101592858	3644	18	0.0002665771	0.000000046653
9	101592859	104624436	4189	18	0.0002278005	0.000000045740
9	104624437	105967975	3371	18	0.0000330381	0.000000041152
9	105967976	107581748	3173	18	0.0002163439	0.000000045470
9	107581749	109298753	2722	18	0.0003043003	0.000000047542
9	109298754	110695061	2197	18	0.0002671694	0.000000046667
9	110695062	112778023	4213	18	0.0003694693	0.000000049077
9	112778024	114831081	4079	18	0.0003230257	0.000000047983
9	114831082	115693144	1553	18	0.0002212944	0.000000040578
9	115693145	117019800	2293	18	0.0002225108	0.000000045615
9	117019801	117921959	1599	18	0.0000758442	0.000000042161
9	117921960	121321536	5929	18	0.0002677980	0.000000046682
9	121321537	122260296	1378	18	0.0001320652	0.000000043485
9	122260297	124871321	3035	18	0.0005143194	0.000000052489
9	124871322	126971886	2581	18	0.0002392052	0.000000046009
9	126971887	129059664	2155	18	0.0004782467	0.000000051639
9	129059665	130055509	1344	18	0.0003738763	0.000000049181
9	130055510	132165469	2072	18	0.0003234279	0.000000047993
9	132165470	133223216	1655	18	0.0002221598	0.000000045607
9	133223217	134127887	1474	18	0.0003449415	0.000000048499
9	134127888	135298841	1782	18	0.0001531364	0.000000043981
9	135298842	137041121	3444	18	0.0004983191	0.000000052112
9	137041122	137589363	917	18	0.0005158119	0.000000052524
9	137589364	138938977	3033	18	0.0003085418	0.000000047642
9	138938978	139500341	891	18	0.0002476807	0.000000046208
9	139500342	141144795	1608	18	0.0001645255	0.000000044250
10	60523	751338	537	18	0.0002112935	0.000000031748
10	751339	1523543	1675	18	0.0001563062	0.000000044056
10	1523544	2254499	1936	18	0.0001623471	0.000000044198
10	2254500	3352698	2810	18	0.0001663856	0.000000044293
10	3352699	4572273	2420	18	0.0001999437	0.000000045084
10	4572274	5983761	3523	18	0.0002076585	0.000000045266
10	5983762	7171483	2758	18	0.0008900237	0.000000061339
10	7171484	8774664	3396	18	0.0005063456	0.000000052301
10	8774665	10249395	2718	18	0.0005078096	0.000000052336
10	10249396	12586796	4427	18	0.0001942983	0.000000044951
10	12586797	13321599	1736	18	0.0000904764	0.000000042505
10	13321600	15026067	3638	18	0.0001906394	0.000000044865
10	15026068	16551766	2612	18	0.0001947276	0.000000044961
10	16551767	18537266	3294	18	0.0002267493	0.000000045715
10	18537267	19716877	2932	18	0.0001805169	0.000000044626
10	19716878	22772282	4464	18	0.0004231868	0.000000050342
10	22772283	23175131	514	18	0.0002494330	0.000000023112
10	23175132	25578595	3366	18	0.0002035001	0.000000045168
10	25578596	26888683	3378	18	0.0005369948	0.000000053023
10	26888684	29323235	5071	18	0.0003464949	0.000000048536
10	29323236	29783691	1196	18	0.0003309619	0.000000048170
10	29783692	30458837	1559	18	0.0002328263	0.000000045858
10	30458838	31907518	2425	18	0.0006060687	0.000000054650
10	31907519	33707967	3278	18	0.0002636269	0.000000046584
10	33707968	35109354	2005	18	0.0001779503	0.000000044566
10	35109355	36572507	2072	18	0.0002438670	0.000000046118
10	36572508	37790028	1855	18	0.0002219974	0.000000045603
10	37790029	42372578	1753	18	0.0001707637	0.000000023123
10	42372579	43894770	2187	18	0.0002252562	0.000000045680
10	43894771	44730074	1582	18	0.0000862936	0.000000040071
10	44730075	48760449	3627	18	0.0000843444	0.000000042361
10	48760450	50840914	2627	18	0.0004153984	0.000000050159
10	50840915	53616628	3040	18	0.0002483101	0.000000046223
10	53616629	55103571	3304	18	0.0003268656	0.000000048074
10	55103572	57031139	4612	18	0.0002155987	0.000000045453
10	57031140	57662145	1133	18	0.0002877165	0.000000027733
10	57662146	58959527	2771	18	0.0001598665	0.000000037320
10	58959528	60289986	2735	18	0.0001356047	0.000000043568
10	60289987	61891408	2346	18	0.0001446375	0.000000043781
10	61891409	62659678	1350	18	0.0002288209	0.000000038760
10	62659679	63341694	651	18	0.0000963822	0.000000020179
10	63341695	65794113	3928	18	0.0005921961	0.000000054324
10	65794114	67549614	2901	18	0.0000735377	0.000000042106
10	67549615	69900147	4609	18	0.0002908443	0.000000047225
10	69900148	70195990	599	18	0.0002238773	0.000000017522
10	70195991	72220849	3948	18	0.0002142758	0.000000045421
10	72220850	73508511	2929	18	0.0002874008	0.000000047144
10	73508512	75422549	1876	18	0.0004006887	0.000000049813
10	75422550	78706813	3293	18	0.0003406326	0.000000048398
10	78706814	80876748	3531	18	0.0002583241	0.000000046459
10	80876749	82414678	2482	18	0.0009515721	0.000000062789
10	82414679	84383744	3476	18	0.0002021463	0.000000045136
10	84383745	85458702	2470	18	0.0002454100	0.000000046061
10	85458703	87937576	4638	18	0.0000653490	0.000000041913
10	87937577	89127063	1504	18	0.0005055544	0.000000052283
10	89127064	91013380	2653	18	0.0003262658	0.000000048059
10	91013381	92006580	1796	18	0.0003686938	0.000000049059
10	92006581	93335046	2010	18	0.0002531079	0.000000046336
10	93335047	95396367	3116	18	0.0002431509	0.000000046102
10	95396368	96221242	1081	18	0.0001197715	0.000000034410
10	96221243	97822356	2628	18	0.0001275839	0.000000043379
10	97822357	100241301	3476	18	0.0003126042	0.000000047738
10	100241302	100668399	652	18	0.0003248396	0.000000021800
10	100668400	102949238	3193	18	0.0000326763	0.000000041144
10	102949239	104380409	1387	18	0.0002049122	0.000000043234
10	104380410	106695047	2967	18	0.0003788057	0.000000049297
10	106695048	108726685	3354	18	0.0001616262	0.000000044181
10	108726686	110317704	3089	18	0.0002815760	0.000000047007
10	110317705	112561492	3370	18	0.0005143178	0.000000052489
10	112561493	115328431	3785	18	0.0003137438	0.000000047764
10	115328432	116421405	1904	18	0.0002280798	0.000000045747
10	116421406	119523933	4226	18	0.0002613864	0.000000046531
10	119523934	120591352	1662	18	0.0002587394	0.000000046469
10	120591353	122407322	3209	18	0.0002785255	0.000000046935
10	122407323	123231464	1541	18	0.0003873296	0.000000049498
10	123231465	123900544	1347	18	0.0005180913	0.000000052578
10	123900545	125869345	3755	18	0.0005056191	0.000000052284
10	125869346	128001097	3937	18	0.0002649284	0.000000046615
10	128001098	129154361	1994	18	0.0003419471	0.000000048429
10	129154362	130844283	4106	18	0.0000204524	0.000000040856
10	130844284	131741326	1689	18	0.0002864854	0.000000047122
10	131741327	132580244	2126	18	0.0001727914	0.000000044444
10	132580245	134336328	4607	18	0.0000960618	0.000000042637
10	134336329	134494672	143	9	0.0002880629	0.000000011932
10	134494673	135523864	1627	18	0.0001551410	0.000000044028
11	70855	1213589	2043	18	0.0002528675	0.000000046330
11	1213590	3665480	4803	18	0.0002407223	0.000000046044
11	3665481	4746708	2011	18	0.0003402104	0.000000048388
11	4746709	6322868	4597	18	0.0001871370	0.000000044782
11	6322869	7436700	2156	18	0.0001900340	0.000000044850
11	7436701	8333273	2104	18	0.0001855637	0.000000044745
11	8333274	9087316	1160	18	0.0002491919	0.000000045304
11	9087317	10952026	3206	18	0.0003779078	0.000000049276
11	10952027	12564228	3789	18	0.0002054813	0.000000045214
11	12564229	13373123	1635	18	0.0003494724	0.000000048606
11	13373124	15742551	3272	18	0.0002127431	0.000000045385
11	15742552	17578401	2496	18	0.0001547598	0.000000044019
11	17578402	19569534	3518	18	0.0001109992	0.000000042989
11	19569535	21017137	2770	18	0.0002243013	0.000000045658
11	21017138	22374141	2466	18	0.0001569555	0.000000044071
11	22374142	24088516	3648	18	0.0001866237	0.000000044770
11	24088517	26045752	4744	18	0.0001078024	0.000000042913
11	26045753	27020460	1788	18	0.0003366696	0.000000048304
11	27020461	28481592	1624	18	0.0001159807	0.000000041327
11	28481593	30141356	2049	18	0.0001508589	0.000000043928
11	30141357	32276900	2619	18	0.0004672244	0.000000051380
11	32276901	33958738	2557	18	0.0003260776	0.000000048055
11	33958739	35502604	3179	18	0.0003417837	0.000000048425
11	35502605	37116814	2695	18	0.0003324801	0.000000048206
11	37116815	39382002	3138	18	0.0001929651	0.000000044919
11	39382003	42310002	4564	18	0.0000615396	0.000000041824
11	42310003	44693798	4194	18	0.0001543040	0.000000044009
11	44693799	47006136	2752	18	0.0004953504	0.000000052042
11	47006137	49866049	3805	18	0.0004093500	0.000000050017
11	49866050	54695472	3126	18	0.0006206043	0.000000039881
11	54695473	55082656	554	11	0.0002291695	0.000000011927
11	55082657	58457494	7442	18	0.0002657273	0.000000046633
11	58457495	58780548	431	16	0.0000656886	0.000000009509
11	58780549	62223770	4446	18	0.0006337433	0.000000055302
11	62223771	63804568	1437	18	0.0001356791	0.000000043570
11	63804569	65898630	2137	18	0.0004172838	0.000000050203
11	65898631	68005824	1609	18	0.0002134862	0.000000045403
11	68005825	69516129	2245	18	0.0002293363	0.000000045776
11	69516130	70926291	2384	18	0.0002461258	0.000000046172
11	70926292	72286016	1573	18	0.0001404160	0.000000043682
11	72286017	74412350	2653	18	0.0000815289	0.000000042294
11	74412351	76797208	3084	18	0.0004330776	0.000000050575
11	76797209	78355057	2215	18	0.0003659371	0.000000048994
11	78355058	80722372	3851	18	0.0003589543	0.000000048829
11	80722373	81266711	1194	18	0.0002547027	0.000000041912
11	81266712	84381271	5442	18	0.0002669391	0.000000046662
11	84381272	86619300	3138	18	0.0002145265	0.000000045427
11	86619301	87430234	1862	18	0.0004594888	0.000000049413
11	87430235	89208935	2881	18	0.0002162983	0.000000045469
11	89208936	90966489	2557	18	0.0002114820	0.000000045261
11	90966490	92077143	1869	18	0.0002527593	0.000000046328
11	92077144	93276156	1708	18	0.0004375060	0.000000050680
11	93276157	94242259	1455	18	0.0003902732	0.000000043277
11	94242260	95726040	2118	18	0.0008259950	0.000000059831
11	95726041	97057057	2047	18	0.0002291197	0.000000045771
11	97057058	98705064	3298	18	0.0001966319	0.000000044912
11	98705065	100417168	3737	18	0.0001977479	0.000000045032
11	100417169	101331120	1983	18	0.0005259376	0.000000052763
11	101331121	103959635	5515	18	0.0000808549	0.000000042279
11	103959636	104873283	1429	18	0.0001691320	0.000000027451
11	104873284	106520893	2292	18	0.0001567508	0.000000044066
11	106520894	107844199	2351	18	0.0001452599	0.000000043796
11	107844200	108437036	593	18	0.0007931564	0.000000031474
11	108437037	109866115	1633	18	0.0003707613	0.000000049108
11	109866116	111114396	2146	18	0.0005387511	0.000000053065
11	111114397	112459487	1445	18	0.0002748677	0.000000046849
11	112459488	114257727	2888	18	0.0004331589	0.000000050577
11	114257728	114830665	930	18	0.0000930700	0.000000025169
11	114830666	116383347	2284	18	0.0001825902	0.000000044675
11	116383348	117747109	2458	18	0.0002718858	0.000000046778
11	117747110	119215475	2219	18	0.0015796382	0.000000077583
11	119215476	120766805	2670	18	0.0003470496	0.000000048549
11	120766806	121175942	718	18	0.0002215991	0.000000027593
11	121175943	122591909	1947	18	0.0003176917	0.000000047857
11	122591910	123500116	1614	18	0.0001794362	0.000000044601
11	123500117	124495527	2270	18	0.0005112228	0.000000052416
11	124495528	126311319	3217	18	0.0001505162	0.000000043920
11	126311320	127316678	2013	18	0.0001839494	0.000000044707
11	127316679	128188536	1353	18	0.0005254966	0.000000048648
11	128188537	130342574	3371	18	0.0005611291	0.000000053592
11	130342575	131074611	1436	18	0.0006328173	0.000000055280
11	131074612	133000045	3608	18	0.0001123030	0.000000043019
11	133000046	134205992	1878	18	0.0002381321	0.000000045983
11	134205993	134946451	2029	18	0.0003338845	0.000000048239
12	61107	1080330	1569	18	0.0003153005	0.000000047801
12	1080331	2544785	2301	18	0.0002724410	0.000000046792
12	2544786	3677036	2140	18	0.0003698128	0.000000049085
12	3677037	4417678	1370	18	0.0002922663	0.000000047259
12	4417679	5321471	1615	18	0.0001953084	0.000000044975
12	5321472	6419752	2122	18	0.0001052753	0.000000042854
12	6419753	8377535	2876	18	0.0001008499	0.000000042750
12	8377536	9031394	661	18	0.0003063252	0.000000035620
12	9031395	10481533	2668	18	0.0006745878	0.000000056264
12	10481534	11754845	2427	18	0.0002460807	0.000000046171
12	11754846	12733527	1703	18	0.0001795626	0.000000044604
12	12733528	15241483	4181	18	0.0001116579	0.000000043004
12	15241484	16310459	1007	18	0.0001316498	0.000000038015
12	16310460	18087872	2632	18	0.0001860019	0.000000044755
12	18087873	20863942	5160	18	0.0002350422	0.000000045911
12	20863943	23820633	4910	18	0.0003670601	0.000000049020
12	23820634	25371082	2756	18	0.0006333021	0.000000055292
12	25371083	27799772	4491	18	0.0001602624	0.000000044149
12	27799773	29651254	3389	18	0.0000603582	0.000000041796
12	29651255	30512405	2465	18	0.0002777708	0.000000046823
12	30512406	32165591	3513	18	0.0001486012	0.000000043874
12	32165592	33076988	2197	18	0.0003018919	0.000000047485
12	33076989	37856716	2900	18	0.0001666870	0.000000039021
12	37856717	39227168	1588	18	0.0003448266	0.000000031227
12	39227169	40816184	2221	18	0.0002504111	0.000000046273
12	40816185	41658585	1618	18	0.0003349256	0.000000038573
12	41658586	43984473	4474	18	0.0003926562	0.000000049623
12	43984474	46024228	2441	18	0.0004100430	0.000000050033
12	46024229	47714792	2159	18	0.0007989792	0.000000059195
12	47714793	49001865	2746	18	0.0002397078	0.000000046020
12	49001866	51776493	2985	18	0.0002706777	0.000000046750
12	51776494	53039003	2360	18	0.0003498342	0.000000048615
12	53039004	54778822	2380	18	0.0002902401	0.000000047211
12	54778823	55665836	1514	18	0.0002978321	0.000000046919
12	55665837	57548859	1927	18	0.0009074949	0.000000061751
12	57548860	59308665	2164	18	0.0007227416	0.000000057399
12	59308666	61123728	2401	18	0.0001766283	0.000000044440
12	61123729	64032460	5382	18	0.0001312469	0.000000043466
12	64032461	65559694	1850	18	0.0002232872	0.000000045634
12	65559695	67181143	2117	18	0.0000102068	0.000000040614
12	67181144	67909728	1249	18	0.0004049742	0.000000039775
12	67909729	69826541	3022	18	0.0001221564	0.000000043251
12	69826542	70957986	2251	18	0.0002228219	0.000000045623
12	70957987	72645074	2432	18	0.0002325158	0.000000045851
12	72645075	73818453	1843	18	0.0000674206	0.000000041962
12	73818454	76511313	3823	18	0.0004877366	0.000000051863
12	76511314	78570569	3461	18	0.0003912394	0.000000049590
12	78570570	80448149	1840	18	0.0001472260	0.000000043842
12	80448150	81467766	1515	18	0.0004840049	0.000000043856
12	81467767	83502665	2934	18	0.0002767956	0.000000046894
12	83502666	84303843	1565	18	0.0002718457	0.000000032652
12	84303844	85990425	2352	18	0.0002272638	0.000000044881
12	85990426	89682121	4629	18	0.0002665989	0.000000046654
12	89682122	92066154	3052	18	0.0002031374	0.000000045159
12	92066155	94514566	3928	18	0.0003659602	0.000000048994
12	94514567	96020784	3160	18	0.0001846835	0.000000044724
12	96020785	97108838	1985	18	0.0002024456	0.000000045143
12	97108839	99305986	3479	18	0.0001201719	0.000000043205
12	99305987	101447640	2896	18	0.0000996912	0.000000042722
12	101447641	101862689	659	18	0.0003470708	0.000000026514
12	101862690	102964985	1444	18	0.0003708399	0.000000049109
12	102964986	104848695	3318	18	0.0001472577	0.000000043843
12	104848696	106436212	3026	18	0.0002800330	0.000000046970
12	106436213	106958747	786	18	0.0003411362	0.000000036436
12	106958748	109025900	3360	18	0.0002375803	0.000000045970
12	109025901	110336718	1800	18	0.0002090773	0.000000045299
12	110336719	113263517	1943	18	0.0006124950	0.000000054802
12	113263518	113986708	1010	18	0.0001581565	0.000000037100
12	113986709	115036601	2288	18	0.0002833433	0.000000047048
12	115036602	115503215	852	18	0.0001935734	0.000000038835
12	115503216	117087470	2732	18	0.0000546931	0.000000041662
12	117087471	118135374	1707	18	0.0004656065	0.000000051342
12	118135375	119754109	2913	18	0.0000886202	0.000000042462
12	119754110	122007650	3391	18	0.0003900300	0.000000049561
12	122007651	124977979	3665	18	0.0001581647	0.000000044100
12	124977980	126445504	2929	18	0.0005190140	0.000000052600
12	126445505	127875097	3032	18	0.0001438969	0.000000043764
12	127875098	129237296	3038	18	0.0001490285	0.000000043884
12	129237297	130377920	2801	18	0.0001441869	0.000000043770
12	130377921	131786750	3624	18	0.0001327638	0.000000043501
12	131786751	132807033	1833	18	0.0001799881	0.000000044614
12	132807034	133841510	1274	18	0.0001655124	0.000000044273
13	19020013	20686719	2528	18	0.0001530304	0.000000043979
13	20686720	22242173	3028	18	0.0003902383	0.000000049566
13	22242174	23594701	2987	18	0.0001324113	0.000000043493
13	23594702	24531936	2414	18	0.0001398867	0.000000043669
13	24531937	25784361	3257	18	0.0003799857	0.000000049325
13	25784362	27284361	2495	18	0.0005075130	0.000000052329
13	27284362	29257550	3690	18	0.0007656749	0.000000058410
13	29257551	30483266	2420	18	0.0002579159	0.000000046449
13	30483267	32301814	3309	18	0.0001707073	0.000000044395
13	32301815	33776902	2234	18	0.0004373807	0.000000050677
13	33776903	35026463	1824	18	0.0001758110	0.000000044515
13	35026464	36046366	1067	18	0.0002749696	0.000000041658
13	36046367	37498184	2634	18	0.0002448369	0.000000046141
13	37498185	38878162	2749	18	0.0001950876	0.000000044969
13	38878163	41069262	3530	18	0.0008475435	0.000000060338
13	41069263	43101026	2874	18	0.0005925069	0.000000054331
13	43101027	44901408	2932	18	0.0003245864	0.000000048020
13	44901409	46495213	2045	18	0.0001734451	0.000000044460
13	46495214	47431078	1497	18	0.0004973198	0.000000052089
13	47431079	49383961	2923	18	0.0003818971	0.000000049370
13	49383962	51591090	3239	18	0.0002691128	0.000000046713
13	51591091	53339621	1443	18	0.0002037384	0.000000045173
13	53339622	54682863	2057	18	0.0003436927	0.000000048470
13	54682864	55817130	1875	18	0.0001783175	0.000000041219
13	55817131	57554216	2111	18	0.0001646861	0.000000034755
13	57554217	58410625	1218	18	0.0001846182	0.000000024178
13	58410626	59302270	1400	18	0.0001428029	0.000000027086
13	59302271	60854777	2502	18	0.0002448111	0.000000046141
13	60854778	61591948	1492	18	0.0000670894	0.000000036497
13	61591949	63971558	4513	18	0.0001090097	0.000000042942
13	63971559	65200601	2573	18	0.0001921478	0.000000039165
13	65200602	67844452	3611	18	0.0001838592	0.000000044705
13	67844453	70724515	5481	18	0.0003027516	0.000000047506
13	70724516	71526790	1588	18	0.0002176857	0.000000045502
13	71526791	73934088	3804	18	0.0001043962	0.000000042833
13	73934089	75670142	2892	18	0.0001511878	0.000000043935
13	75670143	77410554	3121	18	0.0004053405	0.000000049922
13	77410555	78808812	1925	18	0.0003619252	0.000000048899
13	78808813	80585675	2403	18	0.0002106672	0.000000045336
13	80585676	82581813	3490	18	0.0003200216	0.000000047912
13	82581814	84133143	2640	18	0.0000403326	0.000000041230
13	84133144	85610915	2528	18	0.0001913051	0.000000044880
13	85610916	88559881	5467	18	0.0002843907	0.000000047073
13	88559882	90521310	3220	18	0.0001336337	0.000000043522
13	90521311	93129690	4533	18	0.0001868566	0.000000044776
13	93129691	93586454	636	18	0.0001572253	0.000000020960
13	93586455	96087557	4913	18	0.0002558126	0.000000046400
13	96087558	97519209	1672	18	0.0002154869	0.000000045167
13	97519210	98938918	1729	18	0.0002282797	0.000000045751
13	98938919	100574094	3168	18	0.0003682790	0.000000049049
13	100574095	102300522	3082	18	0.0001684802	0.000000044343
13	102300523	104066709	3222	18	0.0002755712	0.000000046865
13	104066710	104844113	1458	18	0.0002028817	0.000000045153
13	104844114	106247553	2595	18	0.0001911213	0.000000044876
13	106247554	106749999	1204	18	0.0000833556	0.000000042338
13	106750000	108189876	2353	18	0.0001423683	0.000000043728
13	108189877	109121209	1780	18	0.0003462640	0.000000048531
13	109121210	109815111	1466	18	0.0003449403	0.000000048499
13	109815112	111232072	3168	18	0.0001705486	0.000000044391
13	111232073	112247591	2236	18	0.0003197942	0.000000047907
13	112247592	113572487	2295	18	0.0001294491	0.000000043423
13	113572488	115109852	2437	18	0.0001216882	0.000000043240
14	19002084	21589401	2664	18	0.0002935439	0.000000047289
14	21589402	23018664	3373	18	0.0001105327	0.000000042978
14	23018665	24905122	2892	18	0.0001600778	0.000000044145
14	24905123	26135685	2540	18	0.0003266368	0.000000048068
14	26135686	28466532	3309	18	0.0001612160	0.000000044172
14	28466533	29972144	1963	18	0.0003420159	0.000000048336
14	29972145	32383264	2896	18	0.0001874235	0.000000044789
14	32383265	34846250	4399	18	0.0001982557	0.000000045044
14	34846251	35859592	1753	18	0.0004379679	0.000000050691
14	35859593	38667724	3511	18	0.0003718035	0.000000049132
14	38667725	40341989	2871	18	0.0002769518	0.000000046898
14	40341990	41615501	2925	18	0.0002079726	0.000000045273
14	41615502	43137388	2560	18	0.0003085871	0.000000047643
14	43137389	44543226	2243	18	0.0002763802	0.000000046884
14	44543227	46081895	1823	18	0.0001681500	0.000000044335
14	46081896	46749129	1233	18	0.0003773951	0.000000027950
14	46749130	48573585	3247	18	0.0001628009	0.000000044209
14	48573586	49005470	737	18	0.0001374960	0.000000017433
14	49005471	50507759	2223	18	0.0002696149	0.000000046725
14	50507760	51493571	1482	18	0.0000807396	0.000000042276
14	51493572	53474382	3619	18	0.0002375202	0.000000045969
14	53474383	53997830	962	18	0.0002764320	0.000000027223
14	53997831	55233680	1573	18	0.0001362238	0.000000043583
14	55233681	56216879	1355	18	0.0005112900	0.000000043602
14	56216880	57481261	2372	18	0.0002579666	0.000000046451
14	57481262	59448335	2961	18	0.0000584905	0.000000041752
14	59448336	61680423	2865	18	0.0003464031	0.000000048534
14	61680424	63790014	3254	18	0.0002924740	0.000000047263
14	63790015	65220297	1715	18	0.0002435983	0.000000046112
14	65220298	66399554	1824	18	0.0002184473	0.000000045520
14	66399555	67992316	1800	18	0.0001173291	0.000000037951
14	67992317	71131956	4919	18	0.0011304522	0.000000067003
14	71131957	72889614	2745	18	0.0002743019	0.000000046835
14	72889615	76444766	5024	18	0.0006111686	0.000000054771
14	76444767	77229471	1432	18	0.0002451815	0.000000046149
14	77229472	78561944	2736	18	0.0002087033	0.000000045290
14	78561945	80186578	2086	18	0.0002260544	0.000000045699
14	80186579	81579713	2282	18	0.0002710333	0.000000046758
14	81579714	83138096	2240	18	0.0002574468	0.000000046438
14	83138097	84241632	1783	18	0.0003346202	0.000000048256
14	84241633	85746318	2563	18	0.0002676273	0.000000046678
14	85746319	86647001	1436	18	0.0001695470	0.000000043429
14	86647002	87635340	1555	18	0.0001506903	0.000000043924
14	87635341	89497642	2743	18	0.0004046214	0.000000049905
14	89497643	91296859	2971	18	0.0001132750	0.000000043042
14	91296860	93132298	3307	18	0.0004497366	0.000000050968
14	93132299	94325284	1856	18	0.0002569050	0.000000046426
14	94325285	95750866	3369	18	0.0001516376	0.000000043946
14	95750867	96262414	1373	18	0.0003189400	0.000000047887
14	96262415	98341161	3366	18	0.0001737376	0.000000044467
14	98341162	99138531	1749	18	0.0006572125	0.000000055761
14	99138532	101534306	3597	18	0.0002642361	0.000000046598
14	101534307	103012101	2021	18	0.0005237012	0.000000052710
14	103012102	105001722	2978	18	0.0001616220	0.000000044181
14	105001723	106340357	1403	18	0.0002800289	0.000000046970
14	106340358	107289453	768	18	0.0000855685	0.000000025495
15	20001200	21131603	41	4	0.0000962389	0.000000003717
15	21131604	24195126	1570	18	0.0003006812	0.000000047457
15	24195127	25108589	2820	18	0.0001449484	0.000000043788
15	25108590	27298111	3863	18	0.0002542422	0.000000046363
15	27298112	29338501	2235	18	0.0001549342	0.000000044024
15	29338502	30165567	1259	18	0.0002428894	0.000000046095
15	30165568	31591820	1340	18	0.0002474607	0.000000046203
15	31591821	32441810	1220	18	0.0003339233	0.000000048240
15	32441811	34015424	2481	18	0.0001399656	0.000000043671
15	34015425	35083250	1728	18	0.0000774367	0.000000042198
15	35083251	37456501	3584	18	0.0002700095	0.000000046734
15	37456502	38530776	1679	18	0.0002245171	0.000000045663
15	38530777	40384131	3075	18	0.0007297254	0.000000057563
15	40384132	41177513	1069	18	0.0002714503	0.000000041120
15	41177514	42776398	1976	18	0.0004644372	0.000000051314
15	42776399	44198048	1029	18	0.0000621577	0.000000024696
15	44198049	46618786	2352	18	0.0003207622	0.000000047930
15	46618787	48136047	2451	18	0.0004678978	0.000000051396
15	48136048	50008042	1877	18	0.0001704799	0.000000044390
15	50008043	51677559	2726	18	0.0001964534	0.000000045002
15	51677560	53069095	1797	18	0.0001564753	0.000000044060
15	53069096	54508527	2799	18	0.0003483063	0.000000048579
15	54508528	55136268	1324	18	0.0000921418	0.000000039838
15	55136269	56901772	3146	18	0.0002139114	0.000000045413
15	56901773	58441365	2279	18	0.0001197784	0.000000043195
15	58441366	59694115	1952	18	0.0003234851	0.000000047994
15	59694116	61265835	2450	18	0.0003028008	0.000000047507
15	61265836	63215221	3226	18	0.0001396477	0.000000043664
15	63215222	65104667	2321	18	0.0002453466	0.000000046153
15	65104668	67094766	2744	18	0.0001705512	0.000000044391
15	67094767	69017998	2881	18	0.0006240961	0.000000055075
15	69017999	70133340	1141	18	0.0024109713	0.000000097166
15	70133341	71922648	2722	18	0.0004296860	0.000000050496
15	71922649	73628713	1501	18	0.0002323125	0.000000040472
15	73628714	76398623	2594	18	0.0003041836	0.000000047539
15	76398624	78516052	2905	18	0.0003049787	0.000000047558
15	78516053	80860977	4479	18	0.0000974721	0.000000042670
15	80860978	84260467	3419	18	0.0002772853	0.000000046906
15	84260468	86652904	3868	18	0.0005016037	0.000000052190
15	86652905	88369942	3024	18	0.0005833985	0.000000054116
15	88369943	90475550	3100	18	0.0002191283	0.000000045536
15	90475551	92164391	3094	18	0.0003395598	0.000000048373
15	92164392	93780901	3360	18	0.0000454866	0.000000041445
15	93780902	94924329	2711	18	0.0002138858	0.000000045412
15	94924330	96141595	2237	18	0.0002406645	0.000000046043
15	96141596	98030909	3039	18	0.0001689203	0.000000044353
15	98030910	99244058	2777	18	0.0003492550	0.000000048601
15	99244059	100636846	2785	18	0.0002463695	0.000000046083
15	100636847	101552693	1929	18	0.0002010274	0.000000045109
15	101552694	102520965	1707	18	0.0001868204	0.000000044775
16	60054	1207205	2129	18	0.0004894985	0.000000051904
16	1207206	2764828	2447	18	0.0003731590	0.000000049164
16	2764829	4001195	1567	18	0.0002355090	0.000000045922
16	4001196	5118344	1814	18	0.0002651732	0.000000046620
16	5118345	5891579	1896	18	0.0001617566	0.000000044184
16	5891580	6893550	2724	18	0.0001288756	0.000000043410
16	6893551	7529120	2190	18	0.0002228141	0.000000045623
16	7529121	8338518	2461	18	0.0000876279	0.000000042438
16	8338519	9799418	3465	18	0.0002235426	0.000000045640
16	9799419	10426031	1594	18	0.0000951179	0.000000042615
16	10426032	11520160	2423	18	0.0001887918	0.000000044821
16	11520161	12613097	2094	18	0.0005685872	0.000000053767
16	12613098	13154436	1603	18	0.0003056507	0.000000047574
16	13154437	14464001	2496	18	0.0001463966	0.000000043822
16	14464002	16154059	1229	18	0.0001165795	0.000000043120
16	16154060	17644748	1678	18	0.0002975940	0.000000047384
16	17644749	18643606	929	18	0.0000823367	0.000000032028
16	18643607	20150570	2204	18	0.0001690440	0.000000044356
16	20150571	22448903	2001	18	0.0001079638	0.000000042917
16	22448904	24136874	2213	18	0.0001778089	0.000000044562
16	24136875	25986861	3536	18	0.0000510483	0.000000041576
16	25986862	27445754	3029	18	0.0001768288	0.000000044539
16	27445755	29036612	1404	18	0.0005170086	0.000000052553
16	29036613	31382942	1703	18	0.0009388693	0.000000062490
16	31382943	46399472	716	18	0.0002924363	0.000000028008
16	46399473	49007925	1335	18	0.0002350690	0.000000043201
16	49007926	52035822	4165	18	0.0000366622	0.000000041238
16	52035823	53382571	2035	18	0.0000258255	0.000000040982
16	53382572	55903773	4444	18	0.0003595903	0.000000048844
16	55903774	57664329	2762	18	0.0002452344	0.000000046151
16	57664330	59045404	2690	18	0.0002015998	0.000000045123
16	59045405	60745693	2796	18	0.0003153475	0.000000047802
16	60745694	62229848	1801	18	0.0003143168	0.000000047778
16	62229849	63691588	2190	18	0.0001453370	0.000000043798
16	63691589	65938565	3713	18	0.0001863459	0.000000044764
16	65938566	68841362	2640	18	0.0004757762	0.000000051581
16	68841363	71054027	1692	18	0.0000729233	0.000000042092
16	71054028	72935149	1993	18	0.0002305484	0.000000045805
16	72935150	74971502	3075	18	0.0001365194	0.000000043590
16	74971503	75977953	1506	18	0.0002795778	0.000000046960
16	75977954	77523677	3467	18	0.0004038765	0.000000049888
16	77523678	78456291	2909	18	0.0001200200	0.000000043201
16	78456292	79134814	2004	18	0.0001030789	0.000000042802
16	79134815	80297373	2651	18	0.0002115146	0.000000045356
16	80297374	81772535	3385	18	0.0002313363	0.000000045823
16	81772536	82747727	2324	18	0.0003316301	0.000000048186
16	82747728	83477207	2205	18	0.0001658274	0.000000044280
16	83477208	84445882	2839	18	0.0000281999	0.000000041038
16	84445883	85148684	2191	18	-0.0000093189	0.000000040155
16	85148685	86156598	2144	18	0.0004499737	0.000000050973
16	86156599	86815410	1826	18	0.0002752993	0.000000046859
16	86815411	87647348	1517	18	0.0000696097	0.000000042014
16	87647349	89041164	3011	18	0.0002596909	0.000000046491
16	89041165	90292811	2294	18	0.0003899720	0.000000049560
17	56	1172398	2108	18	0.0001107197	0.000000042982
17	1172399	1928730	1482	18	0.0002185717	0.000000045523
17	1928731	3702311	3246	18	0.0003276007	0.000000048091
17	3702312	4696260	1785	18	0.0003599109	0.000000048852
17	4696261	5741333	2044	18	0.0003943334	0.000000049663
17	5741334	7317397	3027	18	0.0000706100	0.000000042037
17	7317398	8306424	1448	18	0.0001983681	0.000000045047
17	8306425	9965920	2962	18	0.0002182110	0.000000045514
17	9965921	11102814	2044	18	0.0001956580	0.000000044983
17	11102815	12534768	2342	18	0.0002216383	0.000000045595
17	12534769	13180371	1327	18	0.0003774935	0.000000049266
17	13180372	13894636	1712	18	0.0000982966	0.000000042689
17	13894637	15019096	2695	18	0.0000079455	0.000000040561
17	15019097	16412341	1607	18	0.0004558285	0.000000051111
17	16412342	18856319	2727	18	0.0002549198	0.000000046379
17	18856320	21290356	1805	18	0.0002076258	0.000000045265
17	21290357	27334243	2733	18	0.0003591013	0.000000048833
17	27334244	29786490	2217	18	0.0001922130	0.000000044902
17	29786491	31538424	2406	18	0.0001115427	0.000000043001
17	31538425	32912797	2947	18	0.0003600401	0.000000048855
17	32912798	34469035	2140	18	0.0003905014	0.000000049573
17	34469036	36809343	2310	18	0.0001752235	0.000000044502
17	36809344	38877403	2168	18	0.0011479680	0.000000067415
17	38877404	39899809	1821	18	0.0002561541	0.000000046408
17	39899810	41772086	1886	18	0.0002602227	0.000000046504
17	41772087	43056904	1499	18	0.0002350081	0.000000045910
17	43056905	45876021	3795	18	0.0001672190	0.000000044313
17	45876022	47517399	2406	18	0.0002598492	0.000000046495
17	47517400	49898956	3194	18	0.0003258125	0.000000048049
17	49898957	50719054	1205	18	0.0003334847	0.000000032224
17	50719055	51826117	1876	18	0.0006055216	0.000000049338
17	51826118	53599431	2717	18	0.0004433015	0.000000050816
17	53599432	55357540	2521	18	0.0003931281	0.000000049634
17	55357541	57487511	2513	18	0.0005754955	0.000000053930
17	57487512	59312754	1066	18	0.0003394700	0.000000030267
17	59312755	61545588	2032	18	0.0002354527	0.000000045920
17	61545589	63148127	1379	18	0.0001989977	0.000000045062
17	63148128	64800429	3213	18	0.0003026258	0.000000047503
17	64800430	67858769	4398	18	0.0001429265	0.000000043741
17	67858770	69387816	2820	18	0.0002454349	0.000000046155
17	69387817	72672202	5917	18	0.0000691159	0.000000042002
17	72672203	74375559	2153	18	0.0002851627	0.000000047091
17	74375560	76263412	3766	18	0.0001809529	0.000000044636
17	76263413	77298635	2319	18	0.0003758699	0.000000049228
17	77298636	78837587	3010	18	0.0001130535	0.000000043037
17	78837588	80034407	2062	18	0.0003855805	0.000000049457
17	80034408	81194907	2131	18	0.0000809912	0.000000042282
18	10644	912485	1867	18	0.0002517334	0.000000046304
18	912486	1942910	1957	18	0.0001701377	0.000000044382
18	1942911	3891657	4165	18	0.0000695749	0.000000042013
18	3891658	5834179	3736	18	0.0002486591	0.000000046231
18	5834180	7090484	2184	18	0.0001161252	0.000000043109
18	7090485	8498930	2310	18	0.0002298358	0.000000045788
18	8498931	11075912	5597	18	0.0001107615	0.000000042983
18	11075913	11905439	1429	18	0.0001303489	0.000000043444
18	11905440	14440798	4028	18	0.0005050422	0.000000052271
18	14440799	19485843	828	18	0.0001653641	0.000000027028
18	19485844	20649471	1548	18	0.0002998610	0.000000047437
18	20649472	22996650	3049	18	0.0002917312	0.000000047246
18	22996651	24026190	1242	18	0.0000613074	0.000000037914
18	24026191	25927681	2764	18	0.0001743913	0.000000044482
18	25927682	26875586	1238	18	0.0001413965	0.000000027811
18	26875587	27866477	1708	18	0.0003047177	0.000000040995
18	27866478	30264065	3863	18	0.0002353021	0.000000045917
18	30264066	31780066	1622	18	0.0001776446	0.000000041295
18	31780067	33861963	2695	18	0.0002647924	0.000000046611
18	33861964	35075249	1672	18	0.0001015222	0.000000042765
18	35075250	36365489	2052	18	0.0004129252	0.000000050101
18	36365490	37684366	1608	18	0.0003055810	0.000000042651
18	37684367	39892647	3483	18	0.0001881100	0.000000044805
18	39892648	42922105	4264	18	0.0001360046	0.000000043578
18	42922106	44299245	2416	18	0.0001835222	0.000000044697
18	44299246	45939731	2493	18	0.0002983941	0.000000047403
18	45939732	47730583	3065	18	0.0002940383	0.000000047300
18	47730584	51062184	5372	18	0.0000655206	0.000000041917
18	51062185	51554174	1214	18	-0.0000301414	0.000000016905
18	51554175	55213837	4592	18	0.0001855471	0.000000044745
18	55213838	56530219	2660	18	0.0004650865	0.000000051329
18	56530220	57630482	2299	18	0.0002633583	0.000000046578
18	57630483	59020750	1945	18	0.0003311563	0.000000048175
18	59020751	60277714	2342	18	0.0004151596	0.000000050153
18	60277715	61820251	2438	18	0.0001068202	0.000000042890
18	61820252	63463401	2783	18	0.0002142666	0.000000045421
18	63463402	64252800	1496	18	0.0001856188	0.000000034100
18	64252801	66125816	3645	18	0.0001975131	0.000000045027
18	66125817	67175819	1544	18	0.0001589602	0.000000044118
18	67175820	68621178	2140	18	0.0003478284	0.000000048567
18	68621179	69621617	2222	18	0.0002432855	0.000000046105
18	69621618	71038473	2870	18	0.0002859448	0.000000047110
18	71038474	71971461	2082	18	0.0000915537	0.000000042531
18	71971462	73526986	2390	18	0.0000524557	0.000000041610
18	73526987	74813814	2566	18	0.0001166974	0.000000043123
18	74813815	75976316	3037	18	0.0001768155	0.000000044539
18	75976317	77149990	2579	18	0.0004842849	0.000000051782
18	77149991	78017157	1912	18	0.0006222849	0.000000055032
19	80840	610728	616	18	0.0001385786	0.000000037271
19	610729	2098395	2370	18	0.0001720448	0.000000044427
19	2098396	3019659	1743	18	0.0001350773	0.000000043556
19	3019660	4348966	2357	18	0.0002327604	0.000000045857
19	4348967	5811851	2606	18	0.0004943634	0.000000052019
19	5811852	6684884	1383	18	0.0004868530	0.000000051842
19	6684885	8347512	3560	18	0.0003159561	0.000000047817
19	8347513	9238392	1455	18	0.0006416752	0.000000055489
19	9238393	11284027	3042	18	0.0008798251	0.000000061099
19	11284028	13471126	2574	18	0.0002294087	0.000000045778
19	13471127	14486346	1297	18	0.0000465545	0.000000041471
19	14486347	15648609	2272	18	0.0001293863	0.000000043422
19	15648610	16374415	2379	18	0.0001336231	0.000000043522
19	16374416	18409861	3408	18	0.0005417392	0.000000053135
19	18409862	19877470	1771	18	0.0005736790	0.000000053887
19	19877471	20905756	1816	18	0.0004319138	0.000000050548
19	20905757	22732895	4306	18	0.0002159999	0.000000045462
19	22732896	23467745	1570	18	0.0003691616	0.000000033907
19	23467746	28557892	2925	18	0.0001330494	0.000000043414
19	28557893	29790946	2877	18	0.0005354189	0.000000052986
19	29790947	30727953	1800	18	0.0001764030	0.000000044529
19	30727954	32746519	2521	18	0.0000463559	0.000000041466
19	32746520	34262951	2911	18	0.0000324350	0.000000041138
19	34262952	36469294	3430	18	0.0001774726	0.000000044555
19	36469295	37527032	1612	18	0.0006406738	0.000000048346
19	37527033	40170618	3648	18	0.0002285817	0.000000045758
19	40170619	40984600	994	18	0.0003139238	0.000000040940
19	40984601	42131572	1732	18	0.0001204063	0.000000043210
19	42131573	43862454	1969	18	0.0004630330	0.000000051281
19	43862455	44744107	1447	18	0.0004837647	0.000000051769
19	44744108	46102696	2181	18	0.0002643839	0.000000046602
19	46102697	47150081	1856	18	0.0003142708	0.000000047777
19	47150082	49282226	3385	18	0.0002088529	0.000000045294
19	49282227	51532566	3470	18	0.0001644535	0.000000044248
19	51532567	52985289	3042	18	0.0002252087	0.000000045679
19	52985290	54602361	4106	18	0.0000978011	0.000000042678
19	54602362	55728079	2294	18	0.0001482782	0.000000043867
19	55728080	57521334	3537	18	0.0003692334	0.000000049072
19	57521335	59118838	2778	18	0.0003897131	0.000000049554
20	60479	697599	1193	18	0.0002257292	0.000000045691
20	697600	2469500	3811	18	0.0002539145	0.000000046355
20	2469501	3828412	2377	18	0.0002318584	0.000000045836
20	3828413	5477849	3715	18	0.0002256272	0.000000045689
20	5477850	7084072	3104	18	0.0002792586	0.000000046952
20	7084073	8117010	1832	18	0.0001784405	0.000000044577
20	8117011	9730920	2835	18	0.0003700042	0.000000049090
20	9730921	11249535	2809	18	0.0002181068	0.000000045512
20	11249536	12447498	2180	18	0.0002994342	0.000000047333
20	12447499	13689863	2321	18	0.0001385867	0.000000043639
20	13689864	15958358	3653	18	0.0001662381	0.000000044290
20	15958359	17487231	3373	18	0.0001088835	0.000000042939
20	17487232	18972202	2920	18	0.0001487897	0.000000043879
20	18972203	20959709	2928	18	0.0001280057	0.000000043389
20	20959710	22491455	1762	18	0.0003215541	0.000000047854
20	22491456	23293789	1363	18	0.0002615491	0.000000045970
20	23293790	24717723	2627	18	0.0000680235	0.000000041976
20	24717724	25344230	1405	18	0.0002263723	0.000000033311
20	25344231	31614822	3089	18	0.0002595928	0.000000046489
20	31614823	32813440	1120	18	0.0000646870	0.000000038822
20	32813441	34960445	2002	18	0.0011454179	0.000000066786
20	34960446	36909529	2070	18	0.0006213801	0.000000055011
20	36909530	38436760	2096	18	0.0002811842	0.000000046998
20	38436761	39610855	1818	18	0.0001601365	0.000000044146
20	39610856	40585688	1163	18	0.0004703034	0.000000044163
20	40585689	41615459	1810	18	0.0001245306	0.000000043307
20	41615460	42680175	1610	18	0.0001832665	0.000000044691
20	42680176	44839055	3340	18	0.0006771700	0.000000056325
20	44839056	47199979	3955	18	0.0003419545	0.000000048429
20	47199980	49239657	3480	18	0.0004517982	0.000000051016
20	49239658	52472548	5722	18	0.0003731802	0.000000049165
20	52472549	54055265	2686	18	0.0003908590	0.000000049581
20	54055266	56447958	4551	18	0.0003602384	0.000000048860
20	56447959	58406571	2998	18	0.0003540760	0.000000048715
20	58406572	59561723	1831	18	0.0003289363	0.000000048122
20	59561724	61301854	3839	18	0.0000671887	0.000000041957
20	61301855	62190179	2019	18	0.0000893219	0.000000042478
20	62190180	62965162	1374	18	0.0006178053	0.000000054927
21	9411243	15950981	1627	18	0.0004306024	0.000000050517
21	15950982	18053164	2837	18	0.0001779477	0.000000044566
21	18053165	19480374	2500	18	0.0002219607	0.000000045602
21	19480375	20962338	3212	18	0.0003209515	0.000000047934
21	20962339	22072763	2398	18	0.0001510101	0.000000043931
21	22072764	23362874	2728	18	0.0001308842	0.000000043457
21	23362875	24696230	2323	18	0.0002690029	0.000000046711
21	24696231	26469121	3822	18	0.0002318249	0.000000045835
21	26469122	27271018	1142	18	0.0004540359	0.000000039433
21	27271019	29125225	3857	18	0.0004576991	0.000000051155
21	29125226	31197024	3560	18	0.0002717608	0.000000046776
21	31197025	32668641	2476	18	0.0001519068	0.000000043952
21	32668642	34376998	2938	18	0.0002523128	0.000000046317
21	34376999	35225464	1183	18	0.0009162147	0.000000061956
21	35225465	36524372	2172	18	0.0005255994	0.000000052755
21	36524373	37870778	2445	18	0.0007408816	0.000000057826
21	37870779	38711703	1500	18	0.0003728946	0.000000049158
21	38711704	40482901	3252	18	0.0000093023	0.000000040593
21	40482902	41389526	2205	18	0.0003069272	0.000000047604
21	41389527	43321527	4224	18	0.0001970232	0.000000045015
21	43321528	44506267	2906	18	0.0003584527	0.000000048818
21	44506268	46177104	2945	18	0.0005908674	0.000000054292
21	46177105	47492225	2795	18	0.0002532708	0.000000046340
21	47492226	48119751	1353	18	0.0002120005	0.000000045274
22	16050408	17674294	910	18	0.0000860121	0.000000040343
22	17674295	18296087	1276	18	0.0003475023	0.000000048560
22	18296088	19912357	2573	18	0.0003800566	0.000000049327
22	19912358	22357324	2663	18	0.0006055952	0.000000054639
22	22357325	23712646	2289	18	0.0003221172	0.000000047962
22	23712647	24984203	1822	18	0.0002663100	0.000000046647
22	24984204	26791627	3055	18	0.0002697976	0.000000046729
22	26791628	27834751	2448	18	0.0000387993	0.000000041288
22	27834752	29651798	2140	18	0.0002031699	0.000000045160
22	29651799	31439917	2415	18	0.0006574954	0.000000055862
22	31439918	32664985	1410	18	0.0001179422	0.000000040815
22	32664986	34494913	3566	18	0.0000529662	0.000000041622
22	34494914	35530984	2300	18	0.0001230300	0.000000043272
22	35530985	37570268	3634	18	0.0004017395	0.000000049837
22	37570269	39307893	2511	18	0.0004195955	0.000000050258
22	39307894	40545796	1648	18	0.0008156845	0.000000059588
22	40545797	42690817	2338	18	0.0002462905	0.000000046176
22	42690818	43714199	2124	18	0.0003227288	0.000000047976
22	43714200	44995307	2823	18	0.0000780961	0.000000042214
22	44995308	46470494	3003	18	0.0001579172	0.000000044094
22	46470495	47596317	2397	18	0.0000502807	0.000000041558
22	47596318	48903702	2975	18	0.0003406740	0.000000048399
22	48903703	49824533	3490	18	0.0000830015	0.000000042329
22	49824534	51243297	2645	18	0.0004039804	0.000000049890
