chr	start	end	num_snp	k	local_h2g	var
1	10583	1892606	182	14	0.0000709614	0.000000188581
1	1892607	3582735	849	14	0.0002923086	0.000000513243
1	3582736	4380810	581	14	-0.0000907841	0.000000313135
1	4380811	5913892	1938	14	-0.0000132100	0.000000354436
1	5913893	7247334	761	14	0.0000021250	0.000000341320
1	7247335	9365198	1325	14	0.0000639135	0.000000360333
1	9365199	10806983	566	14	0.0002228125	0.000000284808
1	10806984	11777840	428	14	0.0001658644	0.000000277104
1	11777841	12779465	476	14	0.0002742701	0.000000334215
1	12779466	14891510	1248	14	0.0001712139	0.000000375068
1	14891511	16897729	1198	14	0.0001047758	0.000000387389
1	16897730	18662898	1199	14	0.0000765349	0.000000380294
1	18662899	20469148	1293	14	0.0001433299	0.000000406245
1	20469149	21736587	829	14	0.0001258750	0.000000355417
1	21736588	23086882	975	14	0.0000174678	0.000000370670
1	23086883	23920589	370	14	0.0000651221	0.000000150915
1	23920590	25516844	941	14	0.0001372760	0.000000380209
1	25516845	27401866	686	14	0.0005003040	0.000000273368
1	27401867	30161880	991	14	-0.0001401974	0.000000355639
1	30161881	32438684	1975	14	0.0000878950	0.000000359086
1	32438685	34799757	1224	14	0.0000610049	0.000000357773
1	34799758	37549182	1043	14	-0.0001144334	0.000000370416
1	37549183	38731846	639	14	0.0001080566	0.000000293026
1	38731847	40200566	773	14	0.0001054771	0.000000374582
1	40200567	41975326	1043	14	0.0002780313	0.000000356727
1	41975327	43758456	1149	14	0.0001016911	0.000000349608
1	43758457	44969182	647	14	0.0002927051	0.000000241763
1	44969183	46899500	832	14	0.0004679352	0.000000232666
1	46899501	48002575	546	14	0.0004789728	0.000000199426
1	48002576	48978187	579	14	0.0002414637	0.000000245982
1	48978188	49894176	472	14	0.0002698359	0.000000161623
1	49894177	51713725	496	14	0.0000318449	0.000000115677
1	51713726	54226261	1009	14	0.0003252055	0.000000366569
1	54226262	56413116	1515	14	0.0002294561	0.000000379212
1	56413117	57021727	543	14	0.0002950105	0.000000172898
1	57021728	58865398	1625	14	0.0000105052	0.000000360041
1	58865399	59890408	808	14	0.0001382583	0.000000268440
1	59890409	61922364	1253	14	-0.0000843609	0.000000351103
1	61922365	63455088	1021	14	0.0001462770	0.000000389060
1	63455089	65041703	1386	14	0.0000361886	0.000000347424
1	65041704	66939403	1376	14	-0.0000347257	0.000000324439
1	66939404	68477894	1386	14	0.0002082845	0.000000341074
1	68477895	69687615	787	14	-0.0000288110	0.000000263429
1	69687616	71372469	1163	14	-0.0000448132	0.000000354246
1	71372470	71684404	182	13	0.0001274115	0.000000047646
1	71684405	74326906	1638	14	0.0001563144	0.000000335014
1	74326907	76728134	1716	14	-0.0000747665	0.000000333316
1	76728135	79661197	2039	14	-0.0000314922	0.000000352700
1	79661198	81354190	1241	14	0.0000314760	0.000000349401
1	81354191	83991747	2259	14	0.0000281906	0.000000362492
1	83991748	84844494	589	14	-0.0000859220	0.000000167690
1	84844495	86454750	1326	14	0.0000197873	0.000000345696
1	86454751	88128630	1185	14	-0.0000434930	0.000000353075
1	88128631	90066302	1052	14	0.0001788143	0.000000361252
1	90066303	91886316	1095	14	0.0002368839	0.000000374118
1	91886317	93536458	1096	14	0.0000999706	0.000000309918
1	93536459	94506190	546	14	0.0000922884	0.000000143443
1	94506191	96150892	1171	14	0.0001428614	0.000000362508
1	96150893	97885248	1180	14	0.0001638001	0.000000343608
1	97885249	99800603	1322	14	-0.0000543760	0.000000343628
1	99800604	100826404	672	14	0.0000065102	0.000000170964
1	100826405	102041015	922	14	-0.0000448181	0.000000273898
1	102041016	102898744	702	14	0.0001781872	0.000000206294
1	102898745	103914210	624	14	0.0001704899	0.000000120756
1	103914211	106087841	1298	14	0.0001432535	0.000000368383
1	106087842	108409664	1716	14	-0.0000000832	0.000000358486
1	108409665	110303930	1090	14	0.0002580158	0.000000400001
1	110303931	111741736	1025	14	0.0001637259	0.000000392652
1	111741737	113273305	1369	14	0.0001006203	0.000000360874
1	113273306	114873844	929	14	0.0001806029	0.000000375867
1	114873845	115880592	603	14	0.0001346037	0.000000201824
1	115880593	118839066	1736	14	0.0002663374	0.000000389091
1	118839067	144977493	1240	14	0.0002537538	0.000000358061
1	144977494	148361252	846	14	0.0002923083	0.000000308372
1	148361253	151538880	574	14	0.0002101174	0.000000189388
1	151538881	153180828	1046	14	-0.0000338764	0.000000256339
1	153180829	154770402	805	14	0.0003585563	0.000000338267
1	154770403	156336132	486	14	0.0003455061	0.000000244315
1	156336133	158027411	1233	14	0.0001619704	0.000000379577
1	158027412	159913047	1397	14	0.0001960341	0.000000398562
1	159913048	162346720	1651	14	0.0003823322	0.000000399643
1	162346721	165191701	2523	14	0.0000233982	0.000000358182
1	165191702	166460516	1064	14	0.0000462750	0.000000362373
1	166460517	169086323	2133	14	0.0001210463	0.000000384434
1	169086324	170557775	1421	14	0.0000076978	0.000000306418
1	170557776	173097906	1775	14	0.0003620462	0.000000372004
1	173097907	175089767	774	14	0.0002619402	0.000000186164
1	175089768	177433380	1639	14	0.0002247183	0.000000371860
1	177433381	178944308	976	14	0.0001368206	0.000000300399
1	178944309	178954469	3	1	-0.0000269067	0.000000004457
1	178954470	181144120	1570	14	0.0000330570	0.000000337568
1	181144121	182755355	1158	14	0.0000567575	0.000000361703
1	182755356	184595512	1343	14	0.0000342964	0.000000362442
1	184595513	186810022	956	14	0.0001904984	0.000000330399
1	186810023	188759944	1596	14	0.0000223526	0.000000349080
1	188759945	189904129	658	14	0.0000348057	0.000000121052
1	189904130	191868929	1587	14	0.0002205559	0.000000312490
1	191868930	194107441	1418	14	0.0000600567	0.000000361675
1	194107442	196176200	1691	14	0.0000458072	0.000000351418
1	196176201	197311513	515	14	0.0001196265	0.000000118904
1	197311514	199239883	1083	14	0.0003059731	0.000000360176
1	199239884	200137648	678	14	0.0003248473	0.000000224893
1	200137649	201589974	1293	14	-0.0000458195	0.000000365371
1	201589975	203334733	1098	14	-0.0000895540	0.000000387128
1	203334734	204681067	891	14	0.0001438672	0.000000389140
1	204681068	206073264	1092	14	0.0003722326	0.000000386294
1	206073265	208410363	1242	14	0.0002426528	0.000000382795
1	208410364	210787749	1831	14	0.0003023420	0.000000379006
1	210787750	212842329	1342	14	0.0000632971	0.000000359226
1	212842330	214578265	1137	14	0.0002259316	0.000000380482
1	214578266	216243633	1333	14	0.0003439380	0.000000365185
1	216243634	218705512	2395	14	0.0002002123	0.000000356739
1	218705513	219590570	692	14	0.0002124423	0.000000215853
1	219590571	221858230	1586	14	0.0001516866	0.000000350742
1	221858231	222230219	352	14	-0.0000004183	0.000000120446
1	222230220	224938519	1122	14	0.0002941961	0.000000439027
1	224938520	226810859	970	14	-0.0000192842	0.000000365078
1	226810860	229156247	1523	14	0.0000661346	0.000000374287
1	229156248	230685254	957	14	0.0001933999	0.000000409161
1	230685255	232090251	1101	14	0.0003597536	0.000000402343
1	232090252	233429283	1172	14	0.0000859707	0.000000386422
1	233429284	234599433	1096	14	-0.0000055827	0.000000380260
1	234599434	235819435	757	14	0.0003183045	0.000000431964
1	235819436	237555627	1431	14	0.0000121247	0.000000379948
1	237555628	238567806	927	14	0.0001485223	0.000000374556
1	238567807	239925313	1159	14	0.0000328521	0.000000351492
1	239925314	240564090	700	14	0.0000696208	0.000000283880
1	240564091	241582219	982	14	0.0000048539	0.000000405935
1	241582220	242071601	404	14	0.0001605962	0.000000182787
1	242071602	244109498	1218	14	-0.0000587017	0.000000371451
1	244109499	245506745	970	14	-0.0000440366	0.000000417393
1	245506746	247344517	1485	14	0.0000293386	0.000000392804
1	247344518	249239465	893	14	0.0000414199	0.000000382006
2	10133	1781021	1409	14	-0.0001042245	0.000000341050
2	1781022	3973778	1901	14	0.0000162078	0.000000362370
2	3973779	5708336	1460	14	-0.0000979389	0.000000338965
2	5708337	6836253	1309	14	0.0002086191	0.000000353661
2	6836254	8422146	1367	14	0.0000162260	0.000000337797
2	8422147	10298468	1392	14	0.0000930349	0.000000370532
2	10298469	12419149	1930	14	0.0000219976	0.000000368033
2	12419150	14335307	1621	14	0.0002623660	0.000000348057
2	14335308	16329734	1792	14	-0.0000102388	0.000000324431
2	16329735	18647422	1899	14	-0.0000775043	0.000000337331
2	18647423	19692403	813	14	0.0000940121	0.000000267873
2	19692404	21050489	1320	14	0.0000469514	0.000000344078
2	21050490	23341382	1406	14	0.0004345066	0.000000364034
2	23341383	24686917	878	14	0.0007426785	0.000000344940
2	24686918	26894984	1073	14	0.0004861846	0.000000377091
2	26894985	28598776	730	14	0.0003090524	0.000000245906
2	28598777	29217558	474	14	0.0003586625	0.000000207275
2	29217559	30463710	1211	14	0.0000229073	0.000000344123
2	30463711	31550449	1185	14	0.0000809842	0.000000348873
2	31550450	33363776	838	14	0.0002355435	0.000000363164
2	33363777	35345027	1823	14	-0.0000305668	0.000000335890
2	35345028	36122005	879	14	0.0002096087	0.000000245054
2	36122006	38132711	1929	14	-0.0000575025	0.000000337869
2	38132712	39031336	643	14	0.0000480171	0.000000295501
2	39031337	40281482	642	14	0.0002086088	0.000000250117
2	40281483	43309589	2881	14	0.0000682129	0.000000322489
2	43309590	44313802	855	14	0.0003792228	0.000000358524
2	44313803	46482633	2026	14	0.0002199590	0.000000366146
2	46482634	47318771	798	14	-0.0000353423	0.000000349860
2	47318772	48213000	530	14	0.0000527941	0.000000346541
2	48213001	50022256	1561	14	-0.0000151327	0.000000325800
2	50022257	50818927	833	14	-0.0001167078	0.000000226039
2	50818928	52491132	1694	14	0.0003753661	0.000000350193
2	52491133	53508451	1141	14	0.0003440517	0.000000347513
2	53508452	54685225	897	14	0.0000461684	0.000000328840
2	54685226	56203344	1244	14	0.0002262837	0.000000334764
2	56203345	57429099	994	14	0.0000027215	0.000000293498
2	57429100	58297314	675	14	0.0000137848	0.000000192675
2	58297315	60291999	1359	14	0.0005281063	0.000000357880
2	60292000	62429043	1062	14	0.0010402896	0.000000390193
2	62429044	64625912	1156	14	0.0002302331	0.000000341776
2	64625913	65933443	896	14	0.0003124672	0.000000358314
2	65933444	67226165	1163	14	0.0000300576	0.000000331438
2	67226166	68010175	949	14	0.0000945531	0.000000282905
2	68010176	69139563	1062	14	0.0001667702	0.000000355487
2	69139564	70755197	991	14	0.0000972120	0.000000321631
2	70755198	73174847	1826	14	0.0001016642	0.000000358582
2	73174848	75630085	1499	14	0.0000807315	0.000000361261
2	75630086	76913660	1097	14	0.0000826069	0.000000324701
2	76913661	78079263	942	14	-0.0001604957	0.000000348017
2	78079264	80050402	2057	14	-0.0000333422	0.000000320623
2	80050403	81620840	1152	14	0.0003526186	0.000000357528
2	81620841	85140679	2454	14	-0.0000894737	0.000000309579
2	85140680	88038506	1255	14	0.0001776611	0.000000350951
2	88038507	89154525	452	14	0.0001289350	0.000000150396
2	89154526	95326451	52	5	0.0000725842	0.000000062656
2	95326452	98995200	878	14	0.0001429155	0.000000314339
2	98995201	101822328	1934	14	0.0000484908	0.000000309621
2	101822329	102688764	614	14	0.0000017277	0.000000160558
2	102688765	103588214	982	14	0.0002649706	0.000000213587
2	103588215	105125033	810	14	0.0000691012	0.000000231909
2	105125034	106210057	875	14	-0.0000287853	0.000000292329
2	106210058	107408266	971	14	-0.0000639166	0.000000332372
2	107408267	108429176	949	14	-0.0001364827	0.000000202775
2	108429177	110572431	1169	14	-0.0000176943	0.000000337048
2	110572432	113921855	1464	14	0.0005485558	0.000000362794
2	113921856	116772469	1717	14	0.0001462505	0.000000344920
2	116772470	118367465	1057	14	0.0000643983	0.000000240559
2	118367466	121303782	2077	14	0.0002604319	0.000000360597
2	121303783	123302905	1259	14	0.0002224624	0.000000383578
2	123302906	124732249	1205	14	0.0002631651	0.000000262365
2	124732250	125840920	901	14	0.0001146048	0.000000268981
2	125840921	127373763	1095	14	-0.0000230386	0.000000216541
2	127373764	128034346	626	14	-0.0000097517	0.000000231522
2	128034347	129474440	862	14	0.0001441315	0.000000325940
2	129474441	130067169	483	14	0.0004584116	0.000000169065
2	130067170	130658084	479	14	0.0002591842	0.000000152532
2	130658085	133042783	551	14	0.0002951814	0.000000329298
2	133042784	135158577	1782	14	0.0001178018	0.000000352112
2	135158578	137042793	872	14	-0.0000109050	0.000000244018
2	137042794	138698116	1261	14	0.0000429840	0.000000347606
2	138698117	140100270	1047	14	0.0000949737	0.000000245585
2	140100271	141805350	1430	14	0.0001917837	0.000000358245
2	141805351	142518601	728	14	0.0001677653	0.000000214731
2	142518602	144519483	1517	14	0.0000054627	0.000000336952
2	144519484	146445569	890	14	0.0001442800	0.000000303310
2	146445570	147277161	387	14	0.0001430761	0.000000111494
2	147277162	150210291	1518	14	0.0003510524	0.000000353404
2	150210292	151731461	1064	14	0.0003052030	0.000000367222
2	151731462	152486781	584	14	0.0001359280	0.000000163811
2	152486782	154005055	1057	14	0.0000327623	0.000000320970
2	154005056	155391134	1176	14	-0.0000646533	0.000000335100
2	155391135	157560634	1251	14	-0.0000238780	0.000000336733
2	157560635	158533217	353	14	0.0001543662	0.000000150001
2	158533218	159577081	733	14	0.0000663197	0.000000243875
2	159577082	161769732	1407	14	0.0003610073	0.000000356622
2	161769733	163503550	731	14	0.0000698136	0.000000205342
2	163503551	164466637	543	14	0.0000821148	0.000000156842
2	164466638	165178839	423	14	0.0000026169	0.000000129928
2	165178840	167160269	1398	14	0.0001676144	0.000000333885
2	167160270	167355969	176	13	-0.0000139166	0.000000044455
2	167355970	169968235	1691	14	-0.0000026438	0.000000331088
2	169968236	171226244	997	14	0.0000704474	0.000000344966
2	171226245	173138904	1053	14	0.0003768679	0.000000367041
2	173138905	175588928	1660	14	0.0001026277	0.000000350933
2	175588929	177363635	1015	14	0.0001957926	0.000000354682
2	177363636	178553182	1048	14	0.0001130910	0.000000293294
2	178553183	181312738	2237	14	-0.0000485335	0.000000331432
2	181312739	182266030	716	14	0.0002907469	0.000000201571
2	182266031	184357607	1337	14	0.0000294036	0.000000350569
2	184357608	185280172	636	14	0.0001922541	0.000000167628
2	185280173	189882064	2563	14	0.0002313869	0.000000353158
2	189882065	191973356	1087	14	0.0002820713	0.000000318100
2	191973357	195861163	1734	14	0.0000741384	0.000000366445
2	195861164	196447455	348	14	0.0001663519	0.000000116064
2	196447456	198078109	901	14	-0.0000279310	0.000000224131
2	198078110	199311124	623	14	0.0000504336	0.000000150953
2	199311125	201576283	1273	14	0.0001961894	0.000000335623
2	201576284	202818636	530	14	0.0001361406	0.000000211073
2	202818637	205799240	1389	14	0.0003623362	0.000000371943
2	205799241	206735703	684	14	-0.0001001718	0.000000368387
2	206735704	208645398	1205	14	0.0000768879	0.000000355569
2	208645399	209941528	741	14	0.0003076628	0.000000277457
2	209941529	212379517	1724	14	-0.0000777056	0.000000323442
2	212379518	214014281	1473	14	0.0000920738	0.000000350148
2	214014282	215573794	1066	14	0.0001152671	0.000000314685
2	215573795	217715660	1548	14	-0.0000563056	0.000000354361
2	217715661	218395479	534	14	-0.0001322053	0.000000219826
2	218395480	220454550	938	14	0.0002181444	0.000000391342
2	220454551	222521175	1864	14	-0.0000252104	0.000000351631
2	222521176	224859418	1718	14	-0.0000072796	0.000000368148
2	224859419	225840003	762	14	0.0001795284	0.000000215848
2	225840004	228119841	1627	14	0.0001812588	0.000000357136
2	228119842	229370786	953	14	0.0001118581	0.000000313502
2	229370787	231843388	1897	14	0.0000680037	0.000000361484
2	231843389	233550002	825	14	-0.0001540125	0.000000368583
2	233550003	235150986	1489	14	-0.0000318928	0.000000347797
2	235150987	236043549	793	14	-0.0000938432	0.000000390229
2	236043550	237449031	918	14	-0.0000547415	0.000000346501
2	237449032	238760980	1098	14	0.0000813378	0.000000354037
2	238760981	239952642	857	14	-0.0000612817	0.000000370974
2	239952643	241560083	1271	14	-0.0000439594	0.000000401314
2	241560084	242149920	386	14	0.0000485193	0.000000170165
2	242149921	243188919	272	14	0.0001326395	0.000000140110
3	60157	1441778	1268	14	-0.0000360972	0.000000371085
3	1441779	2992119	1747	14	0.0000524262	0.000000376652
3	2992120	4431646	1564	14	0.0000243667	0.000000374026
3	4431647	6083182	1517	14	-0.0000244695	0.000000385490
3	6083183	7083386	944	14	-0.0000999132	0.000000363682
3	7083387	8648560	1788	14	-0.0000747142	0.000000333783
3	8648561	9543182	859	14	0.0001314466	0.000000421702
3	9543183	11019664	1003	14	-0.0000253422	0.000000381310
3	11019665	13070798	1365	14	0.0002638673	0.000000399543
3	13070799	14816899	1483	14	0.0000595087	0.000000387210
3	14816900	16282441	1025	14	0.0005373412	0.000000405248
3	16282442	17891117	1060	14	0.0001758676	0.000000349015
3	17891118	19125143	779	14	0.0002392910	0.000000268358
3	19125144	20091347	349	14	0.0001724714	0.000000156170
3	20091348	21643706	1372	14	0.0002544601	0.000000360252
3	21643707	22204243	915	14	0.0000386882	0.000000372121
3	22204244	23804864	1191	14	0.0001140180	0.000000350369
3	23804865	25461557	1460	14	0.0001884448	0.000000364475
3	25461558	26877768	1004	14	0.0000827352	0.000000355450
3	26877769	27840909	664	14	0.0000127454	0.000000207519
3	27840910	29142259	959	14	0.0001428982	0.000000349683
3	29142260	30717954	1389	14	0.0002127429	0.000000375185
3	30717955	32351714	1305	14	0.0000572302	0.000000360815
3	32351715	33255591	475	14	0.0002867486	0.000000273258
3	33255592	35283457	1273	14	0.0000711237	0.000000350784
3	35283458	36486841	905	14	0.0000644064	0.000000287150
3	36486842	38356115	1075	14	0.0003051470	0.000000376918
3	38356116	40221297	1336	14	-0.0000488858	0.000000357946
3	40221298	41064527	320	14	0.0000092738	0.000000111014
3	41064528	42540001	1039	14	0.0000036170	0.000000351876
3	42540002	45165152	1302	14	-0.0000275503	0.000000347954
3	45165153	46657499	1085	14	-0.0000324230	0.000000354557
3	46657500	47727211	312	14	0.0003288843	0.000000121576
3	47727212	49316971	365	14	0.0002915782	0.000000095531
3	49316972	51832014	686	14	0.0001087915	0.000000136950
3	51832015	54081389	1041	14	0.0004729841	0.000000385569
3	54081390	55348859	1165	14	0.0000566373	0.000000362553
3	55348860	56433906	742	14	0.0002861452	0.000000296585
3	56433907	58157518	992	14	0.0001520331	0.000000347841
3	58157519	60272905	1848	14	0.0001322412	0.000000360748
3	60272906	62355665	1847	14	-0.0001052554	0.000000352524
3	62355666	63669285	1314	14	0.0000581390	0.000000356756
3	63669286	65273537	1380	14	0.0002375442	0.000000365332
3	65273538	66270446	609	14	0.0003703015	0.000000379797
3	66270447	68286913	1423	14	0.0000182963	0.000000355667
3	68286914	69276761	717	14	0.0000087218	0.000000304534
3	69276762	70449027	872	14	0.0000147478	0.000000348450
3	70449028	72529328	1442	14	0.0000132318	0.000000354129
3	72529329	74321816	1490	14	0.0000173532	0.000000345501
3	74321817	75704948	637	14	-0.0001040400	0.000000239356
3	75704949	77508834	1164	14	-0.0000578087	0.000000353690
3	77508835	79024540	942	14	0.0001251023	0.000000336074
3	79024541	81427309	1337	14	-0.0000229402	0.000000288252
3	81427310	82643885	732	14	0.0000952482	0.000000171218
3	82643886	84367478	899	14	-0.0000242975	0.000000214608
3	84367479	85582230	666	14	0.0000783310	0.000000162775
3	85582231	87409731	1296	14	0.0000985603	0.000000261149
3	87409732	88298372	530	14	0.0002831006	0.000000114809
3	88298373	94255315	1272	14	-0.0000425647	0.000000299003
3	94255316	95311970	783	14	0.0002429137	0.000000146202
3	95311971	98215949	1628	14	0.0000982554	0.000000343606
3	98215950	99373761	843	14	-0.0001004266	0.000000209573
3	99373762	100592216	622	14	0.0003283200	0.000000189610
3	100592217	103084959	1507	14	0.0000574857	0.000000350392
3	103084960	104581612	1233	14	-0.0000796361	0.000000278784
3	104581613	106982810	1681	14	0.0000912137	0.000000362629
3	106982811	109522394	1780	14	0.0001331250	0.000000345585
3	109522395	110513769	731	14	0.0001341227	0.000000154436
3	110513770	112815698	1576	14	0.0001653419	0.000000364591
3	112815699	113947862	693	14	0.0001337938	0.000000242100
3	113947863	115447079	800	14	0.0001961818	0.000000356788
3	115447080	116800152	1093	14	-0.0000645775	0.000000356880
3	116800153	118530250	1387	14	0.0000475567	0.000000345072
3	118530251	120523054	1240	14	0.0001933127	0.000000362502
3	120523055	121974096	817	14	0.0001480002	0.000000181414
3	121974097	123517767	984	14	0.0000277450	0.000000351952
3	123517768	124936641	1194	14	0.0000106125	0.000000338260
3	124936642	126214942	964	14	0.0000910512	0.000000303113
3	126214943	128194860	1288	14	0.0000788693	0.000000360793
3	128194861	130244734	809	14	-0.0000726695	0.000000271111
3	130244735	131836515	1168	14	-0.0001402313	0.000000296065
3	131836516	133252172	1093	14	0.0001728064	0.000000315263
3	133252173	135456905	1691	14	0.0000386341	0.000000348244
3	135456906	137371082	891	14	-0.0000328300	0.000000224787
3	137371083	139954596	1656	14	0.0000597711	0.000000331810
3	139954597	141339096	864	14	0.0003157697	0.000000356869
3	141339097	143164627	1133	14	0.0003049089	0.000000372444
3	143164628	144410815	844	14	0.0001174956	0.000000270488
3	144410816	145664618	1094	14	0.0000595577	0.000000257799
3	145664619	146726628	893	14	0.0000854480	0.000000232961
3	146726629	149043236	1454	14	0.0001337882	0.000000367882
3	149043237	150252003	842	14	-0.0000883416	0.000000347391
3	150252004	151348729	681	14	0.0002806677	0.000000315661
3	151348730	153256570	1311	14	-0.0000174912	0.000000335211
3	153256571	154714217	998	14	0.0003261208	0.000000247844
3	154714218	156008699	710	14	0.0000222226	0.000000249269
3	156008700	157312027	945	14	0.0003264243	0.000000285722
3	157312028	159477889	1476	14	0.0000294502	0.000000332732
3	159477890	161524503	1278	14	0.0003501713	0.000000314884
3	161524504	163253204	1666	14	0.0002590406	0.000000287375
3	163253205	165055468	1219	14	0.0002299941	0.000000227844
3	165055469	167117428	1239	14	0.0004388444	0.000000319283
3	167117429	168580959	794	14	-0.0000326921	0.000000233299
3	168580960	170964908	1437	14	0.0001203154	0.000000349619
3	170964909	172295730	947	14	0.0000048623	0.000000382811
3	172295731	173477284	783	14	-0.0001102334	0.000000386398
3	173477285	175116538	1360	14	-0.0000411579	0.000000350000
3	175116539	176320286	863	14	0.0002213912	0.000000264872
3	176320287	178107164	1152	14	0.0000610552	0.000000369076
3	178107165	179374585	812	14	0.0001100170	0.000000273290
3	179374586	181511165	970	14	0.0003431044	0.000000344113
3	181511166	183769682	1247	14	0.0001846231	0.000000372154
3	183769683	185068254	764	14	-0.0000045238	0.000000379314
3	185068255	186890343	1066	14	0.0001547199	0.000000420025
3	186890344	188856213	1526	14	0.0000301496	0.000000367482
3	188856214	190226606	1425	14	0.0001426604	0.000000356598
3	190226607	192343813	1663	14	-0.0001097093	0.000000350242
3	192343814	194059670	819	14	0.0000621316	0.000000432445
3	194059671	194786673	456	14	0.0000808636	0.000000342163
3	194786674	195971407	373	14	0.0003579478	0.000000277576
3	195971408	197075986	428	14	-0.0000265451	0.000000246768
3	197075987	197946621	355	14	0.0001662802	0.000000176126
4	10240	694714	204	14	-0.0000169041	0.000000079702
4	694715	1478710	440	14	0.0001210944	0.000000186519
4	1478711	2842978	509	14	-0.0000058689	0.000000280867
4	2842979	3846039	523	14	0.0000442242	0.000000327697
4	3846040	4684115	473	14	-0.0000737419	0.000000288813
4	4684116	5502387	714	14	0.0002688204	0.000000371559
4	5502388	6773042	1157	14	-0.0000484701	0.000000431728
4	6773043	7539691	703	14	0.0000280664	0.000000442467
4	7539692	8152234	575	14	0.0001702663	0.000000399511
4	8152235	9326478	479	14	-0.0000664667	0.000000277392
4	9326479	10699151	1206	14	0.0003795053	0.000000357690
4	10699152	12323033	1436	14	0.0001143611	0.000000354526
4	12323034	14272000	1673	14	0.0002353074	0.000000355132
4	14272001	15147445	746	14	-0.0000096243	0.000000289649
4	15147446	15927008	516	14	0.0000487985	0.000000201324
4	15927009	17383321	1283	14	0.0002911815	0.000000363636
4	17383322	18841873	965	14	0.0000057336	0.000000339264
4	18841874	20544556	1180	14	-0.0000508358	0.000000298977
4	20544557	22319346	1455	14	-0.0000917543	0.000000337493
4	22319347	24135528	1307	14	0.0002614933	0.000000363773
4	24135529	25609321	1109	14	-0.0000754806	0.000000358629
4	25609322	27343721	1056	14	0.0001446110	0.000000392351
4	27343722	27965867	493	14	0.0000248659	0.000000174562
4	27965868	29762207	1449	14	-0.0000594353	0.000000342778
4	29762208	30454534	395	14	0.0000047878	0.000000126056
4	30454535	31782980	960	14	-0.0000784390	0.000000340435
4	31782981	33172765	857	14	-0.0001794053	0.000000237509
4	33172766	35151414	980	14	0.0002800941	0.000000209993
4	35151415	36020435	805	14	0.0001765775	0.000000200563
4	36020436	37255046	1098	14	0.0001082768	0.000000284415
4	37255047	38907021	1432	14	0.0006425078	0.000000418091
4	38907022	40202608	696	14	0.0005908655	0.000000313459
4	40202609	42213057	1315	14	0.0000948420	0.000000375115
4	42213058	43965044	1225	14	0.0001602104	0.000000342186
4	43965045	45189156	936	14	0.0004370867	0.000000236496
4	45189157	47411895	1176	14	0.0000647268	0.000000321262
4	47411896	48123599	489	14	-0.0000797061	0.000000116096
4	48123600	53877432	937	14	0.0000246956	0.000000260181
4	53877433	55429555	1029	14	0.0017186477	0.000000435789
4	55429556	56547643	787	14	0.0004992211	0.000000337987
4	56547644	58935007	1700	14	0.0000102325	0.000000355515
4	58935008	60741086	1268	14	0.0000413068	0.000000340177
4	60741087	62371762	1103	14	-0.0000166983	0.000000302958
4	62371763	64341000	1131	14	-0.0000259890	0.000000357844
4	64341001	66600491	1340	14	-0.0000898964	0.000000355981
4	66600492	68059496	940	14	0.0000959762	0.000000280505
4	68059497	68854764	542	14	-0.0000228250	0.000000159772
4	68854765	71049151	1259	14	0.0001628727	0.000000324833
4	71049152	72140557	535	14	0.0000305741	0.000000132695
4	72140558	74592389	1097	14	0.0001241326	0.000000330290
4	74592390	77130706	1537	14	0.0000206356	0.000000345327
4	77130707	79093978	1401	14	0.0000325926	0.000000364023
4	79093979	80990296	1235	14	0.0001039351	0.000000344915
4	80990297	82125314	522	14	0.0001827230	0.000000171306
4	82125315	83372592	789	14	0.0001495671	0.000000292786
4	83372593	84799655	931	14	0.0001489355	0.000000361401
4	84799656	86930608	1309	14	0.0001472235	0.000000362865
4	86930609	87534647	283	14	0.0003263776	0.000000090901
4	87534648	89238027	1124	14	0.0004111049	0.000000364336
4	89238028	90231563	644	14	0.0003440440	0.000000282117
4	90231564	91560676	814	14	0.0001336530	0.000000266693
4	91560677	94233298	1273	14	-0.0000162597	0.000000348578
4	94233299	96182187	1330	14	0.0000386224	0.000000344462
4	96182188	97540702	1200	14	0.0000450977	0.000000356201
4	97540703	99424066	1064	14	0.0001366071	0.000000238789
4	99424067	100678359	840	14	0.0003370634	0.000000310447
4	100678360	103221355	1720	14	0.0001128586	0.000000367667
4	103221356	105305293	1132	14	0.0002796237	0.000000324742
4	105305294	107501304	1229	14	-0.0001279199	0.000000345346
4	107501305	108815347	793	14	0.0000035125	0.000000214315
4	108815348	111256566	1550	14	0.0002355094	0.000000361790
4	111256567	113870101	1487	14	0.0000884058	0.000000341154
4	113870102	115666245	1189	14	0.0001050928	0.000000366339
4	115666246	117276928	939	14	0.0001161635	0.000000192584
4	117276929	118479917	1069	14	0.0000903570	0.000000263741
4	118479918	119933511	1136	14	-0.0000722876	0.000000252830
4	119933512	120392683	321	14	-0.0000488189	0.000000068643
4	120392684	122657986	1670	14	-0.0000484810	0.000000351460
4	122657987	124286480	893	14	0.0002011402	0.000000232425
4	124286481	125210861	529	14	0.0001204393	0.000000195366
4	125210862	126480885	880	14	0.0002436489	0.000000290984
4	126480886	127275476	589	14	0.0000162017	0.000000180271
4	127275477	127830292	446	14	0.0001156972	0.000000145535
4	127830293	128996664	459	14	0.0002562297	0.000000121024
4	128996665	130591884	957	14	0.0000395161	0.000000327216
4	130591885	131283820	478	14	0.0001287738	0.000000157018
4	131283821	132954032	973	14	0.0001499195	0.000000295849
4	132954033	134628433	1171	14	0.0002138865	0.000000283264
4	134628434	136566406	1197	14	0.0002226323	0.000000307602
4	136566407	138541970	1321	14	0.0000735531	0.000000364962
4	138541971	139556510	756	14	0.0001847015	0.000000277204
4	139556511	141084630	864	14	-0.0000006759	0.000000376675
4	141084631	143443264	1537	14	0.0002076933	0.000000361800
4	143443265	146178186	1214	14	0.0002817340	0.000000330150
4	146178187	148521872	1246	14	0.0000165246	0.000000349173
4	148521873	150683579	1183	14	0.0001744394	0.000000371775
4	150683580	152782183	952	14	0.0006470543	0.000000290793
4	152782184	154477640	880	14	-0.0000038221	0.000000372374
4	154477641	155056125	411	14	-0.0000249050	0.000000159077
4	155056126	157485096	1733	14	-0.0000868000	0.000000365919
4	157485097	158743717	706	14	0.0000311888	0.000000236570
4	158743718	161058863	1150	14	-0.0000709198	0.000000327613
4	161058864	161826434	625	14	0.0000453629	0.000000212072
4	161826435	163243678	1101	14	0.0001181618	0.000000349840
4	163243679	164478233	776	14	-0.0000057450	0.000000263268
4	164478234	165823447	999	14	0.0000441750	0.000000362539
4	165823448	167018857	751	14	0.0001166609	0.000000356817
4	167018858	167852916	512	14	0.0001060987	0.000000147781
4	167852917	169676824	1275	14	0.0001573796	0.000000367328
4	169676825	170776509	562	14	0.0001749914	0.000000227887
4	170776510	172558634	1084	14	0.0000138171	0.000000320764
4	172558635	174264131	948	14	0.0001895766	0.000000311017
4	174264132	176570715	1401	14	-0.0000367518	0.000000377880
4	176570716	178991909	1800	14	-0.0000239799	0.000000360186
4	178991910	180122042	817	14	0.0000241370	0.000000334501
4	180122043	182066806	1741	14	-0.0000143539	0.000000371368
4	182066807	183371274	1356	14	-0.0000420622	0.000000357510
4	183371275	184929454	1069	14	0.0002129730	0.000000454643
4	184929455	186909089	1527	14	0.0001971139	0.000000409016
4	186909090	188472980	1152	14	0.0001560558	0.000000395812
4	188472981	189693510	845	14	-0.0000041728	0.000000421522
4	189693511	191043593	717	14	0.0000196683	0.000000421099
5	11940	982251	452	14	0.0002819417	0.000000224109
5	982252	2132441	896	14	0.0001558737	0.000000429466
5	2132442	3361940	1675	14	0.0000324931	0.000000382403
5	3361941	4632109	1156	14	0.0002542024	0.000000392329
5	4632110	5973232	1511	14	0.0000529878	0.000000361127
5	5973233	7143217	1199	14	-0.0000738879	0.000000351138
5	7143218	8446335	1274	14	-0.0000103004	0.000000343516
5	8446336	9718831	1342	14	0.0001148286	0.000000367401
5	9718832	11173270	1440	14	0.0000158096	0.000000357931
5	11173271	13464831	1255	14	0.0000044337	0.000000349459
5	13464832	14757803	1159	14	0.0004846654	0.000000371538
5	14757804	16963612	1433	14	0.0001257355	0.000000352589
5	16963613	18051591	586	14	0.0000443696	0.000000282776
5	18051592	19917715	1381	14	-0.0000499815	0.000000338715
5	19917716	22152072	1129	14	0.0001085731	0.000000311471
5	22152073	23494323	954	14	-0.0000120613	0.000000261168
5	23494324	26184850	1893	14	0.0002272078	0.000000352056
5	26184851	26857603	437	14	-0.0000781168	0.000000119167
5	26857604	27984512	612	14	0.0004363469	0.000000211169
5	27984513	29714819	1262	14	-0.0001991818	0.000000298469
5	29714820	31390248	1451	14	0.0000481688	0.000000338263
5	31390249	33500179	1436	14	0.0000912203	0.000000361807
5	33500180	35048969	1062	14	0.0004317913	0.000000397316
5	35048970	36433953	1038	14	0.0001557433	0.000000303849
5	36433954	38802409	1554	14	0.0000278647	0.000000352840
5	38802410	40287728	1178	14	0.0000618290	0.000000306471
5	40287729	41888709	1291	14	0.0002084186	0.000000278964
5	41888710	43983498	962	14	0.0004298594	0.000000248666
5	43983499	50163397	1047	14	0.0002758687	0.000000242388
5	50163398	52134621	1393	14	0.0000764596	0.000000324804
5	52134622	53703043	1362	14	0.0000212748	0.000000327162
5	53703044	55417348	1196	14	0.0002997265	0.000000366526
5	55417349	56621101	1009	14	-0.0000399567	0.000000358730
5	56621102	57340072	606	14	0.0000762593	0.000000166748
5	57340073	58524621	1203	14	0.0000955993	0.000000338104
5	58524622	60935906	1481	14	0.0001601551	0.000000333745
5	60935907	61672994	548	14	0.0000084117	0.000000146110
5	61672995	63218986	1093	14	-0.0000623043	0.000000259583
5	63218987	63968303	373	14	-0.0000429849	0.000000094945
5	63968304	65911285	1272	14	-0.0000637930	0.000000325286
5	65911286	67850859	1540	14	0.0002426541	0.000000366257
5	67850860	71240455	913	14	-0.0000095247	0.000000334555
5	71240456	73759325	1895	14	-0.0000544260	0.000000352350
5	73759326	75798865	1358	14	0.0001584565	0.000000368504
5	75798866	77623331	1365	14	0.0000969692	0.000000359714
5	77623332	79393143	1196	14	0.0001121715	0.000000345217
5	79393144	80481470	888	14	0.0005555886	0.000000382671
5	80481471	82025647	921	14	0.0000751094	0.000000343227
5	82025648	83972688	1079	14	0.0001703638	0.000000373157
5	83972689	85767289	1468	14	-0.0000261287	0.000000329393
5	85767290	87389990	657	14	-0.0000028534	0.000000213492
5	87389991	88891529	599	14	0.0005085730	0.000000211436
5	88891530	90422653	891	14	0.0000554716	0.000000281142
5	90422654	91840541	680	14	0.0000900691	0.000000213274
5	91840542	93809983	809	14	0.0001022579	0.000000268302
5	93809984	95963518	1365	14	0.0001511620	0.000000354647
5	95963519	97315600	975	14	-0.0001256029	0.000000234117
5	97315601	99260991	1186	14	0.0001844098	0.000000328360
5	99260992	101578768	1377	14	-0.0000372149	0.000000327469
5	101578769	103320004	1108	14	-0.0000414498	0.000000329760
5	103320005	104851482	1084	14	-0.0000949583	0.000000293170
5	104851483	105893054	432	14	-0.0000482690	0.000000162048
5	105893055	107264195	1197	14	0.0000810905	0.000000344250
5	107264196	108633933	934	14	0.0003987034	0.000000311025
5	108633934	110821143	1556	14	-0.0000216706	0.000000337327
5	110821144	111981561	901	14	-0.0001175893	0.000000333085
5	111981562	113396284	1220	14	0.0001715775	0.000000340014
5	113396285	114830369	1157	14	-0.0000160685	0.000000333048
5	114830370	115831046	921	14	-0.0000980362	0.000000312841
5	115831047	117346212	1371	14	-0.0000458951	0.000000349144
5	117346213	118608819	838	14	0.0001744181	0.000000358343
5	118608820	119669041	746	14	0.0002634470	0.000000291199
5	119669042	120452165	592	14	0.0000517050	0.000000196519
5	120452166	122556904	1459	14	0.0001221947	0.000000333537
5	122556905	123798099	1032	14	0.0001292746	0.000000338579
5	123798100	125785648	1908	14	0.0000860112	0.000000338984
5	125785649	127344603	857	14	0.0000510304	0.000000328107
5	127344604	129519024	1616	14	0.0001022066	0.000000347667
5	129519025	132139648	1178	14	0.0002641620	0.000000282039
5	132139649	134777400	1597	14	-0.0000543326	0.000000359030
5	134777401	136376049	1257	14	-0.0000357760	0.000000325786
5	136376050	139265071	1265	14	-0.0000143297	0.000000343766
5	139265072	140645970	610	14	0.0000721042	0.000000172087
5	140645971	142981247	1597	14	0.0000183217	0.000000372738
5	142981248	144943353	1488	14	0.0000196427	0.000000322531
5	144943354	147181997	1548	14	0.0000145373	0.000000343994
5	147181998	148662623	1212	14	-0.0000618381	0.000000344163
5	148662624	150561297	1498	14	0.0002705041	0.000000397057
5	150561298	152867773	1877	14	0.0000564812	0.000000332433
5	152867774	153773087	967	14	0.0002542532	0.000000246621
5	153773088	155373504	1215	14	0.0001622958	0.000000369031
5	155373505	156628699	817	14	0.0001917306	0.000000268057
5	156628700	158825697	1811	14	0.0001806633	0.000000345709
5	158825698	159973943	749	14	0.0001008817	0.000000355300
5	159973944	161482132	1145	14	-0.0000255315	0.000000313045
5	161482133	162743907	903	14	0.0001654052	0.000000296678
5	162743908	163771581	881	14	-0.0000364037	0.000000309832
5	163771582	165642394	1243	14	0.0001637139	0.000000364325
5	165642395	166847739	897	14	0.0003417575	0.000000365866
5	166847740	168525317	1339	14	0.0000859471	0.000000348787
5	168525318	169505663	906	14	0.0000036009	0.000000338792
5	169505664	171074291	1264	14	-0.0000096668	0.000000358077
5	171074292	172678326	1179	14	-0.0001541722	0.000000346636
5	172678327	173642870	971	14	-0.0000172340	0.000000351861
5	173642871	175450594	1570	14	-0.0001397189	0.000000374231
5	175450595	177251506	553	14	0.0005341733	0.000000302734
5	177251507	178413463	829	14	0.0002042274	0.000000395399
5	178413464	179401243	646	14	0.0001880028	0.000000384966
5	179401244	180559932	646	14	-0.0001651418	0.000000363832
5	180559933	180885155	83	12	0.0001330479	0.000000056069
6	73924	1452361	1346	14	0.0001198165	0.000000399818
6	1452362	2458935	840	14	0.0003472551	0.000000378086
6	2458936	3573592	1077	14	-0.0001588225	0.000000372228
6	3573593	4617816	1138	14	0.0001095540	0.000000345402
6	4617817	5791471	1163	14	-0.0001018139	0.000000352038
6	5791472	6785206	1113	14	0.0001399490	0.000000355792
6	6785207	7808935	958	14	0.0004691478	0.000000400742
6	7808936	9020025	1249	14	0.0000090497	0.000000322354
6	9020026	10540316	1354	14	0.0007626625	0.000000386440
6	10540317	11790815	1052	14	0.0001644680	0.000000349449
6	11790816	13209387	1251	14	0.0002537030	0.000000354911
6	13209388	14802923	1359	14	0.0004136842	0.000000384673
6	14802924	17386404	1977	14	0.0000743942	0.000000361764
6	17386405	19207486	1500	14	0.0002323789	0.000000356195
6	19207487	21684064	2182	14	0.0002793875	0.000000375646
6	21684065	22748306	1109	14	0.0001285481	0.000000360923
6	22748307	23936618	1192	14	0.0002205501	0.000000367279
6	23936619	24852274	768	14	-0.0000968512	0.000000352746
6	24852275	25684586	951	14	0.0004524259	0.000000348817
6	25684587	26791232	910	14	0.0001412379	0.000000217414
6	26791233	28017818	565	14	0.0002235644	0.000000147977
6	28017819	28917607	591	14	0.0002412887	0.000000116058
6	28917608	29737970	937	14	0.0000107174	0.000000197829
6	29737971	30798167	1869	14	0.0002785098	0.000000342775
6	30798168	31571217	1695	14	0.0009885375	0.000000450738
6	31571218	32682663	1218	14	0.0009522891	0.000000425642
6	32682664	33236496	1255	14	0.0004770904	0.000000387584
6	33236497	35455755	1352	14	0.0001698862	0.000000370657
6	35455756	37572595	1466	14	0.0006555001	0.000000393679
6	37572596	39295676	1559	14	0.0000165197	0.000000335981
6	39295677	40345114	844	14	0.0000013172	0.000000293976
6	40345115	42038720	1381	14	0.0012357053	0.000000437418
6	42038721	43756168	751	14	0.0002571728	0.000000390977
6	43756169	45406562	1207	14	0.0003651644	0.000000381243
6	45406563	47311897	1555	14	0.0002206267	0.000000346695
6	47311898	48391124	920	14	-0.0000762447	0.000000196319
6	48391125	50386144	1518	14	-0.0000394856	0.000000260671
6	50386145	52210475	1423	14	-0.0000315169	0.000000331386
6	52210476	53279101	850	14	0.0004736389	0.000000329000
6	53279102	55468269	2097	14	0.0000832412	0.000000329319
6	55468270	56105312	658	14	-0.0000054338	0.000000106615
6	56105313	57599464	810	14	0.0003149224	0.000000271913
6	57599465	61880511	420	14	0.0003820298	0.000000119590
6	61880512	63552887	1111	14	0.0002588308	0.000000179982
6	63552888	65765741	1273	14	-0.0000629282	0.000000285093
6	65765742	67329214	1680	14	0.0000348276	0.000000341229
6	67329215	68849482	1407	14	0.0000783389	0.000000335677
6	68849483	69523447	604	14	0.0001489050	0.000000158895
6	69523448	71609509	1771	14	0.0000922691	0.000000341896
6	71609510	73450096	1555	14	0.0002448622	0.000000346035
6	73450097	75462002	1309	14	0.0002031811	0.000000362043
6	75462003	77414880	1076	14	-0.0000043794	0.000000275157
6	77414881	78957727	1410	14	-0.0000258216	0.000000230716
6	78957728	80691169	1370	14	0.0000297352	0.000000334542
6	80691170	81929221	1111	14	0.0001652604	0.000000173169
6	81929222	83127148	866	14	0.0002904229	0.000000250469
6	83127149	85209988	1231	14	0.0000429682	0.000000341169
6	85209989	87069499	1447	14	0.0000285836	0.000000300324
6	87069500	88822139	1253	14	0.0000105791	0.000000356268
6	88822140	89973051	914	14	-0.0001278072	0.000000318085
6	89973052	91843195	1517	14	0.0002016299	0.000000362351
6	91843196	93428643	1317	14	0.0000705391	0.000000339642
6	93428644	94118141	732	14	0.0002406510	0.000000218880
6	94118142	94441174	212	11	-0.0000538822	0.000000043902
6	94441175	97093510	2012	14	-0.0001120707	0.000000335670
6	97093511	97842283	579	14	-0.0000999355	0.000000131543
6	97842284	100630145	1891	14	-0.0000048211	0.000000322773
6	100630146	102636771	1356	14	0.0003069430	0.000000349872
6	102636772	103983394	970	14	0.0002881902	0.000000223975
6	103983395	106056732	1435	14	0.0000559259	0.000000348450
6	106056733	107450305	1231	14	0.0001096427	0.000000363382
6	107450306	108464379	634	14	0.0000375471	0.000000230348
6	108464380	110304246	1110	14	0.0019341175	0.000000442034
6	110304247	112345013	1223	14	0.0004578368	0.000000379582
6	112345014	114220832	1442	14	0.0001178124	0.000000341236
6	114220833	116131395	1203	14	0.0000242637	0.000000289803
6	116131396	117672971	1081	14	-0.0000192957	0.000000280730
6	117672972	118963114	889	14	0.0001753480	0.000000229568
6	118963115	119963277	776	14	0.0002749005	0.000000209107
6	119963278	120512127	515	14	0.0000915245	0.000000099527
6	120512128	121905675	1104	14	0.0002493664	0.000000225300
6	121905676	123856180	1515	14	0.0000276972	0.000000343018
6	123856181	125424382	1308	14	0.0000328543	0.000000370725
6	125424383	127540460	1050	14	0.0005504634	0.000000371564
6	127540461	129861030	1551	14	0.0001306046	0.000000349068
6	129861031	130935453	1055	14	0.0001458068	0.000000347858
6	130935454	132765668	1419	14	0.0001612956	0.000000344876
6	132765669	134244242	1309	14	0.0001387955	0.000000344161
6	134244243	136224176	1277	14	0.0059982827	0.000000763616
6	136224177	137614217	669	14	0.0000032219	0.000000261230
6	137614218	138822628	971	14	0.0000763549	0.000000350368
6	138822629	139845435	729	14	0.0002461960	0.000000358885
6	139845436	142288478	1424	14	0.0002077464	0.000000339560
6	142288479	145319809	2206	14	0.0001108912	0.000000338782
6	145319810	146665423	931	14	0.0001678563	0.000000155613
6	146665424	148920351	1899	14	0.0000136777	0.000000345562
6	148920352	150253403	1099	14	0.0000380930	0.000000342439
6	150253404	151912702	1694	14	-0.0000360405	0.000000353604
6	151912703	153094495	1098	14	0.0001007602	0.000000363800
6	153094496	154974119	1851	14	0.0001816776	0.000000354580
6	154974120	156763325	1428	14	-0.0000566578	0.000000363832
6	156763326	158218718	735	14	0.0003290518	0.000000447084
6	158218719	160580496	2130	14	0.0002927130	0.000000375901
6	160580497	162169563	1462	14	0.0001020660	0.000000359069
6	162169564	162931202	736	14	0.0001686118	0.000000340861
6	162931203	164383520	1454	14	0.0004211504	0.000000381309
6	164383521	165586863	1335	14	0.0002538817	0.000000362189
6	165586864	167024732	1632	14	0.0002627283	0.000000380071
6	167024733	168042834	901	14	-0.0000801790	0.000000351466
6	168042835	169382049	1352	14	0.0000506310	0.000000396088
6	169382050	170330172	882	14	0.0002835911	0.000000275298
6	170330173	171051269	505	14	-0.0000473549	0.000000184035
7	16161	972751	185	14	0.0003848770	0.000000176033
7	972752	1353066	162	14	0.0005095984	0.000000164433
7	1353067	2062397	283	14	0.0004590052	0.000000233983
7	2062398	2772226	383	14	0.0001196399	0.000000247630
7	2772227	4573427	1808	14	0.0000827977	0.000000366083
7	4573428	5416231	358	14	0.0003101677	0.000000327980
7	5416232	5854525	172	14	-0.0001007903	0.000000096428
7	5854526	6573856	248	14	-0.0000380201	0.000000150403
7	6573857	7808751	927	14	0.0001943451	0.000000397287
7	7808752	9123422	1610	14	-0.0000068090	0.000000385658
7	9123423	9987498	914	14	0.0000937968	0.000000393333
7	9987499	11299197	1239	14	-0.0001599811	0.000000331751
7	11299198	12635460	1710	14	0.0001989323	0.000000359155
7	12635461	13884201	1401	14	-0.0000793892	0.000000354153
7	13884202	15143656	1291	14	0.0000816490	0.000000367945
7	15143657	16902068	1656	14	0.0001480843	0.000000358957
7	16902069	19481546	2117	14	0.0000298521	0.000000360304
7	19481547	20124907	605	14	-0.0000145164	0.000000224765
7	20124908	22507628	2411	14	0.0001717934	0.000000358357
7	22507629	23471441	610	14	-0.0000162119	0.000000277456
7	23471442	25077258	1375	14	-0.0000550141	0.000000344371
7	25077259	25909554	946	14	0.0000749521	0.000000357953
7	25909555	28360308	2008	14	0.0000699700	0.000000363669
7	28360309	31137288	2217	14	0.0000979211	0.000000386694
7	31137289	33555767	2148	14	0.0000495658	0.000000341072
7	33555768	36213537	2129	14	0.0000662675	0.000000349190
7	36213538	37555183	1187	14	-0.0000159359	0.000000367481
7	37555184	38966702	1365	14	0.0000371781	0.000000343747
7	38966703	39862669	648	14	0.0000058019	0.000000197629
7	39862670	42001810	1343	14	0.0002543683	0.000000363498
7	42001811	43159073	896	14	0.0001557548	0.000000321855
7	43159074	44763827	988	14	-0.0000961083	0.000000332183
7	44763828	45952921	732	14	0.0005704486	0.000000358298
7	45952922	46986719	1069	14	0.0000644630	0.000000289837
7	46986720	49212277	1897	14	0.0002214061	0.000000354210
7	49212278	51675321	2022	14	0.0002055903	0.000000348603
7	51675322	53176311	1656	14	-0.0000242090	0.000000333573
7	53176312	54222975	931	14	-0.0000406653	0.000000234565
7	54222976	55691583	1211	14	0.0002761044	0.000000372572
7	55691584	57382637	650	14	0.0000373985	0.000000207471
7	57382638	63307358	484	14	-0.0000607881	0.000000186641
7	63307359	63641124	159	10	0.0000737616	0.000000048335
7	63641125	65689808	798	14	0.0001366342	0.000000204043
7	65689809	68234073	1629	14	0.0000776268	0.000000361415
7	68234074	69085363	537	14	0.0000980925	0.000000211907
7	69085364	71874884	1652	14	0.0001837942	0.000000365870
7	71874885	73334601	254	14	0.0001744881	0.000000126567
7	73334602	76458563	620	14	0.0001030332	0.000000379453
7	76458564	78093858	1236	14	0.0002468378	0.000000365208
7	78093859	79888068	1501	14	0.0001329341	0.000000354832
7	79888069	82022685	1606	14	0.0000607725	0.000000378433
7	82022686	83801202	1494	14	0.0002793031	0.000000362796
7	83801203	85572181	1097	14	0.0000788903	0.000000250775
7	85572182	87825003	1259	14	0.0002470900	0.000000326568
7	87825004	90661783	2650	14	-0.0000888710	0.000000327814
7	90661784	92493751	771	14	0.0004085785	0.000000301689
7	92493752	93966600	809	14	-0.0000239832	0.000000335728
7	93966601	96073507	1382	14	0.0001348289	0.000000330233
7	96073508	97099569	641	14	0.0000538331	0.000000219505
7	97099570	98715473	862	14	0.0003540050	0.000000350349
7	98715474	100196650	402	14	0.0003241385	0.000000139647
7	100196651	101199252	415	14	0.0017762015	0.000000323203
7	101199253	103197509	741	14	0.0000257655	0.000000319398
7	103197510	104159524	983	14	-0.0000123697	0.000000326735
7	104159525	105682904	880	14	-0.0000057016	0.000000355790
7	105682905	107780177	1479	14	0.0000239212	0.000000367312
7	107780178	109647593	1299	14	0.0001592818	0.000000358331
7	109647594	112618683	1700	14	-0.0000319011	0.000000349696
7	112618684	113712386	570	14	0.0000586080	0.000000170553
7	113712387	116780177	1581	14	0.0000640149	0.000000348565
7	116780178	118351580	925	14	0.0000578318	0.000000186944
7	118351581	121045272	1170	14	0.0001287738	0.000000284461
7	121045273	121933629	475	14	0.0001959977	0.000000160923
7	121933630	124156804	1657	14	0.0005681180	0.000000367908
7	124156805	124167551	10	2	-0.0000190218	0.000000002692
7	124167552	126519169	1909	14	0.0000267373	0.000000336290
7	126519170	126869220	386	14	-0.0000029761	0.000000083479
7	126869221	128778385	1129	14	0.0003184848	0.000000373126
7	128778386	130422413	769	14	0.0004504221	0.000000352587
7	130422414	132805847	1762	14	-0.0000909129	0.000000359235
7	132805848	134307595	1056	14	0.0001219795	0.000000263081
7	134307596	135591082	1009	14	0.0001199414	0.000000359169
7	135591083	136876561	976	14	0.0001562223	0.000000315124
7	136876562	138744678	1162	14	0.0002095402	0.000000427117
7	138744679	139933176	523	14	0.0000904499	0.000000245639
7	139933177	140235209	183	14	0.0001244932	0.000000137959
7	140235210	141226556	538	14	-0.0000066500	0.000000174456
7	141226557	142656309	955	14	0.0002251671	0.000000292077
7	142656310	144968288	1191	14	0.0001755188	0.000000367737
7	144968289	146427959	1089	14	-0.0000706249	0.000000287976
7	146427960	147815317	1471	14	0.0000138224	0.000000339477
7	147815318	149840657	1140	14	0.0000177486	0.000000413899
7	149840658	150711504	600	14	0.0000053642	0.000000219348
7	150711505	152249805	775	14	0.0001465837	0.000000462074
7	152249806	153674018	1036	14	0.0000135101	0.000000421421
7	153674019	154964729	1038	14	0.0001175995	0.000000429749
7	154964730	156065249	948	14	-0.0000856961	0.000000454797
7	156065250	157634596	998	14	0.0001389951	0.000000389122
7	157634597	159128574	931	14	0.0000611944	0.000000409786
8	10422	1044216	744	14	0.0001135529	0.000000371968
8	1044217	1163244	133	14	0.0003657466	0.000000096922
8	1163245	2042941	801	14	0.0000407253	0.000000424580
8	2042942	2573278	614	14	-0.0000014590	0.000000377420
8	2573279	3392925	1157	14	0.0002465999	0.000000374052
8	3392926	3783016	900	14	0.0001613139	0.000000372205
8	3783017	4480475	1323	14	0.0000826226	0.000000392911
8	4480476	5146926	994	14	-0.0001999761	0.000000365565
8	5146927	6142796	1804	14	0.0001150701	0.000000379986
8	6142797	7153078	967	14	0.0001901804	0.000000422786
8	7153079	9154693	1178	14	0.0003206984	0.000000387462
8	9154694	9640786	470	14	0.0001421263	0.000000220522
8	9640787	10463196	970	14	0.0001752844	0.000000375379
8	10463197	11278997	769	14	0.0002336479	0.000000356464
8	11278998	13491774	1573	14	0.0002593106	0.000000386432
8	13491775	13944991	724	14	-0.0001075996	0.000000263477
8	13944992	15991659	2324	14	0.0000004255	0.000000326375
8	15991660	17387875	1215	14	-0.0000565874	0.000000358943
8	17387876	17836398	566	14	0.0002269164	0.000000276362
8	17836399	19492839	1839	14	-0.0000196768	0.000000341888
8	19492840	20060855	622	14	0.0001097218	0.000000289953
8	20060856	21661736	1603	14	-0.0000769640	0.000000330933
8	21661737	22897056	752	14	0.0002580349	0.000000438455
8	22897057	24674717	1335	14	-0.0000158965	0.000000355480
8	24674718	25483453	549	14	0.0001195877	0.000000184108
8	25483454	26682524	1197	14	0.0001426935	0.000000364922
8	26682525	28162391	1568	14	0.0000441880	0.000000337613
8	28162392	29327895	689	14	0.0000674526	0.000000257961
8	29327896	31133728	1101	14	0.0001494153	0.000000351504
8	31133729	31548359	290	14	-0.0000548354	0.000000091550
8	31548360	32977217	1068	14	0.0000423208	0.000000302694
8	32977218	35317231	1505	14	0.0001930174	0.000000306859
8	35317232	37379388	831	14	0.0001015388	0.000000271243
8	37379389	38938805	571	14	0.0000070459	0.000000258841
8	38938806	40703336	1240	14	0.0001077041	0.000000368539
8	40703337	41721453	773	14	0.0004320417	0.000000362561
8	41721454	42773822	316	14	0.0000330779	0.000000128036
8	42773823	46841314	121	11	0.0001561438	0.000000061699
8	46841315	50082469	901	14	0.0005925940	0.000000300798
8	50082470	53302929	2313	14	-0.0000010653	0.000000314482
8	53302930	54418043	858	14	-0.0000115572	0.000000229616
8	54418044	55945580	1064	14	0.0002089390	0.000000310907
8	55945581	56956382	754	14	-0.0000045576	0.000000219429
8	56956383	59068650	1671	14	-0.0000964431	0.000000323723
8	59068651	59728099	644	14	0.0003031881	0.000000202042
8	59728100	62329098	1833	14	0.0000049385	0.000000326896
8	62329099	63349305	782	14	0.0002657360	0.000000192193
8	63349306	65232871	1323	14	0.0001798229	0.000000307672
8	65232872	66489089	760	14	-0.0000083924	0.000000235712
8	66489090	69863056	1835	14	0.0002912183	0.000000368629
8	69863057	70867978	924	14	0.0000696663	0.000000343411
8	70867979	72289453	1015	14	0.0001621842	0.000000288474
8	72289454	73817198	1547	14	-0.0000091645	0.000000328948
8	73817199	75445063	1211	14	-0.0000629196	0.000000336737
8	75445064	76456541	721	14	-0.0000629897	0.000000168676
8	76456542	79132860	1915	14	0.0001086057	0.000000334806
8	79132861	81956394	1607	14	0.0003607521	0.000000360180
8	81956395	82693738	528	14	-0.0001351222	0.000000149478
8	82693739	84225588	1205	14	-0.0000007157	0.000000238305
8	84225589	85955618	988	14	0.0001127846	0.000000234755
8	85955619	87411708	535	14	0.0002135369	0.000000139949
8	87411709	89085480	1131	14	0.0000689659	0.000000301498
8	89085481	90638161	996	14	0.0002230171	0.000000259150
8	90638162	93554385	1594	14	0.0001276972	0.000000321076
8	93554386	95005526	798	14	0.0001007893	0.000000278017
8	95005527	96534805	1212	14	0.0000699322	0.000000353434
8	96534806	99401580	2167	14	0.0002019795	0.000000348860
8	99401581	101620957	843	14	0.0005931228	0.000000267332
8	101620958	104123305	1958	14	0.0000459382	0.000000352481
8	104123306	104988751	731	14	0.0004115851	0.000000153881
8	104988752	107410753	1870	14	0.0001292540	0.000000321974
8	107410754	108648176	1159	14	0.0003114075	0.000000288170
8	108648177	109248172	516	14	0.0001425370	0.000000108104
8	109248173	110484313	984	14	-0.0000202353	0.000000179804
8	110484314	111850846	759	14	-0.0000630068	0.000000155507
8	111850847	113064319	781	14	-0.0000755798	0.000000113515
8	113064320	116096494	2236	14	0.0000546728	0.000000320076
8	116096495	119685456	2638	14	0.0004704618	0.000000362756
8	119685457	121201699	1264	14	-0.0000547342	0.000000316751
8	121201700	124861458	2776	14	0.0000115130	0.000000338912
8	124861459	125683718	617	14	-0.0000591386	0.000000220557
8	125683719	126410916	498	14	0.0001311006	0.000000199132
8	126410917	128659110	1893	14	0.0002115197	0.000000365045
8	128659111	130381138	1527	14	0.0003140588	0.000000352115
8	130381139	131639624	985	14	0.0001113196	0.000000338410
8	131639625	133351143	1671	14	0.0003900682	0.000000362838
8	133351144	134570000	1422	14	0.0005729081	0.000000365930
8	134570001	136035604	1631	14	-0.0000325175	0.000000325964
8	136035605	137524150	1301	14	0.0002943504	0.000000333128
8	137524151	139254829	1820	14	0.0000829662	0.000000338490
8	139254830	140725642	1492	14	0.0001698743	0.000000370442
8	140725643	143044913	1591	14	0.0000667507	0.000000377521
8	143044914	144236880	764	14	0.0000166553	0.000000325160
8	144236881	146303866	631	14	0.0002216039	0.000000365098
9	10023	1079706	1084	14	0.0000060301	0.000000359060
9	1079707	1916876	1242	14	-0.0000766630	0.000000342572
9	1916877	3190063	1526	14	0.0001642948	0.000000394574
9	3190064	4495327	1424	14	0.0003224650	0.000000389801
9	4495328	4884925	449	14	0.0010684638	0.000000325410
9	4884926	6557588	1112	14	0.0002253160	0.000000353401
9	6557589	7154922	611	14	0.0002287517	0.000000320193
9	7154923	8456298	1862	14	0.0001058113	0.000000387426
9	8456299	9166402	791	14	0.0001357475	0.000000412827
9	9166403	10879252	2081	14	-0.0000392551	0.000000379418
9	10879253	12276488	1457	14	-0.0000941122	0.000000352811
9	12276489	14836362	2620	14	0.0001010279	0.000000388859
9	14836363	16659654	1695	14	-0.0000170304	0.000000354360
9	16659655	18661050	2102	14	-0.0000120320	0.000000338346
9	18661051	20463533	1662	14	0.0000185876	0.000000367780
9	20463534	22206558	1489	14	0.0003867714	0.000000364932
9	22206559	24158517	1418	14	-0.0000206073	0.000000363436
9	24158518	25330809	735	14	-0.0000226028	0.000000355707
9	25330810	26111756	622	14	0.0001984588	0.000000391682
9	26111757	28224282	2008	14	0.0000389497	0.000000337846
9	28224283	28811583	581	14	0.0000653550	0.000000230297
9	28811584	30387391	1586	14	0.0002479721	0.000000351403
9	30387392	31310382	848	14	0.0000901346	0.000000211115
9	31310383	32019367	661	14	0.0001441163	0.000000147019
9	32019368	33578333	1328	14	0.0003329524	0.000000363621
9	33578334	34642242	595	14	0.0002217913	0.000000148069
9	34642243	36743282	1066	14	0.0000316058	0.000000357285
9	36743283	38641598	1446	14	-0.0000493512	0.000000354594
9	38641599	65472189	204	14	0.0000959810	0.000000140421
9	65472190	72512710	1163	14	0.0003007122	0.000000352919
9	72512711	72753754	231	14	0.0000519109	0.000000053570
9	72753755	74253039	1275	14	0.0003939331	0.000000355299
9	74253040	76203945	1277	14	0.0003475878	0.000000340510
9	76203946	76973080	545	14	0.0000610938	0.000000121584
9	76973081	78900182	1755	14	-0.0000138788	0.000000352240
9	78900183	79471207	530	14	0.0002766025	0.000000281433
9	79471208	81079054	1191	14	-0.0000658413	0.000000332185
9	81079055	82590927	1332	14	-0.0000518590	0.000000334823
9	82590928	84211232	1737	14	0.0000117218	0.000000337585
9	84211233	85440800	670	14	0.0000252764	0.000000298487
9	85440801	86938195	1337	14	0.0003047185	0.000000358343
9	86938196	88109332	1011	14	0.0001487207	0.000000329536
9	88109333	88590416	208	14	-0.0000498656	0.000000067637
9	88590417	90136245	1255	14	0.0000221303	0.000000338327
9	90136246	92528697	1778	14	0.0001978365	0.000000380101
9	92528698	94167202	1308	14	0.0000698399	0.000000368870
9	94167203	96671697	1710	14	0.0002231769	0.000000363747
9	96671698	98922039	1329	14	0.0001184533	0.000000349813
9	98922040	101592858	1675	14	0.0001362078	0.000000352975
9	101592859	104624436	2232	14	0.0001645797	0.000000345551
9	104624437	105967975	1589	14	-0.0000478487	0.000000339372
9	105967976	107581748	1734	14	0.0000081270	0.000000321420
9	107581749	109298753	1308	14	0.0001007047	0.000000383803
9	109298754	110695061	1131	14	0.0000414360	0.000000389258
9	110695062	112778023	2384	14	0.0000207484	0.000000333042
9	112778024	114831081	1887	14	0.0004224900	0.000000378536
9	114831082	115693144	719	14	0.0002654192	0.000000201140
9	115693145	117019800	1240	14	0.0002622268	0.000000400726
9	117019801	117921959	931	14	0.0001756543	0.000000363649
9	117921960	121321536	3198	14	-0.0000341714	0.000000332611
9	121321537	122260296	825	14	-0.0000439955	0.000000261045
9	122260297	124871321	1671	14	0.0001399783	0.000000357351
9	124871322	126971886	1285	14	-0.0000184539	0.000000389561
9	126971887	129059664	997	14	0.0001567050	0.000000343961
9	129059665	130055509	651	14	0.0001725963	0.000000266664
9	130055510	132165469	985	14	-0.0000128020	0.000000369725
9	132165470	133223216	631	14	0.0001481620	0.000000346292
9	133223217	134127887	581	14	0.0001666937	0.000000367096
9	134127888	135298841	784	14	-0.0000371971	0.000000346948
9	135298842	137041121	1260	14	0.0008794205	0.000000498186
9	137041122	137589363	394	14	0.0001181583	0.000000294206
9	137589364	138938977	1203	14	-0.0000210021	0.000000438992
9	138938978	139500341	238	14	0.0001629670	0.000000180164
9	139500342	141144795	452	14	-0.0000391721	0.000000323104
10	60523	751338	250	14	0.0000776864	0.000000139656
10	751339	1523543	653	14	0.0001569159	0.000000316142
10	1523544	2254499	975	14	0.0001428356	0.000000367885
10	2254500	3352698	1343	14	0.0000144950	0.000000373080
10	3352699	4572273	1296	14	0.0002773978	0.000000371249
10	4572274	5983761	1479	14	0.0001809024	0.000000378261
10	5983762	7171483	1293	14	-0.0000553443	0.000000376679
10	7171484	8774664	1679	14	0.0000136071	0.000000368258
10	8774665	10249395	1280	14	0.0000190076	0.000000341961
10	10249396	12586796	2065	14	-0.0000018770	0.000000360843
10	12586797	13321599	801	14	0.0001381751	0.000000404979
10	13321600	15026067	1715	14	0.0000599332	0.000000356474
10	15026068	16551766	1170	14	-0.0001290086	0.000000355687
10	16551767	18537266	1588	14	0.0003357050	0.000000386229
10	18537267	19716877	1325	14	0.0002971319	0.000000371870
10	19716878	22772282	2123	14	0.0000819340	0.000000359210
10	22772283	23175131	284	14	0.0003542313	0.000000129744
10	23175132	25578595	1622	14	0.0001931897	0.000000372825
10	25578596	26888683	1342	14	0.0000437584	0.000000353215
10	26888684	29323235	2040	14	0.0000623794	0.000000360385
10	29323236	29783691	555	14	0.0001330542	0.000000240509
10	29783692	30458837	742	14	-0.0000180411	0.000000322170
10	30458838	31907518	1085	14	0.0003632580	0.000000372287
10	31907519	33707967	1397	14	0.0000035228	0.000000337256
10	33707968	35109354	1075	14	0.0000677125	0.000000339692
10	35109355	36572507	951	14	0.0002367784	0.000000311313
10	36572508	37790028	792	14	0.0001865719	0.000000236702
10	37790029	42372578	610	14	0.0001180802	0.000000081362
10	42372579	43894770	738	14	0.0001869412	0.000000260357
10	43894771	44730074	724	14	0.0000726845	0.000000207319
10	44730075	48760449	1550	14	0.0003740797	0.000000388736
10	48760450	50840914	1356	14	0.0004051826	0.000000400037
10	50840915	53616628	1533	14	0.0001125911	0.000000377583
10	53616629	55103571	1564	14	-0.0000787545	0.000000359032
10	55103572	57031139	2045	14	-0.0000458839	0.000000356311
10	57031140	57662145	537	14	0.0007394125	0.000000144273
10	57662146	58959527	1292	14	0.0000289782	0.000000184561
10	58959528	60289986	1189	14	0.0000734676	0.000000253565
10	60289987	61891408	1207	14	-0.0000042452	0.000000354633
10	61891409	62659678	687	14	0.0002175816	0.000000219255
10	62659679	63341694	349	14	-0.0000841305	0.000000105597
10	63341695	65794113	1848	14	0.0002236659	0.000000360662
10	65794114	67549614	1314	14	0.0000078142	0.000000317311
10	67549615	69900147	2093	14	0.0002313100	0.000000350613
10	69900148	70195990	206	14	0.0001831686	0.000000074915
10	70195991	72220849	1609	14	-0.0000539089	0.000000370718
10	72220850	73508511	1425	14	-0.0000008752	0.000000382781
10	73508512	75422549	749	14	-0.0000794138	0.000000206740
10	75422550	78706813	1677	14	0.0001455584	0.000000342700
10	78706814	80876748	1987	14	0.0003267188	0.000000378101
10	80876749	82414678	1050	14	0.0000331778	0.000000359999
10	82414679	84383744	1654	14	-0.0000205537	0.000000336943
10	84383745	85458702	1194	14	0.0001493934	0.000000258087
10	85458703	87937576	2278	14	0.0000017016	0.000000330647
10	87937577	89127063	521	14	0.0001168853	0.000000208736
10	89127064	91013380	1470	14	-0.0000915413	0.000000343092
10	91013381	92006580	872	14	0.0003653543	0.000000299796
10	92006581	93335046	1037	14	0.0000678391	0.000000305057
10	93335047	95396367	1236	14	0.0000180443	0.000000352762
10	95396368	96221242	551	14	0.0001873177	0.000000194571
10	96221243	97822356	1095	14	0.0002537622	0.000000308435
10	97822357	100241301	1579	14	-0.0000624769	0.000000360779
10	100241302	100668399	356	14	-0.0000709612	0.000000085126
10	100668400	102949238	1370	14	0.0002300096	0.000000367428
10	102949239	104380409	523	14	0.0002078770	0.000000148753
10	104380410	106695047	1437	14	0.0001083620	0.000000329164
10	106695048	108726685	1659	14	0.0000091161	0.000000335371
10	108726686	110317704	1512	14	0.0001427007	0.000000348117
10	110317705	112561492	1665	14	0.0000240220	0.000000339121
10	112561493	115328431	2048	14	0.0000053758	0.000000358093
10	115328432	116421405	959	14	0.0001151700	0.000000370455
10	116421406	119523933	2126	14	0.0004399740	0.000000379014
10	119523934	120591352	812	14	-0.0000886045	0.000000354290
10	120591353	122407322	1344	14	0.0002850948	0.000000377487
10	122407323	123231464	766	14	0.0001654276	0.000000316670
10	123231465	123900544	523	14	-0.0000097392	0.000000240757
10	123900545	125869345	1583	14	-0.0000269535	0.000000364492
10	125869346	128001097	1895	14	-0.0000207937	0.000000353414
10	128001098	129154361	997	14	0.0000839565	0.000000364162
10	129154362	130844283	1797	14	0.0001548998	0.000000407987
10	130844284	131741326	877	14	0.0000990609	0.000000388312
10	131741327	132580244	933	14	-0.0000512773	0.000000350754
10	132580245	134336328	1842	14	0.0001044396	0.000000405048
10	134336329	134494672	59	6	0.0004143436	0.000000053723
10	134494673	135523864	502	14	-0.0000750395	0.000000286369
11	70855	1213589	435	14	0.0002315876	0.000000323999
11	1213590	3665480	1610	14	-0.0000309933	0.000000448318
11	3665481	4746708	902	14	0.0002247981	0.000000372216
11	4746709	6322868	2245	14	0.0000584225	0.000000356000
11	6322869	7436700	1064	14	0.0004060778	0.000000380348
11	7436701	8333273	883	14	-0.0000706593	0.000000364149
11	8333274	9087316	526	14	0.0004953149	0.000000238803
11	9087317	10952026	1233	14	0.0004684863	0.000000359762
11	10952027	12564228	2071	14	-0.0000081613	0.000000357162
11	12564229	13373123	823	14	0.0000613048	0.000000290897
11	13373124	15742551	1698	14	-0.0000508683	0.000000321007
11	15742552	17578401	1183	14	0.0000272406	0.000000330278
11	17578402	19569534	1573	14	-0.0000040465	0.000000356032
11	19569535	21017137	1451	14	-0.0000111722	0.000000356664
11	21017138	22374141	1249	14	0.0001941282	0.000000366227
11	22374142	24088516	1565	14	0.0001072530	0.000000344941
11	24088517	26045752	1839	14	0.0001167495	0.000000365832
11	26045753	27020460	851	14	0.0001535853	0.000000259349
11	27020461	28481592	791	14	-0.0000372867	0.000000207988
11	28481593	30141356	1016	14	0.0003977805	0.000000305641
11	30141357	32276900	1356	14	0.0003813385	0.000000355002
11	32276901	33958738	1064	14	0.0002377391	0.000000355436
11	33958739	35502604	1632	14	0.0001496963	0.000000349282
11	35502605	37116814	1414	14	0.0000529225	0.000000346301
11	37116815	39382002	1536	14	0.0002520535	0.000000316256
11	39382003	42310002	2309	14	0.0002430333	0.000000344552
11	42310003	44693798	2010	14	0.0000078767	0.000000340975
11	44693799	47006136	1370	14	-0.0000000225	0.000000338310
11	47006137	49866049	1134	14	0.0000538468	0.000000216215
11	49866050	54695472	492	12	0.0000602322	0.000000075937
11	54695473	55082656	43	5	0.0000413450	0.000000019151
11	55082657	58457494	2833	14	0.0001870828	0.000000323098
11	58457495	58780548	194	10	0.0001716228	0.000000050656
11	58780549	62223770	1832	14	0.0000716718	0.000000362859
11	62223771	63804568	482	14	0.0002339847	0.000000207081
11	63804569	65898630	810	14	0.0002059216	0.000000384950
11	65898631	68005824	536	14	0.0003235302	0.000000260645
11	68005825	69516129	919	14	0.0000888259	0.000000392176
11	69516130	70926291	916	14	0.0001699020	0.000000402943
11	70926292	72286016	664	14	0.0002510490	0.000000272865
11	72286017	74412350	1043	14	0.0003184313	0.000000353733
11	74412351	76797208	1358	14	0.0001177568	0.000000357910
11	76797209	78355057	845	14	0.0002021426	0.000000292511
11	78355058	80722372	2159	14	0.0003171423	0.000000376415
11	80722373	81266711	669	14	-0.0000288278	0.000000222476
11	81266712	84381271	2686	14	0.0000453454	0.000000339570
11	84381272	86619300	1585	14	0.0001697303	0.000000338620
11	86619301	87430234	776	14	0.0001667167	0.000000217811
11	87430235	89208935	1238	14	-0.0000202439	0.000000341293
11	89208936	90966489	1054	14	-0.0000412536	0.000000229230
11	90966490	92077143	863	14	0.0001411470	0.000000231823
11	92077144	93276156	849	14	0.0001256671	0.000000266930
11	93276157	94242259	596	14	-0.0000116507	0.000000156613
11	94242260	95726040	1183	14	0.0003694202	0.000000386516
11	95726041	97057057	1008	14	-0.0001212564	0.000000358593
11	97057058	98705064	1438	14	0.0001867799	0.000000356561
11	98705065	100417168	1851	14	-0.0000294334	0.000000334515
11	100417169	101331120	990	14	0.0006040402	0.000000311611
11	101331121	103959635	2541	14	0.0004791998	0.000000365085
11	103959636	104873283	690	14	0.0000543968	0.000000122902
11	104873284	106520893	1193	14	0.0001905872	0.000000298021
11	106520894	107844199	1039	14	-0.0000341252	0.000000352911
11	107844200	108437036	229	14	0.0002640718	0.000000069983
11	108437037	109866115	766	14	0.0002062314	0.000000289481
11	109866116	111114396	1032	14	0.0002878619	0.000000330455
11	111114397	112459487	730	14	0.0000343327	0.000000224811
11	112459488	114257727	1562	14	0.0001902437	0.000000369610
11	114257728	114830665	531	14	0.0002968503	0.000000160704
11	114830666	116383347	1221	14	0.0001318303	0.000000358907
11	116383348	117747109	1097	14	-0.0000130141	0.000000390522
11	117747110	119215475	885	14	0.0001948246	0.000000376100
11	119215476	120766805	1151	14	0.0000055582	0.000000378815
11	120766806	121175942	418	14	-0.0000344884	0.000000125568
11	121175943	122591909	966	14	0.0000693498	0.000000350078
11	122591910	123500116	697	14	0.0001074755	0.000000374809
11	123500117	124495527	1054	14	-0.0000135323	0.000000234447
11	124495528	126311319	1460	14	0.0001223058	0.000000352490
11	126311320	127316678	1079	14	0.0000575609	0.000000349033
11	127316679	128188536	665	14	0.0001152474	0.000000233429
11	128188537	130342574	1554	14	-0.0000547567	0.000000370602
11	130342575	131074611	759	14	0.0000316361	0.000000349170
11	131074612	133000045	2077	14	-0.0000044356	0.000000367561
11	133000046	134205992	949	14	0.0002450850	0.000000385444
11	134205993	134946451	885	14	0.0000241888	0.000000404356
12	61107	1080330	567	14	-0.0000767483	0.000000330588
12	1080331	2544785	891	14	0.0002553636	0.000000404935
12	2544786	3677036	919	14	0.0000213310	0.000000389650
12	3677037	4417678	669	14	0.0005216342	0.000000414788
12	4417679	5321471	904	14	-0.0000838262	0.000000338772
12	5321472	6419752	1045	14	0.0000965612	0.000000364229
12	6419753	8377535	903	14	-0.0000167727	0.000000418983
12	8377536	9031394	275	14	0.0000615125	0.000000176182
12	9031395	10481533	1123	14	0.0000969864	0.000000356305
12	10481534	11754845	807	14	-0.0000037895	0.000000280890
12	11754846	12733527	764	14	0.0000764530	0.000000377744
12	12733528	15241483	2004	14	0.0003111842	0.000000363818
12	15241484	16310459	497	14	0.0001595458	0.000000207150
12	16310460	18087872	1346	14	0.0001060203	0.000000337046
12	18087873	20863942	2329	14	-0.0000511059	0.000000342521
12	20863943	23820633	2219	14	0.0000542994	0.000000340871
12	23820634	25371082	1494	14	-0.0000020612	0.000000347113
12	25371083	27799772	2185	14	-0.0000252722	0.000000333215
12	27799773	29651254	1609	14	-0.0000664906	0.000000331942
12	29651255	30512405	1224	14	0.0000956159	0.000000351307
12	30512406	32165591	1413	14	0.0001792689	0.000000368406
12	32165592	33076988	872	14	-0.0001067237	0.000000290658
12	33076989	37856716	1123	14	0.0001437407	0.000000218142
12	37856717	39227168	526	14	0.0000358106	0.000000107368
12	39227169	40816184	1356	14	-0.0000542296	0.000000287017
12	40816185	41658585	853	14	-0.0000255778	0.000000190131
12	41658586	43984473	2193	14	0.0000752486	0.000000327957
12	43984474	46024228	1140	14	-0.0000290004	0.000000263199
12	46024229	47714792	965	14	0.0002556324	0.000000353007
12	47714793	49001865	1082	14	0.0000494135	0.000000354817
12	49001866	51776493	1077	14	0.0002061234	0.000000384207
12	51776494	53039003	1146	14	0.0000365439	0.000000365040
12	53039004	54778822	1037	14	0.0000936139	0.000000383336
12	54778823	55665836	615	14	-0.0000765110	0.000000224114
12	55665837	57548859	708	14	0.0002969949	0.000000322348
12	57548860	59308665	895	14	0.0000886267	0.000000293906
12	59308666	61123728	1134	14	0.0004044413	0.000000313465
12	61123729	64032460	2426	14	0.0002027362	0.000000365308
12	64032461	65559694	755	14	-0.0000659479	0.000000295086
12	65559695	67181143	1049	14	0.0003694117	0.000000372260
12	67181144	67909728	725	14	-0.0000679506	0.000000174829
12	67909729	69826541	1531	14	-0.0000176971	0.000000370612
12	69826542	70957986	1150	14	0.0002381278	0.000000327077
12	70957987	72645074	1221	14	0.0002270962	0.000000378950
12	72645075	73818453	764	14	0.0001126667	0.000000219364
12	73818454	76511313	1829	14	-0.0000179226	0.000000345761
12	76511314	78570569	1689	14	0.0001736392	0.000000373383
12	78570570	80448149	958	14	0.0001651100	0.000000347987
12	80448150	81467766	759	14	0.0003479489	0.000000200694
12	81467767	83502665	1352	14	-0.0000270393	0.000000342966
12	83502666	84303843	662	14	0.0001512749	0.000000147030
12	84303844	85990425	1093	14	0.0002845180	0.000000227979
12	85990426	89682121	2037	14	0.0004341966	0.000000355441
12	89682122	92066154	1573	14	0.0000380555	0.000000347629
12	92066155	94514566	1846	14	-0.0001339715	0.000000365750
12	94514567	96020784	1223	14	0.0002570418	0.000000382708
12	96020785	97108838	889	14	0.0004961827	0.000000391101
12	97108839	99305986	1813	14	0.0000439038	0.000000349323
12	99305987	101447640	1425	14	-0.0000676067	0.000000355162
12	101447641	101862689	287	14	0.0001847153	0.000000113727
12	101862690	102964985	644	14	0.0000498683	0.000000253663
12	102964986	104848695	1540	14	-0.0000632388	0.000000346513
12	104848696	106436212	1541	14	-0.0000179261	0.000000348241
12	106436213	106958747	427	14	0.0002289079	0.000000190206
12	106958748	109025900	1438	14	0.0000855937	0.000000356561
12	109025901	110336718	742	14	0.0001547555	0.000000293755
12	110336719	113263517	720	14	0.0008513727	0.000000297513
12	113263518	113986708	399	14	-0.0000817767	0.000000169999
12	113986709	115036601	1091	14	0.0001003912	0.000000352671
12	115036602	115503215	389	14	-0.0000302082	0.000000163246
12	115503216	117087470	1315	14	0.0000595574	0.000000360675
12	117087471	118135374	830	14	-0.0000471757	0.000000365423
12	118135375	119754109	1292	14	0.0000952055	0.000000377154
12	119754110	122007650	1186	14	0.0007475381	0.000000404031
12	122007651	124977979	1166	14	-0.0000416809	0.000000361203
12	124977980	126445504	1196	14	0.0000812327	0.000000418898
12	126445505	127875097	1414	14	-0.0000148819	0.000000374278
12	127875098	129237296	1424	14	0.0001172449	0.000000438790
12	129237297	130377920	1277	14	-0.0000146800	0.000000373333
12	130377921	131786750	1460	14	0.0000751465	0.000000413783
12	131786751	132807033	671	14	0.0001267998	0.000000327351
12	132807034	133841510	339	14	0.0001465919	0.000000173575
13	19020013	20686719	787	14	0.0000212614	0.000000301657
13	20686720	22242173	1149	14	-0.0000636972	0.000000359964
13	22242174	23594701	1311	14	0.0003672965	0.000000429020
13	23594702	24531936	1031	14	0.0000800730	0.000000361765
13	24531937	25784361	1230	14	-0.0001342749	0.000000358106
13	25784362	27284361	1158	14	0.0002645016	0.000000373164
13	27284362	29257550	1635	14	0.0001707975	0.000000385521
13	29257551	30483266	1074	14	-0.0000043319	0.000000356055
13	30483267	32301814	1550	14	-0.0000552666	0.000000385123
13	32301815	33776902	1216	14	0.0001268228	0.000000351644
13	33776903	35026463	1012	14	0.0002441935	0.000000333671
13	35026464	36046366	485	14	0.0001052528	0.000000179907
13	36046367	37498184	1304	14	-0.0000049376	0.000000350985
13	37498185	38878162	1438	14	0.0000949781	0.000000330861
13	38878163	41069262	1874	14	-0.0000695019	0.000000355050
13	41069263	43101026	1308	14	0.0002804034	0.000000351126
13	43101027	44901408	1652	14	0.0001977427	0.000000350457
13	44901409	46495213	984	14	-0.0000316759	0.000000365452
13	46495214	47431078	717	14	0.0000316554	0.000000239653
13	47431079	49383961	1417	14	0.0003554002	0.000000358383
13	49383962	51591090	1447	14	0.0002512276	0.000000363025
13	51591091	53339621	712	14	-0.0000146340	0.000000329094
13	53339622	54682863	1186	14	-0.0000242198	0.000000330353
13	54682864	55817130	882	14	-0.0000289007	0.000000207910
13	55817131	57554216	969	14	-0.0001064299	0.000000150559
13	57554217	58410625	563	14	0.0000879128	0.000000111470
13	58410626	59302270	695	14	-0.0000914263	0.000000125728
13	59302271	60854777	1321	14	0.0000969475	0.000000341070
13	60854778	61591948	707	14	0.0002710020	0.000000219486
13	61591949	63971558	1957	14	-0.0000619902	0.000000342801
13	63971559	65200601	1104	14	0.0001701706	0.000000203563
13	65200602	67844452	1735	14	0.0002589859	0.000000350234
13	67844453	70724515	2659	14	0.0000175760	0.000000338080
13	70724516	71526790	735	14	0.0001559129	0.000000314384
13	71526791	73934088	1828	14	-0.0000214773	0.000000364336
13	73934089	75670142	1488	14	0.0001389160	0.000000367424
13	75670143	77410554	1680	14	0.0004719560	0.000000358260
13	77410555	78808812	1014	14	0.0001008611	0.000000280953
13	78808813	80585675	1273	14	0.0000948915	0.000000350344
13	80585676	82581813	1609	14	0.0000214053	0.000000345896
13	82581814	84133143	1160	14	0.0000434185	0.000000228953
13	84133144	85610915	1116	14	0.0001066824	0.000000294022
13	85610916	88559881	2215	14	0.0003101927	0.000000359512
13	88559882	90521310	1361	14	0.0001009848	0.000000295114
13	90521311	93129690	2149	14	0.0002486435	0.000000359802
13	93129691	93586454	297	14	0.0000999362	0.000000105801
13	93586455	96087557	2203	14	-0.0000727867	0.000000360362
13	96087558	97519209	782	14	0.0001488720	0.000000247496
13	97519210	98938918	861	14	-0.0000142041	0.000000364385
13	98938919	100574094	1534	14	-0.0000876973	0.000000333412
13	100574095	102300522	1536	14	0.0000409698	0.000000334186
13	102300523	104066709	1886	14	0.0000884859	0.000000354423
13	104066710	104844113	758	14	0.0000606937	0.000000264295
13	104844114	106247553	1468	14	0.0000973189	0.000000370973
13	106247554	106749999	613	14	0.0000589358	0.000000224572
13	106750000	108189876	1276	14	-0.0000290798	0.000000365484
13	108189877	109121209	949	14	0.0001499336	0.000000381266
13	109121210	109815111	763	14	0.0004389526	0.000000297165
13	109815112	111232072	1388	14	0.0002386913	0.000000408012
13	111232073	112247591	877	14	0.0001719528	0.000000390227
13	112247592	113572487	973	14	0.0002244304	0.000000403037
13	113572488	115109852	730	14	0.0003388959	0.000000455965
14	19002084	21589401	1094	14	-0.0001192342	0.000000444030
14	21589402	23018664	1493	14	0.0000637928	0.000000364513
14	23018665	24905122	1212	14	0.0002414491	0.000000426262
14	24905123	26135685	1294	14	0.0000020140	0.000000338034
14	26135686	28466532	1652	14	0.0002345803	0.000000372485
14	28466533	29972144	913	14	0.0001088647	0.000000299346
14	29972145	32383264	1248	14	0.0000661772	0.000000366599
14	32383265	34846250	2246	14	0.0000522504	0.000000385567
14	34846251	35859592	484	14	0.0001074583	0.000000182133
14	35859593	38667724	1672	14	0.0002146681	0.000000358046
14	38667725	40341989	1192	14	0.0001115512	0.000000339577
14	40341990	41615501	1121	14	-0.0000377326	0.000000191090
14	41615502	43137388	1005	14	0.0001746041	0.000000260889
14	43137389	44543226	974	14	-0.0000898691	0.000000293882
14	44543227	46081895	814	14	0.0001473804	0.000000249019
14	46081896	46749129	537	14	0.0001362690	0.000000105160
14	46749130	48573585	1571	14	0.0003757979	0.000000345305
14	48573586	49005470	296	14	0.0000848723	0.000000077247
14	49005471	50507759	1005	14	0.0000428499	0.000000334282
14	50507760	51493571	703	14	0.0000101001	0.000000261953
14	51493572	53474382	1655	14	0.0001134196	0.000000347771
14	53474383	53997830	412	14	0.0002068182	0.000000116863
14	53997831	55233680	800	14	0.0001667431	0.000000354353
14	55233681	56216879	580	14	-0.0000452019	0.000000150106
14	56216880	57481261	1328	14	0.0000934955	0.000000339519
14	57481262	59448335	1482	14	0.0002822071	0.000000350704
14	59448336	61680423	1429	14	0.0003276092	0.000000333779
14	61680424	63790014	1665	14	0.0001943507	0.000000341718
14	63790015	65220297	686	14	0.0002523089	0.000000247039
14	65220298	66399554	774	14	-0.0000191765	0.000000277038
14	66399555	67992316	719	14	-0.0000614484	0.000000173654
14	67992317	71131956	2278	14	-0.0000033936	0.000000341205
14	71131957	72889614	1463	14	0.0000088950	0.000000328660
14	72889615	76444766	2120	14	0.0001237202	0.000000356367
14	76444767	77229471	629	14	0.0003596023	0.000000330978
14	77229472	78561944	1122	14	0.0002223789	0.000000356202
14	78561945	80186578	1235	14	0.0000635207	0.000000335415
14	80186579	81579713	1179	14	0.0000715350	0.000000321788
14	81579714	83138096	1065	14	0.0002382797	0.000000355104
14	83138097	84241632	958	14	-0.0000157049	0.000000297066
14	84241633	85746318	1168	14	0.0000668903	0.000000333154
14	85746319	86647001	655	14	0.0003279608	0.000000245823
14	86647002	87635340	739	14	0.0000622609	0.000000244891
14	87635341	89497642	1353	14	0.0000685856	0.000000340049
14	89497643	91296859	1330	14	0.0002215870	0.000000371591
14	91296860	93132298	1309	14	0.0001308760	0.000000367256
14	93132299	94325284	783	14	0.0000383201	0.000000323586
14	94325285	95750866	1591	14	0.0002137728	0.000000386384
14	95750867	96262414	701	14	0.0000448321	0.000000339415
14	96262415	98341161	1606	14	0.0000055381	0.000000375536
14	98341162	99138531	877	14	0.0000762155	0.000000248357
14	99138532	101534306	1636	14	0.0001556520	0.000000391805
14	101534307	103012101	764	14	-0.0000026709	0.000000412735
14	103012102	105001722	942	14	-0.0000164587	0.000000375757
14	105001723	106340357	302	14	0.0000472067	0.000000190076
14	106340358	107289453	284	14	0.0003197402	0.000000218939
15	20001200	21131603	36	6	0.0002425847	0.000000106856
15	21131604	24195126	600	14	-0.0001189063	0.000000345580
15	24195127	25108589	661	14	0.0001374831	0.000000222188
15	25108590	27298111	1748	14	-0.0001199044	0.000000386201
15	27298112	29338501	1071	14	-0.0000292985	0.000000361006
15	29338502	30165567	608	14	0.0000306997	0.000000255977
15	30165568	31591820	536	14	0.0000421706	0.000000261702
15	31591821	32441810	506	14	0.0002641221	0.000000200829
15	32441811	34015424	1343	14	0.0000221290	0.000000350986
15	34015425	35083250	752	14	0.0001714595	0.000000346713
15	35083251	37456501	1917	14	-0.0000180274	0.000000357548
15	37456502	38530776	747	14	0.0001746216	0.000000314636
15	38530777	40384131	1644	14	0.0002196862	0.000000360818
15	40384132	41177513	412	14	0.0002147935	0.000000173595
15	41177514	42776398	779	14	0.0006450997	0.000000358474
15	42776399	44198048	428	14	0.0001445739	0.000000125351
15	44198049	46618786	991	14	0.0001463849	0.000000340385
15	46618787	48136047	1351	14	-0.0000518068	0.000000312023
15	48136048	50008042	957	14	0.0001728683	0.000000272284
15	50008043	51677559	1138	14	0.0001175848	0.000000327272
15	51677560	53069095	793	14	0.0000653416	0.000000255293
15	53069096	54508527	1387	14	0.0001320130	0.000000335852
15	54508528	55136268	588	14	0.0001348317	0.000000232232
15	55136269	56901772	1113	14	0.0006277695	0.000000391953
15	56901773	58441365	1248	14	0.0003080102	0.000000371542
15	58441366	59694115	941	14	0.0000881305	0.000000364883
15	59694116	61265835	1223	14	0.0000165820	0.000000361114
15	61265836	63215221	1682	14	0.0000019144	0.000000355479
15	63215222	65104667	920	14	0.0005004704	0.000000385000
15	65104668	67094766	1042	14	0.0002977465	0.000000381985
15	67094767	69017998	1317	14	0.0001052988	0.000000351287
15	69017999	70133340	564	14	-0.0000123733	0.000000251269
15	70133341	71922648	1259	14	0.0000509935	0.000000362705
15	71922649	73628713	748	14	0.0001343964	0.000000202851
15	73628714	76398623	1013	14	0.0006394663	0.000000386895
15	76398624	78516052	1096	14	0.0000945676	0.000000337673
15	78516053	80860977	1905	14	-0.0000039081	0.000000334083
15	80860978	84260467	1529	14	0.0001135961	0.000000349037
15	84260468	86652904	1643	14	0.0000869716	0.000000339545
15	86652905	88369942	1510	14	0.0000732070	0.000000344387
15	88369943	90475550	1293	14	0.0002493854	0.000000380362
15	90475551	92164391	1182	14	0.0001526269	0.000000375317
15	92164392	93780901	1424	14	0.0000386609	0.000000373607
15	93780902	94924329	1184	14	0.0001707512	0.000000417041
15	94924330	96141595	1115	14	-0.0000588237	0.000000354532
15	96141596	98030909	1396	14	0.0001792999	0.000000392995
15	98030910	99244058	1123	14	0.0000329987	0.000000391681
15	99244059	100636846	1078	14	-0.0000896034	0.000000378623
15	100636847	101552693	714	14	0.0000062871	0.000000390111
15	101552694	102520965	744	14	0.0002674921	0.000000430302
16	60054	1207205	480	14	0.0008835384	0.000000504636
16	1207206	2764828	628	14	0.0001350479	0.000000389615
16	2764829	4001195	480	14	0.0000938847	0.000000342606
16	4001196	5118344	601	14	0.0001446839	0.000000438803
16	5118345	5891579	751	14	0.0001122147	0.000000410725
16	5891580	6893550	1262	14	0.0002498899	0.000000390352
16	6893551	7529120	933	14	0.0000750844	0.000000353789
16	7529121	8338518	1061	14	0.0001484839	0.000000378274
16	8338519	9799418	1376	14	0.0000251591	0.000000363574
16	9799419	10426031	762	14	0.0000292563	0.000000266787
16	10426032	11520160	810	14	-0.0000602226	0.000000377686
16	11520161	12613097	726	14	0.0001893962	0.000000380226
16	12613098	13154436	656	14	-0.0000166751	0.000000270751
16	13154437	14464001	1095	14	0.0000211503	0.000000340983
16	14464002	16154059	440	14	0.0002314374	0.000000262210
16	16154060	17644748	700	14	0.0002721097	0.000000408798
16	17644749	18643606	364	14	0.0002908884	0.000000175431
16	18643607	20150570	805	14	0.0001271523	0.000000384967
16	20150571	22448903	771	14	0.0000411008	0.000000302767
16	22448904	24136874	962	14	-0.0000513795	0.000000369393
16	24136875	25986861	1374	14	0.0003093502	0.000000388940
16	25986862	27445754	1231	14	0.0001747337	0.000000380420
16	27445755	29036612	534	14	0.0003518303	0.000000232170
16	29036613	31382942	467	14	0.0008971828	0.000000323465
16	31382943	46399472	248	14	0.0001287648	0.000000112058
16	46399473	49007925	607	14	0.0001471820	0.000000184003
16	49007926	52035822	2020	14	0.0000781473	0.000000363868
16	52035823	53382571	905	14	0.0000365550	0.000000292975
16	53382572	55903773	2187	14	0.0002889588	0.000000382094
16	55903774	57664329	1169	14	-0.0000165472	0.000000368570
16	57664330	59045404	902	14	0.0002629066	0.000000399321
16	59045405	60745693	1145	14	0.0002451216	0.000000370379
16	60745694	62229848	820	14	0.0000705054	0.000000230130
16	62229849	63691588	1026	14	0.0000812687	0.000000362408
16	63691589	65938565	1757	14	-0.0000800863	0.000000328842
16	65938566	68841362	1184	14	0.0007590790	0.000000400741
16	68841363	71054027	625	14	0.0001390806	0.000000284735
16	71054028	72935149	768	14	0.0000491929	0.000000298417
16	72935150	74971502	1295	14	0.0001974651	0.000000406336
16	74971503	75977953	460	14	0.0002010825	0.000000213644
16	75977954	77523677	1478	14	0.0001393222	0.000000362603
16	77523678	78456291	1178	14	0.0000128690	0.000000362556
16	78456292	79134814	984	14	0.0000917687	0.000000390186
16	79134815	80297373	1357	14	0.0002250276	0.000000365693
16	80297374	81772535	1453	14	0.0000013794	0.000000375441
16	81772536	82747727	1047	14	0.0001434543	0.000000397587
16	82747728	83477207	1088	14	0.0001888058	0.000000357252
16	83477208	84445882	1308	14	0.0000728034	0.000000395788
16	84445883	85148684	842	14	0.0000518651	0.000000436346
16	85148685	86156598	875	14	0.0000765318	0.000000465733
16	86156599	86815410	905	14	0.0003082592	0.000000422272
16	86815411	87647348	673	14	0.0001214319	0.000000420403
16	87647349	89041164	674	14	0.0001368596	0.000000546094
16	89041165	90292811	555	14	0.0001893538	0.000000349624
17	56	1172398	530	14	-0.0001598140	0.000000527699
17	1172399	1928730	424	14	0.0003727952	0.000000327315
17	1928731	3702311	1128	14	0.0002363063	0.000000408520
17	3702312	4696260	603	14	-0.0000550215	0.000000432099
17	4696261	5741333	777	14	0.0002073739	0.000000327321
17	5741334	7317397	1113	14	0.0000141992	0.000000441614
17	7317398	8306424	452	14	0.0003846252	0.000000303335
17	8306425	9965920	1237	14	0.0000482560	0.000000397277
17	9965921	11102814	916	14	0.0001491902	0.000000392759
17	11102815	12534768	1038	14	0.0000817783	0.000000380815
17	12534769	13180371	591	14	0.0000433867	0.000000294400
17	13180372	13894636	726	14	0.0000596987	0.000000390707
17	13894637	15019096	1304	14	0.0001663138	0.000000380487
17	15019097	16412341	604	14	0.0000785702	0.000000295929
17	16412342	18856319	1044	14	-0.0000026206	0.000000372693
17	18856320	21290356	741	14	0.0002255620	0.000000320418
17	21290357	27334243	1062	14	0.0005814161	0.000000406428
17	27334244	29786490	768	14	0.0000972965	0.000000236111
17	29786491	31538424	1002	14	-0.0000044522	0.000000362817
17	31538425	32912797	1616	14	-0.0000251499	0.000000339889
17	32912798	34469035	972	14	-0.0001215537	0.000000362810
17	34469036	36809343	862	14	-0.0000926681	0.000000391971
17	36809344	38877403	721	14	0.0004071473	0.000000367862
17	38877404	39899809	697	14	0.0001674172	0.000000256888
17	39899810	41772086	541	14	0.0000963363	0.000000189756
17	41772087	43056904	558	14	0.0001405296	0.000000216663
17	43056905	45876021	1244	14	0.0008459076	0.000000376457
17	45876022	47517399	907	14	0.0004488800	0.000000341331
17	47517400	49898956	1359	14	0.0003385117	0.000000414692
17	49898957	50719054	609	14	0.0001144738	0.000000158206
17	50719055	51826117	859	14	-0.0000134879	0.000000192833
17	51826118	53599431	1241	14	0.0001885546	0.000000363284
17	53599432	55357540	1203	14	0.0001660646	0.000000381552
17	55357541	57487511	1143	14	0.0001821292	0.000000385190
17	57487512	59312754	419	14	0.0004100526	0.000000145177
17	59312755	61545588	822	14	0.0002500195	0.000000390830
17	61545589	63148127	523	14	0.0001332744	0.000000213804
17	63148128	64800429	1372	14	0.0001023692	0.000000361856
17	64800430	67858769	1793	14	-0.0000058332	0.000000376200
17	67858770	69387816	1390	14	0.0002813629	0.000000352221
17	69387817	72672202	2611	14	-0.0000598077	0.000000389445
17	72672203	74375559	687	14	0.0001627466	0.000000374181
17	74375560	76263412	1297	14	-0.0000651916	0.000000449417
17	76263413	77298635	762	14	0.0001691202	0.000000468847
17	77298636	78837587	1035	14	0.0003730572	0.000000447360
17	78837588	80034407	457	14	0.0000911839	0.000000332177
17	80034408	81194907	553	14	0.0001721279	0.000000264098
18	10644	912485	719	14	0.0001758164	0.000000422447
18	912486	1942910	840	14	-0.0000459914	0.000000272236
18	1942911	3891657	1560	14	0.0000068594	0.000000401103
18	3891658	5834179	1608	14	-0.0000239429	0.000000391883
18	5834180	7090484	1090	14	-0.0000114786	0.000000403446
18	7090485	8498930	1105	14	0.0001096292	0.000000384186
18	8498931	11075912	2383	14	-0.0001251908	0.000000379750
18	11075913	11905439	567	14	0.0003781787	0.000000338826
18	11905440	14440798	1439	14	-0.0000038323	0.000000386402
18	14440799	19485843	357	14	0.0001470870	0.000000147734
18	19485844	20649471	669	14	0.0001166464	0.000000214019
18	20649472	22996650	1518	14	0.0003440361	0.000000354043
18	22996651	24026190	664	14	-0.0000961299	0.000000223226
18	24026191	25927681	1560	14	0.0001859595	0.000000362430
18	25927682	26875586	663	14	0.0000815014	0.000000144865
18	26875587	27866477	722	14	0.0000157200	0.000000178853
18	27866478	30264065	1876	14	0.0001039390	0.000000350361
18	30264066	31780066	876	14	0.0001374939	0.000000221822
18	31780067	33861963	1371	14	0.0000407378	0.000000342536
18	33861964	35075249	915	14	-0.0000086583	0.000000343368
18	35075250	36365489	1101	14	0.0000893148	0.000000291900
18	36365490	37684366	832	14	0.0004491801	0.000000224811
18	37684367	39892647	1831	14	0.0000978898	0.000000339427
18	39892648	42922105	2191	14	0.0000983510	0.000000337717
18	42922106	44299245	1225	14	0.0000595477	0.000000352694
18	44299246	45939731	1139	14	0.0000001015	0.000000353950
18	45939732	47730583	1378	14	0.0000202281	0.000000360578
18	47730584	51062184	2556	14	0.0001291212	0.000000343734
18	51062185	51554174	483	14	-0.0000450908	0.000000083967
18	51554175	55213837	2238	14	0.0001762177	0.000000347983
18	55213838	56530219	1110	14	0.0001432210	0.000000373594
18	56530220	57630482	1072	14	0.0001850968	0.000000364177
18	57630483	59020750	1013	14	0.0001762818	0.000000322802
18	59020751	60277714	1202	14	0.0000661338	0.000000346347
18	60277715	61820251	1212	14	0.0002308612	0.000000367718
18	61820252	63463401	1293	14	0.0000926380	0.000000335298
18	63463402	64252800	752	14	-0.0000208933	0.000000155421
18	64252801	66125816	1762	14	0.0001157521	0.000000352924
18	66125817	67175819	758	14	0.0000179596	0.000000289599
18	67175820	68621178	991	14	0.0001459524	0.000000400059
18	68621179	69621617	957	14	-0.0000436520	0.000000347825
18	69621618	71038473	1301	14	0.0002078724	0.000000380471
18	71038474	71971461	1034	14	-0.0001160951	0.000000379241
18	71971462	73526986	1369	14	-0.0001430533	0.000000342966
18	73526987	74813814	1150	14	0.0000047661	0.000000370573
18	74813815	75976316	1223	14	-0.0000346141	0.000000370274
18	75976317	77149990	990	14	0.0000660069	0.000000387971
18	77149991	78017157	531	14	-0.0000744197	0.000000259009
19	80840	610728	154	14	0.0002644117	0.000000244193
19	610729	2098395	532	14	-0.0000099867	0.000000886460
19	2098396	3019659	421	14	0.0004198442	0.000000391952
19	3019660	4348966	543	14	0.0004791953	0.000000649612
19	4348967	5811851	672	14	-0.0000049035	0.000000508169
19	5811852	6684884	354	14	-0.0000853200	0.000000261284
19	6684885	8347512	912	14	0.0001115554	0.000000505739
19	8347513	9238392	431	14	-0.0000341906	0.000000196351
19	9238393	11284027	822	14	0.0003320437	0.000000404541
19	11284028	13471126	759	14	0.0008601646	0.000000456383
19	13471127	14486346	372	14	-0.0000870676	0.000000248972
19	14486347	15648609	585	14	0.0000516995	0.000000331046
19	15648610	16374415	694	14	0.0000484678	0.000000242247
19	16374416	18409861	916	14	0.0003090521	0.000000489669
19	18409862	19877470	536	14	0.0004203534	0.000000294848
19	19877471	20905756	368	14	-0.0000662403	0.000000162769
19	20905757	22732895	951	14	-0.0000432250	0.000000264914
19	22732896	23467745	351	14	0.0001980334	0.000000112001
19	23467746	28557892	804	14	0.0002677070	0.000000215955
19	28557893	29790946	1232	14	0.0000420242	0.000000327687
19	29790947	30727953	719	14	0.0002209264	0.000000319857
19	30727954	32746519	1250	14	-0.0000912283	0.000000343437
19	32746520	34262951	964	14	0.0003415507	0.000000404365
19	34262952	36469294	1156	14	0.0000117791	0.000000418754
19	36469295	37527032	478	14	0.0002348571	0.000000143289
19	37527033	40170618	1128	14	0.0000472133	0.000000369031
19	40170619	40984600	328	14	-0.0000424239	0.000000130023
19	40984601	42131572	505	14	0.0000826087	0.000000317716
19	42131573	43862454	518	14	-0.0001670522	0.000000241114
19	43862455	44744107	538	14	0.0001142564	0.000000198937
19	44744108	46102696	657	14	0.0003117680	0.000000412852
19	46102697	47150081	489	14	0.0002812206	0.000000342063
19	47150082	49282226	998	14	-0.0000121851	0.000000454155
19	49282227	51532566	1055	14	-0.0000310316	0.000000517298
19	51532567	52985289	1198	14	0.0001384415	0.000000433491
19	52985290	54602361	1047	14	-0.0000873402	0.000000583089
19	54602362	55728079	622	14	0.0000574922	0.000000564408
19	55728080	57521334	1163	14	0.0000719081	0.000000480481
19	57521335	59118838	879	14	0.0002852977	0.000000376244
20	60479	697599	442	14	0.0001438602	0.000000333690
20	697600	2469500	1866	14	0.0000742615	0.000000394665
20	2469501	3828412	936	14	0.0001323259	0.000000375292
20	3828413	5477849	1497	14	0.0000989260	0.000000404125
20	5477850	7084072	1559	14	0.0000250110	0.000000367681
20	7084073	8117010	1061	14	0.0001602040	0.000000281384
20	8117011	9730920	1580	14	-0.0000159491	0.000000348571
20	9730921	11249535	1499	14	0.0000085347	0.000000380818
20	11249536	12447498	1101	14	0.0000669148	0.000000360142
20	12447499	13689863	1166	14	0.0001167721	0.000000389316
20	13689864	15958358	2050	14	0.0001501014	0.000000380492
20	15958359	17487231	1867	14	-0.0000931679	0.000000362236
20	17487232	18972202	1216	14	0.0000292747	0.000000388151
20	18972203	20959709	1783	14	0.0000350645	0.000000390406
20	20959710	22491455	894	14	0.0002733349	0.000000284634
20	22491456	23293789	836	14	0.0001448796	0.000000272064
20	23293790	24717723	1159	14	0.0001459842	0.000000377117
20	24717724	25344230	597	14	0.0000892524	0.000000142596
20	25344231	31614822	1176	14	0.0005683697	0.000000405434
20	31614823	32813440	476	14	0.0000059459	0.000000177420
20	32813441	34960445	791	14	0.0002957600	0.000000241971
20	34960446	36909529	928	14	-0.0001033915	0.000000370692
20	36909530	38436760	1099	14	0.0000204040	0.000000358904
20	38436761	39610855	966	14	0.0001314684	0.000000383999
20	39610856	40585688	568	14	0.0002033036	0.000000227394
20	40585689	41615459	1060	14	-0.0000734869	0.000000368204
20	41615460	42680175	717	14	0.0004140402	0.000000403698
20	42680176	44839055	1440	14	0.0001124186	0.000000382516
20	44839056	47199979	1960	14	0.0002704445	0.000000403384
20	47199980	49239657	1469	14	0.0004857079	0.000000411371
20	49239658	52472548	2589	14	0.0000947487	0.000000391563
20	52472549	54055265	1354	14	0.0002493899	0.000000404488
20	54055266	56447958	2240	14	0.0000436855	0.000000406933
20	56447959	58406571	1580	14	0.0000235428	0.000000428003
20	58406572	59561723	1074	14	0.0001638285	0.000000394434
20	59561724	61301854	1430	14	-0.0000008983	0.000000473237
20	61301855	62190179	542	14	0.0001693143	0.000000449620
20	62190180	62965162	391	14	0.0003820987	0.000000257759
21	9411243	15950981	637	14	0.0002064678	0.000000355497
21	15950982	18053164	1384	14	0.0007194536	0.000000413594
21	18053165	19480374	967	14	-0.0000127947	0.000000383984
21	19480375	20962338	1362	14	0.0000862133	0.000000376142
21	20962339	22072763	908	14	-0.0000126450	0.000000366472
21	22072764	23362874	1214	14	0.0002509946	0.000000380563
21	23362875	24696230	917	14	0.0001222468	0.000000334498
21	24696231	26469121	1532	14	0.0000157953	0.000000348490
21	26469122	27271018	478	14	0.0002557381	0.000000177652
21	27271019	29125225	1781	14	-0.0000033210	0.000000348566
21	29125226	31197024	1580	14	0.0000160012	0.000000341981
21	31197025	32668641	1102	14	0.0001314257	0.000000258992
21	32668642	34376998	1144	14	0.0000664314	0.000000357020
21	34376999	35225464	491	14	0.0000753184	0.000000220940
21	35225465	36524372	1066	14	0.0006116770	0.000000414141
21	36524373	37870778	991	14	0.0001918435	0.000000344958
21	37870779	38711703	622	14	0.0004665335	0.000000260077
21	38711704	40482901	1638	14	0.0003247702	0.000000379428
21	40482902	41389526	958	14	0.0002422586	0.000000369648
21	41389527	43321527	1804	14	-0.0000326179	0.000000383769
21	43321528	44506267	1252	14	0.0000216875	0.000000392938
21	44506268	46177104	1065	14	0.0003062099	0.000000429312
21	46177105	47492225	947	14	0.0000117203	0.000000382662
21	47492226	48119751	420	14	-0.0000552090	0.000000168982
22	16050408	17674294	419	14	0.0000225983	0.000000237002
22	17674295	18296087	439	14	0.0002057811	0.000000272271
22	18296088	19912357	1010	14	-0.0001297105	0.000000408517
22	19912358	22357324	1053	14	0.0002444286	0.000000430611
22	22357325	23712646	825	14	0.0000126992	0.000000453649
22	23712647	24984203	684	14	0.0001151836	0.000000310955
22	24984204	26791627	1430	14	-0.0000043953	0.000000403915
22	26791628	27834751	1369	14	0.0001350119	0.000000397723
22	27834752	29651798	1041	14	0.0003828570	0.000000394230
22	29651799	31439917	1008	14	0.0001987018	0.000000346810
22	31439918	32664985	602	14	0.0002202482	0.000000218422
22	32664986	34494913	1806	14	0.0002627061	0.000000388642
22	34494914	35530984	1191	14	0.0000905959	0.000000326832
22	35530985	37570268	1631	14	0.0002382113	0.000000420316
22	37570269	39307893	955	14	-0.0000335961	0.000000379555
22	39307894	40545796	623	14	0.0000116211	0.000000346399
22	40545797	42690817	861	14	0.0003074667	0.000000257756
22	42690818	43714199	777	14	0.0002595501	0.000000408910
22	43714200	44995307	1348	14	0.0002454763	0.000000400175
22	44995308	46470494	1199	14	0.0001030135	0.000000422567
22	46470495	47596317	925	14	0.0000186513	0.000000386038
22	47596318	48903702	1606	14	0.0000010478	0.000000386798
22	48903703	49824533	1372	14	-0.0000170600	0.000000421228
22	49824534	51243297	765	14	0.0002227713	0.000000418908
