chr	start	end	num_snp	k	local_h2g	var
1	10583	1892606	1420	22	0.0002356966	0.000000030078
1	1892607	3582735	3227	22	0.0005934709	0.000000036978
1	3582736	4380810	1800	22	0.0001396039	0.000000028225
1	4380811	5913892	4128	22	0.0004159495	0.000000033555
1	5913893	7247334	2229	22	0.0004803289	0.000000034796
1	7247335	9365198	3604	22	0.0003577062	0.000000032431
1	9365199	10806983	1720	22	0.0001583290	0.000000028586
1	10806984	11777840	1435	22	0.0002272945	0.000000029916
1	11777841	12779465	1574	22	0.0003293124	0.000000031884
1	12779466	14891510	2834	22	0.0003568529	0.000000032415
1	14891511	16897729	4391	22	0.0001858260	0.000000029116
1	16897730	18662898	3054	22	0.0002711418	0.000000030762
1	18662899	20469148	3829	22	0.0002489322	0.000000030334
1	20469149	21736587	2213	22	0.0002230830	0.000000029835
1	21736588	23086882	2921	22	0.0003702814	0.000000032674
1	23086883	23920589	1109	22	0.0002004869	0.000000025876
1	23920590	25516844	2619	22	0.0001938351	0.000000029271
1	25516845	27401866	2161	22	0.0003932431	0.000000033117
1	27401867	30161880	3168	22	0.0007190077	0.000000039399
1	30161881	32438684	4421	22	0.0008417950	0.000000041767
1	32438685	34799757	2783	22	0.0003340246	0.000000031975
1	34799758	37549182	2997	22	0.0006200963	0.000000037492
1	37549183	38731846	1975	22	0.0002942849	0.000000031208
1	38731847	40200566	2259	22	0.0003930054	0.000000033112
1	40200567	41975326	3130	22	0.0005237921	0.000000035634
1	41975327	43758456	2714	22	0.0003363058	0.000000032019
1	43758457	44969182	1564	22	0.0009465498	0.000000043788
1	44969183	46899500	2670	22	0.0001263018	0.000000027968
1	46899501	48002575	1713	22	0.0003331285	0.000000031957
1	48002576	48978187	1273	22	0.0002320772	0.000000030008
1	48978188	49894176	831	22	0.0004814023	0.000000026289
1	49894177	51713725	1429	22	0.0004871972	0.000000027955
1	51713726	54226261	2678	22	0.0004525208	0.000000034260
1	54226262	56413116	4061	22	0.0002821692	0.000000030975
1	56413117	57021727	1161	22	0.0001362045	0.000000022017
1	57021728	58865398	3458	22	0.0002499093	0.000000030352
1	58865399	59890408	1865	22	0.0001848355	0.000000029097
1	59890409	61922364	2618	22	0.0005256259	0.000000035670
1	61922365	63455088	2657	22	0.0002768313	0.000000030872
1	63455089	65041703	3128	22	0.0002390732	0.000000030143
1	65041704	66939403	3087	22	0.0006184665	0.000000037460
1	66939404	68477894	3084	22	0.0003137271	0.000000031583
1	68477895	69687615	1876	22	0.0003084904	0.000000031482
1	69687616	71372469	2886	22	0.0003400632	0.000000032091
1	71372470	71684404	534	21	0.0004247624	0.000000014714
1	71684405	74326906	3484	22	0.0008471599	0.000000041871
1	74326907	76728134	3994	22	0.0003999012	0.000000033245
1	76728135	79661197	4862	22	0.0002488301	0.000000030332
1	79661198	81354190	3098	22	0.0004954651	0.000000035088
1	81354191	83991747	5188	22	0.0001834925	0.000000029071
1	83991748	84844494	1256	22	0.0006662993	0.000000034402
1	84844495	86454750	2956	22	0.0003523380	0.000000032328
1	86454751	88128630	3051	22	0.0001873017	0.000000029145
1	88128631	90066302	2547	22	0.0002751230	0.000000030839
1	90066303	91886316	2794	22	0.0004315060	0.000000033855
1	91886317	93536458	2603	22	0.0002362084	0.000000030088
1	93536459	94506190	1482	22	0.0001750840	0.000000020832
1	94506191	96150892	2845	22	0.0006057445	0.000000037215
1	96150893	97885248	2862	22	0.0011976725	0.000000048631
1	97885249	99800603	2955	22	0.0013520014	0.000000051607
1	99800604	100826404	1434	22	0.0002752146	0.000000028480
1	100826405	102041015	2178	22	0.0004166799	0.000000033569
1	102041016	102898744	1633	22	0.0003638330	0.000000028085
1	102898745	103914210	1801	22	0.0003586570	0.000000022873
1	103914211	106087841	4051	22	0.0004595579	0.000000034396
1	106087842	108409664	3815	22	0.0003513820	0.000000032309
1	108409665	110303930	2991	22	0.0002940847	0.000000031204
1	110303931	111741736	2560	22	0.0005729756	0.000000036583
1	111741737	113273305	2962	22	0.0007697581	0.000000040378
1	113273306	114873844	2432	22	0.0002412464	0.000000030185
1	114873845	115880592	1473	22	0.0006814665	0.000000038675
1	115880593	118839066	4228	22	0.0003430249	0.000000032148
1	118839067	144977493	2979	22	0.0001369483	0.000000028174
1	144977494	148361252	2179	22	0.0003005472	0.000000031329
1	148361253	151538880	2012	22	0.0007886765	0.000000040743
1	151538881	153180828	2534	22	0.0002793084	0.000000030919
1	153180829	154770402	2225	22	0.0005427634	0.000000036000
1	154770403	156336132	1420	22	0.0008376290	0.000000041687
1	156336133	158027411	2818	22	0.0001679451	0.000000028772
1	158027412	159913047	3782	22	0.0002338523	0.000000030043
1	159913048	162346720	4043	22	0.0003549472	0.000000032378
1	162346721	165191701	5329	22	0.0004804368	0.000000034798
1	165191702	166460516	2377	22	0.0002293403	0.000000029956
1	166460517	169086323	5003	22	0.0003479932	0.000000032244
1	169086324	170557775	3303	22	0.0003218580	0.000000031740
1	170557776	173097906	4597	22	0.0002866856	0.000000031062
1	173097907	175089767	2524	22	0.0006987494	0.000000039009
1	175089768	177433380	3735	22	0.0010013291	0.000000044844
1	177433381	178944308	2210	22	0.0005764338	0.000000036650
1	178944309	178954469	16	2	0.0000066400	0.000000000717
1	178954470	181144120	4428	22	0.0005064770	0.000000035301
1	181144121	182755355	2749	22	0.0004803864	0.000000034797
1	182755356	184595512	2951	22	0.0005995248	0.000000037095
1	184595513	186810022	2649	22	0.0004590550	0.000000034386
1	186810023	188759944	4755	22	0.0003893572	0.000000033042
1	188759945	189904129	1550	22	0.0003646011	0.000000022723
1	189904130	191868929	3518	22	0.0006165394	0.000000037423
1	191868930	194107441	3385	22	0.0005236972	0.000000035633
1	194107442	196176200	4304	22	0.0004340315	0.000000033903
1	196176201	197311513	1547	22	0.0004259445	0.000000027588
1	197311514	199239883	2519	22	0.0002242597	0.000000029858
1	199239884	200137648	1969	22	0.0003329645	0.000000031954
1	200137649	201589974	2989	22	0.0005042726	0.000000035258
1	201589975	203334733	2601	22	0.0001327726	0.000000028093
1	203334734	204681067	2331	22	0.0006059503	0.000000037219
1	204681068	206073264	2305	22	0.0005750876	0.000000036624
1	206073265	208410363	2752	22	0.0005366106	0.000000035882
1	208410364	210787749	3927	22	0.0001206813	0.000000027860
1	210787750	212842329	3596	22	0.0003504382	0.000000032291
1	212842330	214578265	2561	22	0.0002114221	0.000000029610
1	214578266	216243633	2820	22	0.0004556317	0.000000034320
1	216243634	218705512	4660	22	0.0002520669	0.000000030394
1	218705513	219590570	1785	22	0.0001344538	0.000000026606
1	219590571	221858230	3809	22	0.0002213648	0.000000029802
1	221858231	222230219	680	22	0.0002886404	0.000000020898
1	222230220	224938519	4091	22	0.0006310800	0.000000037704
1	224938520	226810859	2875	22	0.0004477167	0.000000034167
1	226810860	229156247	4329	22	0.0004006859	0.000000033260
1	229156248	230685254	2567	22	0.0003993151	0.000000033234
1	230685255	232090251	2716	22	0.0001905332	0.000000029207
1	232090252	233429283	2666	22	0.0002999615	0.000000031318
1	233429284	234599433	2604	22	0.0001344477	0.000000028126
1	234599434	235819435	2052	22	0.0003827579	0.000000032914
1	235819436	237555627	3684	22	0.0001557673	0.000000028537
1	237555628	238567806	2130	22	0.0006267519	0.000000037620
1	238567807	239925313	2659	22	0.0006700362	0.000000038455
1	239925314	240564090	1674	22	0.0004079290	0.000000033400
1	240564091	241582219	2146	22	0.0002602762	0.000000030552
1	241582220	242071601	1019	22	0.0002304723	0.000000028568
1	242071602	244109498	3787	22	0.0009880582	0.000000044588
1	244109499	245506745	2688	22	0.0003719166	0.000000032705
1	245506746	247344517	4606	22	0.0005234807	0.000000035628
1	247344518	249239465	3435	22	0.0001826632	0.000000029055
2	10133	1781021	4753	22	0.0003600190	0.000000032476
2	1781022	3973778	4979	22	0.0001802842	0.000000029010
2	3973779	5708336	3393	22	0.0004883867	0.000000034952
2	5708337	6836253	2662	22	0.0002424132	0.000000030208
2	6836254	8422146	2694	22	0.0004928970	0.000000035039
2	8422147	10298468	3652	22	0.0002772081	0.000000030879
2	10298469	12419149	5165	22	0.0001299525	0.000000028039
2	12419150	14335307	3753	22	0.0002012696	0.000000029414
2	14335308	16329734	3727	22	0.0001762229	0.000000028931
2	16329735	18647422	4104	22	0.0004953530	0.000000035086
2	18647423	19692403	1722	22	0.0002821208	0.000000030974
2	19692404	21050489	2887	22	0.0002354032	0.000000030073
2	21050490	23341382	2889	22	0.0007972814	0.000000040909
2	23341383	24686917	2299	22	0.0003394263	0.000000032079
2	24686918	26894984	2879	22	0.0005958408	0.000000037024
2	26894985	28598776	1786	22	0.0007894765	0.000000040758
2	28598777	29217558	1121	22	0.0004822637	0.000000034834
2	29217559	30463710	2366	22	0.0004347180	0.000000033917
2	30463711	31550449	2435	22	0.0002371023	0.000000030105
2	31550450	33363776	2428	22	0.0002243413	0.000000029859
2	33363777	35345027	4732	22	0.0001891231	0.000000029180
2	35345028	36122005	2279	22	0.0003468019	0.000000032164
2	36122006	38132711	4264	22	0.0005442916	0.000000036030
2	38132712	39031336	1653	22	0.0003401668	0.000000032093
2	39031337	40281482	1490	22	0.0007829068	0.000000040632
2	40281483	43309589	6390	22	0.0005787808	0.000000036695
2	43309590	44313802	2028	22	0.0001399420	0.000000028232
2	44313803	46482633	4393	22	0.0002669348	0.000000030681
2	46482634	47318771	1738	22	0.0001659951	0.000000028734
2	47318772	48213000	1669	22	0.0006555779	0.000000038176
2	48213001	50022256	3724	22	0.0003851980	0.000000032962
2	50022257	50818927	1732	22	0.0004761759	0.000000034659
2	50818928	52491132	3077	22	0.0003772180	0.000000032808
2	52491133	53508451	2592	22	0.0002017969	0.000000029424
2	53508452	54685225	2232	22	0.0005464757	0.000000036072
2	54685226	56203344	2889	22	0.0007300536	0.000000039612
2	56203345	57429099	2242	22	0.0004281311	0.000000033790
2	57429100	58297314	1913	22	0.0011435269	0.000000045320
2	58297315	60291999	2858	22	0.0010340352	0.000000045475
2	60292000	62429043	2764	22	0.0007052538	0.000000039134
2	62429044	64625912	2850	22	0.0003935691	0.000000033123
2	64625913	65933443	2206	22	0.0002077053	0.000000029538
2	65933444	67226165	2086	22	0.0002213149	0.000000029801
2	67226166	68010175	1849	22	0.0001840786	0.000000029083
2	68010176	69139563	2210	22	0.0001769336	0.000000028945
2	69139564	70755197	2376	22	0.0003743314	0.000000032752
2	70755198	73174847	3952	22	0.0004141832	0.000000033521
2	73174848	75630085	3429	22	0.0007635034	0.000000040258
2	75630086	76913660	2665	22	0.0003745512	0.000000032756
2	76913661	78079263	2655	22	0.0003789939	0.000000032842
2	78079264	80050402	4188	22	0.0003395838	0.000000032082
2	80050403	81620840	2537	22	0.0002500776	0.000000030356
2	81620841	85140679	6381	22	0.0000977823	0.000000027418
2	85140680	88038506	3253	22	0.0003222009	0.000000031747
2	88038507	89154525	1198	22	0.0002033625	0.000000025601
2	89154526	95326451	171	5	0.0000486306	0.000000003915
2	95326452	98995200	2630	22	0.0005694131	0.000000036514
2	98995201	101822328	4328	22	0.0004187914	0.000000033609
2	101822329	102688764	1507	22	0.0002219796	0.000000029814
2	102688765	103588214	1820	22	0.0004629868	0.000000033839
2	103588215	105125033	1644	22	0.0006078964	0.000000037256
2	105125034	106210057	1988	22	0.0002916738	0.000000031158
2	106210058	107408266	2480	22	0.0002510033	0.000000030373
2	107408267	108429176	2036	22	0.0002128283	0.000000029637
2	108429177	110572431	3056	22	0.0005092049	0.000000035353
2	110572432	113921855	3665	22	0.0004056643	0.000000033356
2	113921856	116772469	4273	22	0.0003189429	0.000000031684
2	116772470	118367465	2715	22	0.0001590080	0.000000028599
2	118367466	121303782	4913	22	0.0004840935	0.000000034869
2	121303783	123302905	3010	22	0.0003218908	0.000000031741
2	123302906	124732249	2973	22	0.0002893311	0.000000031113
2	124732250	125840920	2102	22	0.0005526912	0.000000036192
2	125840921	127373763	3204	22	0.0002073384	0.000000029531
2	127373764	128034346	1584	22	0.0004078773	0.000000033399
2	128034347	129474440	2583	22	0.0001600540	0.000000028619
2	129474441	130067169	1260	22	0.0000983010	0.000000021180
2	130067170	130658084	1063	22	0.0000696247	0.000000018010
2	130658085	133042783	2963	22	0.0003366199	0.000000032025
2	133042784	135158577	3694	22	0.0002808529	0.000000030949
2	135158578	137042793	2103	22	0.0004186100	0.000000033606
2	137042794	138698116	3265	22	0.0002719519	0.000000030777
2	138698117	140100270	2357	22	0.0003615291	0.000000032505
2	140100271	141805350	3499	22	0.0003493222	0.000000032270
2	141805351	142518601	1737	22	0.0002236046	0.000000029732
2	142518602	144519483	3324	22	0.0002652564	0.000000030648
2	144519484	146445569	1758	22	0.0008651251	0.000000042217
2	146445570	147277161	848	22	0.0002146071	0.000000018071
2	147277162	150210291	3501	22	0.0009632276	0.000000044109
2	150210292	151731461	2310	22	0.0003086533	0.000000031485
2	151731462	152486781	1425	22	0.0001193461	0.000000023599
2	152486782	154005055	2465	22	0.0005954201	0.000000037016
2	154005056	155391134	2801	22	0.0003776375	0.000000032816
2	155391135	157560634	3081	22	0.0007381508	0.000000039769
2	157560635	158533217	747	22	0.0001585437	0.000000020142
2	158533218	159577081	1907	22	0.0003567276	0.000000032412
2	159577082	161769732	4060	22	0.0003204425	0.000000031713
2	161769733	163503550	1724	22	0.0004287171	0.000000033801
2	163503551	164466637	1255	22	0.0001904591	0.000000023114
2	164466638	165178839	837	22	0.0001101563	0.000000017316
2	165178840	167160269	3101	22	0.0003890472	0.000000033036
2	167160270	167355969	402	18	0.0005144281	0.000000016427
2	167355970	169968235	4359	22	0.0004774400	0.000000034741
2	169968236	171226244	2747	22	0.0002160622	0.000000029700
2	171226245	173138904	3252	22	0.0004592860	0.000000034390
2	173138905	175588928	4216	22	0.0004300085	0.000000033826
2	175588929	177363635	2685	22	0.0004370776	0.000000033962
2	177363636	178553182	2003	22	0.0000297083	0.000000026106
2	178553183	181312738	5036	22	0.0004323305	0.000000033871
2	181312739	182266030	1824	22	0.0001360106	0.000000027084
2	182266031	184357607	3292	22	0.0002902721	0.000000031131
2	184357608	185280172	2039	22	0.0003427876	0.000000029170
2	185280173	189882064	6379	22	0.0007860349	0.000000040692
2	189882065	191973356	2693	22	0.0002771951	0.000000030879
2	191973357	195861163	4078	22	0.0007874593	0.000000040720
2	195861164	196447455	806	22	0.0002842359	0.000000017912
2	196447456	198078109	2164	22	0.0007023363	0.000000039078
2	198078110	199311124	1442	22	0.0008590032	0.000000038555
2	199311125	201576283	2556	22	0.0014292323	0.000000053097
2	201576284	202818636	1387	22	0.0002562698	0.000000030475
2	202818637	205799240	3640	22	0.0003422282	0.000000032133
2	205799241	206735703	1462	22	0.0005067823	0.000000035306
2	206735704	208645398	3236	22	0.0007013767	0.000000039059
2	208645399	209941528	2027	22	0.0001942408	0.000000029279
2	209941529	212379517	4358	22	0.0003497794	0.000000032278
2	212379518	214014281	3488	22	0.0004428016	0.000000034072
2	214014282	215573794	2563	22	0.0004157888	0.000000033552
2	215573795	217715660	3592	22	0.0003051796	0.000000031418
2	217715661	218395479	1206	22	0.0002320681	0.000000030008
2	218395480	220454550	2410	22	0.0003361016	0.000000032015
2	220454551	222521175	3992	22	0.0004910357	0.000000035003
2	222521176	224859418	4060	22	0.0001908832	0.000000029214
2	224859419	225840003	1819	22	0.0005297993	0.000000035750
2	225840004	228119841	3892	22	0.0004174583	0.000000033584
2	228119842	229370786	3114	22	0.0007746368	0.000000040472
2	229370787	231843388	4939	22	0.0004038777	0.000000033322
2	231843389	233550002	2779	22	0.0003763525	0.000000032791
2	233550003	235150986	3130	22	0.0008304832	0.000000041549
2	235150987	236043549	2246	22	0.0001060794	0.000000027578
2	236043550	237449031	2622	22	0.0006575970	0.000000038215
2	237449032	238760980	2861	22	0.0002290900	0.000000029951
2	238760981	239952642	2638	22	0.0001723608	0.000000028857
2	239952643	241560083	4197	22	0.0001652103	0.000000028719
2	241560084	242149920	1397	22	0.0001265429	0.000000027973
2	242149921	243188919	1876	22	0.0004276078	0.000000033779
3	60157	1441778	3111	22	0.0003772924	0.000000032809
3	1441779	2992119	4853	22	0.0007663693	0.000000040313
3	2992120	4431646	3610	22	0.0002496929	0.000000030348
3	4431647	6083182	3830	22	0.0003089036	0.000000031490
3	6083183	7083386	2386	22	0.0001488355	0.000000028403
3	7083387	8648560	4009	22	0.0003605553	0.000000032486
3	8648561	9543182	1880	22	0.0002218973	0.000000029812
3	9543183	11019664	2666	22	0.0004763907	0.000000034720
3	11019665	13070798	3615	22	0.0004415761	0.000000034049
3	13070799	14816899	3772	22	0.0003808781	0.000000032878
3	14816900	16282441	2570	22	0.0002979098	0.000000031278
3	16282442	17891117	2478	22	0.0007802330	0.000000040580
3	17891118	19125143	1894	22	0.0003854410	0.000000032966
3	19125144	20091347	1148	22	0.0002357360	0.000000026169
3	20091348	21643706	3759	22	0.0002241894	0.000000029856
3	21643707	22204243	2106	22	0.0003325632	0.000000031946
3	22204244	23804864	3313	22	0.0003036010	0.000000031388
3	23804865	25461557	3472	22	0.0004207939	0.000000033648
3	25461558	26877768	2357	22	0.0003523615	0.000000032328
3	26877769	27840909	1818	22	0.0001085520	0.000000027626
3	27840910	29142259	2139	22	0.0005477933	0.000000036097
3	29142260	30717954	3474	22	0.0007782510	0.000000040542
3	30717955	32351714	2996	22	0.0005317355	0.000000035788
3	32351715	33255591	1732	22	0.0003380877	0.000000032053
3	33255592	35283457	3328	22	0.0009283409	0.000000043437
3	35283458	36486841	2017	22	0.0004468299	0.000000034037
3	36486842	38356115	2493	22	0.0008095809	0.000000041146
3	38356116	40221297	3368	22	0.0005656875	0.000000036442
3	40221298	41064527	700	22	0.0002298042	0.000000018258
3	41064528	42540001	2922	22	0.0002435596	0.000000030230
3	42540002	45165152	3189	22	0.0005097718	0.000000035364
3	45165153	46657499	3065	22	0.0003196971	0.000000031698
3	46657500	47727211	969	22	0.0002216409	0.000000022904
3	47727212	49316971	1015	22	0.0003064857	0.000000021503
3	49316972	51832014	2128	22	0.0007568141	0.000000039958
3	51832015	54081389	2699	22	0.0008426650	0.000000041784
3	54081390	55348859	2559	22	0.0002783709	0.000000030901
3	55348860	56433906	1738	22	0.0002394609	0.000000030151
3	56433907	58157518	2883	22	0.0002424218	0.000000030208
3	58157519	60272905	4330	22	0.0005897523	0.000000036907
3	60272906	62355665	4367	22	0.0004047849	0.000000033339
3	62355666	63669285	2830	22	0.0004634359	0.000000034470
3	63669286	65273537	3125	22	0.0008038940	0.000000041036
3	65273538	66270446	1796	22	0.0001336934	0.000000028111
3	66270447	68286913	3652	22	0.0005504345	0.000000036148
3	68286914	69276761	1723	22	0.0003249072	0.000000031799
3	69276762	70449027	2230	22	0.0006629430	0.000000038318
3	70449028	72529328	3287	22	0.0007171414	0.000000039363
3	72529329	74321816	3257	22	0.0003101902	0.000000031515
3	74321817	75704948	1838	22	0.0001847265	0.000000029095
3	75704949	77508834	3001	22	0.0004268299	0.000000033764
3	77508835	79024540	2164	22	0.0001246793	0.000000027937
3	79024541	81427309	3654	22	0.0005560884	0.000000036257
3	81427310	82643885	1755	22	0.0004097547	0.000000030349
3	82643886	84367478	2554	22	0.0001461657	0.000000028352
3	84367479	85582230	2223	22	0.0004073377	0.000000032484
3	85582231	87409731	3195	22	0.0005097466	0.000000035364
3	87409732	88298372	1664	22	0.0002100935	0.000000021664
3	88298373	94255315	3499	22	0.0002114455	0.000000029611
3	94255316	95311970	2077	22	0.0004985289	0.000000031007
3	95311971	98215949	4511	22	0.0002810585	0.000000030953
3	98215950	99373761	2248	22	0.0001588647	0.000000028596
3	99373762	100592216	1425	22	0.0002926605	0.000000028316
3	100592217	103084959	4394	22	0.0002065159	0.000000029515
3	103084960	104581612	3522	22	0.0000977102	0.000000027417
3	104581613	106982810	4456	22	0.0004318456	0.000000033861
3	106982811	109522394	4195	22	0.0004239702	0.000000033709
3	109522395	110513769	1865	22	0.0001065639	0.000000021393
3	110513770	112815698	3852	22	0.0002914578	0.000000031154
3	112815699	113947862	1703	22	0.0002444030	0.000000030246
3	113947863	115447079	1686	22	0.0002993974	0.000000031307
3	115447080	116800152	2576	22	0.0002366849	0.000000030097
3	116800153	118530250	3009	22	0.0004573586	0.000000034353
3	118530251	120523054	3434	22	0.0002956015	0.000000031234
3	120523055	121974096	2524	22	0.0002014316	0.000000029361
3	121974097	123517767	2477	22	0.0004042484	0.000000033329
3	123517768	124936641	2695	22	0.0007488511	0.000000039975
3	124936642	126214942	3300	22	0.0003539231	0.000000032358
3	126214943	128194860	3136	22	0.0005270027	0.000000035696
3	128194861	130244734	3178	22	0.0001947400	0.000000029288
3	130244735	131836515	2855	22	0.0002437087	0.000000030233
3	131836516	133252172	2936	22	0.0003789323	0.000000032841
3	133252173	135456905	3692	22	0.0002733192	0.000000030804
3	135456906	137371082	2569	22	0.0009708524	0.000000044256
3	137371083	139954596	3834	22	0.0002990301	0.000000031300
3	139954597	141339096	2070	22	0.0003888381	0.000000033032
3	141339097	143164627	3197	22	0.0002680961	0.000000030703
3	143164628	144410815	1978	22	0.0004506373	0.000000034224
3	144410816	145664618	2773	22	0.0002198822	0.000000029773
3	145664619	146726628	2145	22	0.0000803421	0.000000027082
3	146726629	149043236	3859	22	0.0005112678	0.000000035393
3	149043237	150252003	2129	22	0.0001653269	0.000000028721
3	150252004	151348729	1661	22	0.0001908652	0.000000029214
3	151348730	153256570	3475	22	0.0005267732	0.000000035692
3	153256571	154714217	2744	22	0.0001914320	0.000000029225
3	154714218	156008699	1923	22	0.0003197272	0.000000031699
3	156008700	157312027	2116	22	0.0001963610	0.000000029320
3	157312028	159477889	3758	22	0.0002485271	0.000000030326
3	159477890	161524503	2974	22	0.0007472838	0.000000039945
3	161524504	163253204	4840	22	0.0006685082	0.000000038425
3	163253205	165055468	3578	22	0.0002988396	0.000000031296
3	165055469	167117428	3762	22	0.0001413816	0.000000028259
3	167117429	168580959	2040	22	0.0005319673	0.000000035792
3	168580960	170964908	3690	22	0.0006812401	0.000000038671
3	170964909	172295730	2475	22	0.0002410092	0.000000030181
3	172295731	173477284	1835	22	0.0003852572	0.000000032963
3	173477285	175116538	3293	22	0.0004366608	0.000000033954
3	175116539	176320286	2259	22	0.0004873642	0.000000034932
3	176320287	178107164	3162	22	0.0004359503	0.000000033940
3	178107165	179374585	2264	22	0.0001036045	0.000000027531
3	179374586	181511165	2621	22	0.0011424827	0.000000047566
3	181511166	183769682	3472	22	0.0002851653	0.000000031032
3	183769683	185068254	2251	22	0.0002742781	0.000000030822
3	185068255	186890343	3143	22	0.0002750947	0.000000030838
3	186890344	188856213	3240	22	0.0000915116	0.000000027298
3	188856214	190226606	3333	22	0.0001670356	0.000000028754
3	190226607	192343813	4664	22	0.0003533831	0.000000032348
3	192343814	194059670	3432	22	0.0002504489	0.000000030363
3	194059671	194786673	2288	22	0.0001968381	0.000000029329
3	194786674	195971407	2237	22	0.0002788302	0.000000030910
3	195971408	197075986	2101	22	0.0005682214	0.000000036491
3	197075987	197946621	1402	22	0.0004732456	0.000000034660
4	10240	694714	843	22	0.0002566565	0.000000020336
4	694715	1478710	1663	22	0.0003458332	0.000000032202
4	1478711	2842978	2295	22	0.0002076865	0.000000029538
4	2842979	3846039	1572	22	0.0002813012	0.000000030958
4	3846040	4684115	1712	22	0.0002823910	0.000000030979
4	4684116	5502387	1968	22	0.0003087714	0.000000031488
4	5502388	6773042	3288	22	0.0002927530	0.000000031179
4	6773043	7539691	2230	22	0.0002170443	0.000000029719
4	7539692	8152234	1806	22	0.0001551286	0.000000028524
4	8152235	9326478	1470	22	0.0000747039	0.000000026973
4	9326479	10699151	3489	22	0.0003718723	0.000000032705
4	10699152	12323033	3758	22	0.0002343745	0.000000030053
4	12323034	14272000	3941	22	0.0003099230	0.000000031510
4	14272001	15147445	1752	22	0.0004848906	0.000000034884
4	15147446	15927008	1331	22	0.0001930192	0.000000028859
4	15927009	17383321	2903	22	0.0003896638	0.000000033048
4	17383322	18841873	2509	22	0.0004601421	0.000000034407
4	18841874	20544556	3586	22	0.0007520767	0.000000040037
4	20544557	22319346	3641	22	0.0002344426	0.000000030054
4	22319347	24135528	3125	22	0.0005759609	0.000000036641
4	24135529	25609321	2699	22	0.0005717102	0.000000036559
4	25609322	27343721	2611	22	0.0005693149	0.000000036512
4	27343722	27965867	1249	22	0.0004159043	0.000000029527
4	27965868	29762207	4006	22	0.0002817502	0.000000030966
4	29762208	30454534	1112	22	0.0001973473	0.000000019408
4	30454535	31782980	2684	22	0.0006161059	0.000000037415
4	31782981	33172765	3149	22	0.0003041975	0.000000031399
4	33172766	35151414	2911	22	0.0005345647	0.000000035842
4	35151415	36020435	2363	22	0.0000137368	0.000000025798
4	36020436	37255046	2975	22	0.0004726388	0.000000034648
4	37255047	38907021	3853	22	0.0003664285	0.000000032600
4	38907022	40202608	2532	22	0.0004351685	0.000000033925
4	40202609	42213057	3898	22	0.0001539856	0.000000028502
4	42213058	43965044	3468	22	0.0002136284	0.000000029653
4	43965045	45189156	2685	22	0.0004222096	0.000000033675
4	45189157	47411895	3019	22	0.0006329072	0.000000037739
4	47411896	48123599	1289	22	0.0003339463	0.000000025386
4	48123600	53877432	2651	22	0.0003399673	0.000000032089
4	53877433	55429555	2634	22	0.0005725629	0.000000036575
4	55429556	56547643	2200	22	0.0003749105	0.000000032763
4	56547644	58935007	5184	22	0.0002535183	0.000000030422
4	58935008	60741086	4115	22	0.0005576439	0.000000036287
4	60741087	62371762	3374	22	0.0002632512	0.000000030610
4	62371763	64341000	3731	22	0.0006889424	0.000000038820
4	64341001	66600491	4384	22	0.0007085760	0.000000039198
4	66600492	68059496	2734	22	0.0002555906	0.000000030462
4	68059497	68854764	1574	22	0.0002653421	0.000000025587
4	68854765	71049151	3856	22	0.0001213735	0.000000027873
4	71049152	72140557	1884	22	0.0003449284	0.000000028436
4	72140558	74592389	3375	22	0.0004926709	0.000000035034
4	74592390	77130706	4554	22	0.0002482711	0.000000030321
4	77130707	79093978	3914	22	0.0003218834	0.000000031740
4	79093979	80990296	3171	22	0.0004081925	0.000000033405
4	80990297	82125314	1401	22	0.0005710996	0.000000030597
4	82125315	83372592	2119	22	0.0002351058	0.000000030067
4	83372593	84799655	2694	22	0.0003149677	0.000000031607
4	84799656	86930608	3463	22	0.0002741343	0.000000030820
4	86930609	87534647	737	22	0.0004203284	0.000000019044
4	87534648	89238027	3186	22	0.0003755532	0.000000032776
4	89238028	90231563	1752	22	0.0002450575	0.000000030259
4	90231564	91560676	2024	22	0.0004214778	0.000000033661
4	91560677	94233298	3806	22	0.0006541692	0.000000038149
4	94233299	96182187	3305	22	0.0004518708	0.000000034247
4	96182188	97540702	2822	22	0.0004207770	0.000000033648
4	97540703	99424066	3280	22	0.0004202932	0.000000033638
4	99424067	100678359	2321	22	0.0002217272	0.000000029809
4	100678360	103221355	4677	22	0.0009215127	0.000000043305
4	103221356	105305293	3048	22	0.0005972133	0.000000037050
4	105305294	107501304	3213	22	0.0003036872	0.000000031390
4	107501305	108815347	1894	22	0.0002625402	0.000000030596
4	108815348	111256566	4216	22	0.0002964036	0.000000031249
4	111256567	113870101	3946	22	0.0002638426	0.000000030621
4	113870102	115666245	3306	22	0.0004132807	0.000000033503
4	115666246	117276928	2929	22	0.0004831666	0.000000034851
4	117276929	118479917	2489	22	0.0005107293	0.000000035383
4	118479918	119933511	2880	22	0.0006307807	0.000000037698
4	119933512	120392683	1239	22	0.0002785166	0.000000022605
4	120392684	122657986	4840	22	0.0002345284	0.000000030056
4	122657987	124286480	2377	22	0.0004438443	0.000000034093
4	124286481	125210861	1731	22	0.0001615768	0.000000028649
4	125210862	126480885	2451	22	0.0001291952	0.000000028024
4	126480886	127275476	1754	22	0.0001360087	0.000000028156
4	127275477	127830292	1176	22	0.0002651258	0.000000023471
4	127830293	128996664	1027	22	0.0002856995	0.000000022637
4	128996665	130591884	2476	22	0.0003837242	0.000000032933
4	130591885	131283820	1165	22	0.0003780412	0.000000025426
4	131283821	132954032	3078	22	0.0003662559	0.000000032596
4	132954033	134628433	3413	22	0.0001521798	0.000000028468
4	134628434	136566406	3517	22	0.0001854743	0.000000029110
4	136566407	138541970	4258	22	0.0002543919	0.000000030439
4	138541971	139556510	2030	22	0.0003656256	0.000000032584
4	139556511	141084630	2473	22	0.0004718246	0.000000034632
4	141084631	143443264	3907	22	0.0003433616	0.000000032155
4	143443265	146178186	3780	22	0.0004030068	0.000000033305
4	146178187	148521872	3455	22	0.0001896468	0.000000029190
4	148521873	150683579	2888	22	0.0005033148	0.000000035240
4	150683580	152782183	2634	22	0.0002711670	0.000000030762
4	152782184	154477640	2489	22	0.0003170281	0.000000031647
4	154477641	155056125	1239	22	0.0005377495	0.000000034153
4	155056126	157485096	4820	22	0.0004136605	0.000000033510
4	157485097	158743717	2146	22	0.0002939733	0.000000031202
4	158743718	161058863	3483	22	0.0004349705	0.000000033921
4	161058864	161826434	1891	22	0.0004432639	0.000000034081
4	161826435	163243678	3893	22	0.0003553972	0.000000032387
4	163243679	164478233	2177	22	0.0002027514	0.000000029443
4	164478234	165823447	2995	22	0.0005350486	0.000000035852
4	165823448	167018857	2465	22	0.0004726539	0.000000034648
4	167018858	167852916	1692	22	0.0002995875	0.000000027068
4	167852917	169676824	3439	22	0.0003442684	0.000000032172
4	169676825	170776509	1645	22	0.0006955365	0.000000038947
4	170776510	172558634	3122	22	0.0003793098	0.000000032848
4	172558635	174264131	2234	22	0.0001621433	0.000000028660
4	174264132	176570715	3992	22	0.0000907101	0.000000027282
4	176570716	178991909	4987	22	0.0005637139	0.000000036404
4	178991910	180122042	2327	22	0.0002883793	0.000000031094
4	180122043	182066806	5022	22	0.0001182390	0.000000027813
4	182066807	183371274	3397	22	0.0003752454	0.000000032770
4	183371275	184929454	3698	22	0.0001415563	0.000000028263
4	184929455	186909089	4909	22	0.0002494787	0.000000030344
4	186909090	188472980	3552	22	0.0003512270	0.000000032306
4	188472981	189693510	3844	22	0.0000991408	0.000000027445
4	189693511	191043593	3066	22	0.0004827929	0.000000034844
5	11940	982251	1978	22	0.0001236804	0.000000027918
5	982252	2132441	3101	22	0.0000780227	0.000000027037
5	2132442	3361940	3774	22	0.0002006230	0.000000029402
5	3361941	4632109	2720	22	0.0003429218	0.000000032146
5	4632110	5973232	3074	22	0.0002957069	0.000000031236
5	5973233	7143217	2715	22	0.0002985282	0.000000031290
5	7143218	8446335	3006	22	0.0004047071	0.000000033338
5	8446336	9718831	2924	22	0.0002427636	0.000000030215
5	9718832	11173270	3097	22	0.0003385573	0.000000032062
5	11173271	13464831	3405	22	0.0002271318	0.000000029913
5	13464832	14757803	2381	22	0.0002305725	0.000000029979
5	14757804	16963612	3174	22	0.0003272280	0.000000031844
5	16963613	18051591	1666	22	0.0003099297	0.000000031510
5	18051592	19917715	3873	22	0.0003131218	0.000000031571
5	19917716	22152072	3160	22	0.0001671791	0.000000028757
5	22152073	23494323	2311	22	0.0005061045	0.000000035293
5	23494324	26184850	5395	22	0.0003186846	0.000000031679
5	26184851	26857603	1347	22	0.0002804481	0.000000024412
5	26857604	27984512	1940	22	0.0003002038	0.000000031322
5	27984513	29714819	3587	22	0.0002316619	0.000000030000
5	29714820	31390248	3389	22	0.0000659958	0.000000026805
5	31390249	33500179	4002	22	0.0001294455	0.000000028029
5	33500180	35048969	2917	22	0.0001453035	0.000000028335
5	35048970	36433953	2261	22	0.0003478287	0.000000032241
5	36433954	38802409	3570	22	0.0003924486	0.000000033101
5	38802410	40287728	2757	22	0.0003367660	0.000000032027
5	40287729	41888709	3168	22	0.0001876654	0.000000029152
5	41888710	43983498	2779	22	0.0001529894	0.000000028483
5	43983499	50163397	4252	22	0.0006811513	0.000000038669
5	50163398	52134621	3344	22	0.0002024281	0.000000029437
5	52134622	53703043	3342	22	0.0003780899	0.000000032824
5	53703044	55417348	3234	22	0.0001878581	0.000000029156
5	55417349	56621101	2200	22	0.0001578159	0.000000028576
5	56621102	57340072	1283	22	0.0002010982	0.000000024515
5	57340073	58524621	2807	22	0.0005205398	0.000000035572
5	58524622	60935906	3212	22	0.0011001033	0.000000046749
5	60935907	61672994	1030	22	0.0004646180	0.000000027575
5	61672995	63218986	2819	22	0.0004125159	0.000000033488
5	63218987	63968303	944	22	0.0005422964	0.000000024510
5	63968304	65911285	3076	22	0.0003109800	0.000000031530
5	65911286	67850859	3296	22	0.0001821847	0.000000029046
5	67850860	71240455	2470	22	0.0001799846	0.000000029004
5	71240456	73759325	4322	22	0.0002583563	0.000000030515
5	73759326	75798865	3611	22	0.0001354831	0.000000028146
5	75798866	77623331	3223	22	0.0003035312	0.000000031387
5	77623332	79393143	2966	22	0.0004395731	0.000000034010
5	79393144	80481470	2438	22	0.0001729139	0.000000028867
5	80481471	82025647	2152	22	0.0003465183	0.000000032216
5	82025648	83972688	2622	22	0.0003622989	0.000000032520
5	83972689	85767289	4494	22	0.0003835811	0.000000032930
5	85767290	87389990	1578	22	0.0004392607	0.000000034004
5	87389991	88891529	1306	22	0.0010589787	0.000000043860
5	88891530	90422653	1822	22	0.0007513228	0.000000040023
5	90422654	91840541	1736	22	0.0007000826	0.000000039034
5	91840542	93809983	1654	22	0.0004724344	0.000000034644
5	93809984	95963518	2960	22	0.0004325232	0.000000033874
5	95963519	97315600	2949	22	0.0002774210	0.000000030883
5	97315601	99260991	3696	22	0.0003317676	0.000000031931
5	99260992	101578768	3564	22	0.0002722224	0.000000030783
5	101578769	103320004	2575	22	0.0004816067	0.000000034821
5	103320005	104851482	2657	22	0.0005307924	0.000000035769
5	104851483	105893054	1387	22	0.0002645988	0.000000028387
5	105893055	107264195	2622	22	0.0005734878	0.000000036593
5	107264196	108633933	2657	22	0.0003163144	0.000000031633
5	108633934	110821143	3490	22	0.0006493898	0.000000038057
5	110821144	111981561	2183	22	0.0003037892	0.000000031391
5	111981562	113396284	2848	22	0.0003983715	0.000000033216
5	113396285	114830369	3022	22	0.0005002338	0.000000035180
5	114830370	115831046	2259	22	0.0004089137	0.000000033419
5	115831047	117346212	3074	22	0.0003236820	0.000000031775
5	117346213	118608819	2168	22	0.0002846558	0.000000031022
5	118608820	119669041	1947	22	0.0002353769	0.000000030072
5	119669042	120452165	1489	22	0.0004863764	0.000000030994
5	120452166	122556904	3840	22	0.0002648767	0.000000030641
5	122556905	123798099	2225	22	0.0002391843	0.000000030146
5	123798100	125785648	4358	22	0.0004859608	0.000000034905
5	125785649	127344603	2208	22	0.0004935839	0.000000035052
5	127344604	129519024	4124	22	0.0003911018	0.000000033075
5	129519025	132139648	2704	22	0.0002122480	0.000000029626
5	132139649	134777400	3750	22	0.0003082554	0.000000031478
5	134777401	136376049	2714	22	0.0003961052	0.000000033172
5	136376050	139265071	2939	22	0.0009899062	0.000000044624
5	139265072	140645970	1614	22	0.0007105732	0.000000039180
5	140645971	142981247	3593	22	0.0004841822	0.000000034871
5	142981248	144943353	3173	22	0.0003450133	0.000000032187
5	144943354	147181997	3471	22	0.0003717437	0.000000032702
5	147181998	148662623	2508	22	0.0000913033	0.000000027293
5	148662624	150561297	3294	22	0.0003296220	0.000000031890
5	150561298	152867773	4500	22	0.0010101421	0.000000045014
5	152867774	153773087	1920	22	0.0007592569	0.000000040176
5	153773088	155373504	2845	22	0.0004027169	0.000000033299
5	155373505	156628699	1882	22	0.0004005195	0.000000033257
5	156628700	158825697	4163	22	0.0002674120	0.000000030690
5	158825698	159973943	2084	22	0.0001034410	0.000000027528
5	159973944	161482132	2638	22	0.0003401179	0.000000032092
5	161482133	162743907	2102	22	0.0008057480	0.000000041072
5	162743908	163771581	2070	22	0.0000292620	0.000000026097
5	163771582	165642394	3030	22	0.0002882208	0.000000031091
5	165642395	166847739	1983	22	0.0003421862	0.000000032132
5	166847740	168525317	2764	22	0.0003326805	0.000000031949
5	168525318	169505663	1832	22	0.0002814612	0.000000030961
5	169505664	171074291	2842	22	0.0003493971	0.000000032271
5	171074292	172678326	2913	22	0.0004321354	0.000000033867
5	172678327	173642870	2162	22	0.0001782869	0.000000028971
5	173642871	175450594	3517	22	0.0004824603	0.000000034837
5	175450595	177251506	1878	22	0.0004238427	0.000000033707
5	177251507	178413463	2952	22	0.0001509850	0.000000028445
5	178413464	179401243	1981	22	0.0008576612	0.000000042073
5	179401244	180559932	2753	22	0.0001794940	0.000000028994
5	180559933	180885155	306	20	0.0001773285	0.000000012390
6	73924	1452361	2901	22	0.0002266920	0.000000029905
6	1452362	2458935	1792	22	0.0002719844	0.000000030778
6	2458936	3573592	2645	22	0.0002899388	0.000000031124
6	3573593	4617816	2547	22	0.0005416337	0.000000035979
6	4617817	5791471	2476	22	0.0004390597	0.000000034000
6	5791472	6785206	2450	22	0.0001266170	0.000000027975
6	6785207	7808935	2414	22	0.0001743419	0.000000028895
6	7808936	9020025	2763	22	0.0002543369	0.000000030438
6	9020026	10540316	3086	22	0.0002274415	0.000000029919
6	10540317	11790815	2224	22	0.0004050310	0.000000033344
6	11790816	13209387	2545	22	0.0002371641	0.000000030107
6	13209388	14802923	2827	22	0.0004779154	0.000000034750
6	14802924	17386404	4505	22	0.0001402524	0.000000028238
6	17386405	19207486	3693	22	0.0003502876	0.000000032288
6	19207487	21684064	4849	22	0.0004137100	0.000000033511
6	21684065	22748306	2419	22	0.0003550280	0.000000032380
6	22748307	23936618	2715	22	0.0001176483	0.000000027802
6	23936619	24852274	1934	22	0.0001995117	0.000000029380
6	24852275	25684586	2034	22	0.0008138952	0.000000041229
6	25684587	26791232	2112	22	0.0019755693	0.000000062430
6	26791233	28017818	1771	22	0.0021434531	0.000000061166
6	28017819	28917607	891	22	0.0020405017	0.000000047571
6	28917608	29737970	138	13	0.0020281285	0.000000040934
6	29737971	30798167	91	7	0.0012040310	0.000000024904
6	30798168	31571217	967	22	0.0016735218	0.000000057235
6	31571218	32682663	4248	22	0.0018912199	0.000000061949
6	32682664	33236496	412	22	0.0014375600	0.000000039649
6	33236497	35455755	3624	22	0.0010442038	0.000000045671
6	35455756	37572595	3645	22	0.0001590249	0.000000028600
6	37572596	39295676	3577	22	0.0003345405	0.000000031985
6	39295677	40345114	1652	22	0.0002018854	0.000000029426
6	40345115	42038720	3087	22	0.0003791886	0.000000032846
6	42038721	43756168	2255	22	0.0007559143	0.000000040111
6	43756169	45406562	2850	22	0.0002363576	0.000000030091
6	45406563	47311897	3092	22	0.0001111373	0.000000027676
6	47311898	48391124	2113	22	0.0001709708	0.000000028773
6	48391125	50386144	3656	22	0.0001694310	0.000000028800
6	50386145	52210475	3214	22	0.0002959072	0.000000031239
6	52210476	53279101	2103	22	0.0004777566	0.000000034747
6	53279102	55468269	4701	22	0.0002107388	0.000000029597
6	55468270	56105312	1545	22	0.0003981605	0.000000023684
6	56105313	57599464	1744	22	0.0005921891	0.000000036954
6	57599465	61880511	2243	22	0.0001769423	0.000000023288
6	61880512	63552887	3407	22	0.0003848281	0.000000032841
6	63552888	65765741	3628	22	0.0008836953	0.000000042576
6	65765742	67329214	4055	22	0.0004594240	0.000000034393
6	67329215	68849482	4118	22	0.0001514245	0.000000028453
6	68849483	69523447	1740	22	0.0004568154	0.000000028182
6	69523448	71609509	3938	22	0.0005496310	0.000000036133
6	71609510	73450096	3574	22	0.0003740976	0.000000032747
6	73450097	75462002	3954	22	0.0006210980	0.000000037511
6	75462003	77414880	2689	22	0.0001506208	0.000000028437
6	77414881	78957727	3534	22	0.0005544239	0.000000036225
6	78957728	80691169	3459	22	0.0003551737	0.000000032382
6	80691170	81929221	3067	22	0.0003666485	0.000000032604
6	81929222	83127148	1939	22	0.0003321838	0.000000031939
6	83127149	85209988	2668	22	0.0009431794	0.000000043723
6	85209989	87069499	3824	22	0.0002896656	0.000000031119
6	87069500	88822139	3229	22	0.0008334608	0.000000041607
6	88822140	89973051	2102	22	0.0002507160	0.000000030368
6	89973052	91843195	3125	22	0.0005450830	0.000000036045
6	91843196	93428643	2645	22	0.0005850465	0.000000036816
6	93428644	94118141	1636	22	0.0005794698	0.000000035407
6	94118142	94441174	460	18	0.0002343039	0.000000010255
6	94441175	97093510	4340	22	0.0004375831	0.000000033972
6	97093511	97842283	1228	22	0.0004441165	0.000000024936
6	97842284	100630145	4256	22	0.0002261250	0.000000029894
6	100630146	102636771	2817	22	0.0003759983	0.000000032784
6	102636772	103983394	2658	22	0.0001149719	0.000000027750
6	103983395	106056732	3839	22	0.0005268542	0.000000035694
6	106056733	107450305	2930	22	0.0002416398	0.000000030193
6	107450306	108464379	1473	22	0.0004519604	0.000000034249
6	108464380	110304246	2622	22	0.0006353533	0.000000037786
6	110304247	112345013	3143	22	0.0006425891	0.000000037926
6	112345014	114220832	2914	22	0.0007065116	0.000000039158
6	114220833	116131395	3373	22	0.0004796930	0.000000034784
6	116131396	117672971	2404	22	0.0003028642	0.000000031374
6	117672972	118963114	2003	22	0.0003884218	0.000000033024
6	118963115	119963277	1727	22	0.0003655982	0.000000031904
6	119963278	120512127	1101	22	0.0002169808	0.000000017393
6	120512128	121905675	2688	22	0.0002713254	0.000000030709
6	121905676	123856180	3662	22	0.0002302615	0.000000029973
6	123856181	125424382	2510	22	0.0007344257	0.000000039697
6	125424383	127540460	2110	22	0.0002786464	0.000000030907
6	127540461	129861030	3149	22	0.0002366945	0.000000030097
6	129861031	130935453	2322	22	0.0003184782	0.000000031675
6	130935454	132765668	3052	22	0.0003075393	0.000000031464
6	132765669	134244242	2534	22	0.0001932141	0.000000029259
6	134244243	136224176	2735	22	0.0002231267	0.000000029836
6	136224177	137614217	1273	22	0.0001423140	0.000000028277
6	137614218	138822628	2266	22	0.0003251320	0.000000031803
6	138822629	139845435	1945	22	0.0002842613	0.000000031015
6	139845436	142288478	3231	22	0.0003300329	0.000000031898
6	142288479	145319809	4367	22	0.0002013076	0.000000029415
6	145319810	146665423	1828	22	0.0002260081	0.000000024885
6	146665424	148920351	3952	22	0.0002273429	0.000000029917
6	148920352	150253403	2584	22	0.0002100476	0.000000029584
6	150253404	151912702	4088	22	0.0003460965	0.000000032207
6	151912703	153094495	2356	22	0.0002472213	0.000000030301
6	153094496	154974119	4274	22	0.0001961359	0.000000029315
6	154974120	156763325	3335	22	0.0002291489	0.000000029952
6	156763326	158218718	2165	22	0.0005112778	0.000000035393
6	158218719	160580496	5330	22	0.0001614474	0.000000028646
6	160580497	162169563	3532	22	0.0002336017	0.000000030038
6	162169564	162931202	1800	22	0.0003198114	0.000000031700
6	162931203	164383520	3347	22	0.0004710815	0.000000034618
6	164383521	165586863	3124	22	0.0003507926	0.000000032298
6	165586864	167024732	3613	22	0.0002137088	0.000000029654
6	167024733	168042834	2232	22	0.0001887707	0.000000029173
6	168042835	169382049	3897	22	0.0001635131	0.000000028686
6	169382050	170330172	2113	22	0.0002241172	0.000000029855
6	170330173	171051269	1488	22	0.0002486977	0.000000030329
7	16161	972751	1447	22	0.0002910197	0.000000031145
7	972752	1353066	1047	22	0.0002593838	0.000000030535
7	1353067	2062397	1441	22	0.0007474651	0.000000039948
7	2062398	2772226	1472	22	0.0009176652	0.000000043231
7	2772227	4573427	4750	22	0.0005931244	0.000000036972
7	4573428	5416231	2051	22	0.0004138939	0.000000033515
7	5416232	5854525	757	22	0.0002958149	0.000000031238
7	5854526	6573856	1304	22	0.0002160117	0.000000029699
7	6573857	7808751	2973	22	0.0001860288	0.000000029120
7	7808752	9123422	3314	22	0.0005829263	0.000000036775
7	9123423	9987498	2659	22	0.0002314017	0.000000029995
7	9987499	11299197	3304	22	0.0002012066	0.000000029413
7	11299198	12635460	4095	22	0.0002034266	0.000000029456
7	12635461	13884201	3393	22	0.0003061059	0.000000031436
7	13884202	15143656	2418	22	0.0002948410	0.000000031219
7	15143657	16902068	3718	22	0.0002209406	0.000000029794
7	16902069	19481546	4159	22	0.0003140318	0.000000031589
7	19481547	20124907	1473	22	0.0001854320	0.000000029052
7	20124908	22507628	5365	22	0.0003247389	0.000000031796
7	22507629	23471441	1621	22	0.0003342174	0.000000031978
7	23471442	25077258	3563	22	0.0008100227	0.000000041155
7	25077259	25909554	1875	22	0.0001666223	0.000000028746
7	25909555	28360308	4103	22	0.0004426360	0.000000034069
7	28360309	31137288	5171	22	0.0003322805	0.000000031941
7	31137289	33555767	5289	22	0.0002516231	0.000000030385
7	33555768	36213537	4818	22	0.0003720771	0.000000032708
7	36213538	37555183	2606	22	0.0002809653	0.000000030951
7	37555184	38966702	3374	22	0.0003491332	0.000000032266
7	38966703	39862669	1574	22	0.0002025706	0.000000029439
7	39862670	42001810	2900	22	0.0003841426	0.000000032941
7	42001811	43159073	2148	22	0.0003737845	0.000000032741
7	43159074	44763827	2780	22	0.0004427351	0.000000034071
7	44763828	45952921	2295	22	0.0002394029	0.000000030150
7	45952922	46986719	2296	22	0.0001586496	0.000000028592
7	46986720	49212277	5024	22	0.0003152677	0.000000031613
7	49212278	51675321	4878	22	0.0004288486	0.000000033803
7	51675322	53176311	4386	22	0.0002982409	0.000000031284
7	53176312	54222975	2603	22	0.0000858644	0.000000027132
7	54222976	55691583	3284	22	0.0003447902	0.000000032182
7	55691584	57382637	3348	22	0.0004043751	0.000000033331
7	57382638	63307358	2782	22	0.0001339482	0.000000028116
7	63307359	63641124	621	20	0.0004389099	0.000000015521
7	63641125	65689808	3168	22	0.0001600702	0.000000028620
7	65689809	68234073	6473	22	0.0004503082	0.000000034217
7	68234074	69085363	1741	22	0.0003340305	0.000000031975
7	69085364	71874884	4585	22	0.0006596196	0.000000038254
7	71874885	73334601	1354	22	0.0002364201	0.000000030092
7	73334602	76458563	3233	22	0.0002737777	0.000000030813
7	76458564	78093858	3399	22	0.0002014022	0.000000029417
7	78093859	79888068	3385	22	0.0008606136	0.000000042130
7	79888069	82022685	3346	22	0.0002662593	0.000000030668
7	82022686	83801202	3604	22	0.0005904981	0.000000036921
7	83801203	85572181	2741	22	0.0002906338	0.000000031138
7	85572182	87825003	3136	22	0.0008719528	0.000000042349
7	87825004	90661783	5663	22	0.0004620361	0.000000034443
7	90661784	92493751	2010	22	0.0001576690	0.000000028573
7	92493752	93966600	1756	22	0.0002578457	0.000000030505
7	93966601	96073507	3024	22	0.0005190425	0.000000035543
7	96073508	97099569	1622	22	0.0001847385	0.000000029095
7	97099570	98715473	2997	22	0.0003107404	0.000000031526
7	98715474	100196650	1396	22	0.0001392563	0.000000025694
7	100196651	101199252	2008	22	0.0005442667	0.000000036029
7	101199253	103197509	2843	22	0.0003858811	0.000000032975
7	103197510	104159524	2316	22	0.0005547401	0.000000036231
7	104159525	105682904	2400	22	0.0008058547	0.000000041074
7	105682905	107780177	3493	22	0.0004736581	0.000000034668
7	107780178	109647593	3227	22	0.0004402930	0.000000034024
7	109647594	112618683	3846	22	0.0009661566	0.000000044166
7	112618684	113712386	1436	22	0.0004685392	0.000000030155
7	113712387	116780177	3637	22	0.0005338627	0.000000035829
7	116780178	118351580	1809	22	0.0004368368	0.000000032433
7	118351581	121045272	2797	22	0.0001637405	0.000000028691
7	121045273	121933629	1449	22	0.0003906151	0.000000028381
7	121933630	124156804	3820	22	0.0003502067	0.000000032287
7	124156805	124167551	27	3	0.0001097746	0.000000002725
7	124167552	126519169	4736	22	0.0004658107	0.000000034516
7	126519170	126869220	501	22	0.0005188544	0.000000018179
7	126869221	128778385	3189	22	0.0006653553	0.000000038365
7	128778386	130422413	2559	22	0.0003113051	0.000000031536
7	130422414	132805847	4084	22	0.0005669841	0.000000036467
7	132805848	134307595	2304	22	0.0005656986	0.000000036386
7	134307596	135591082	2364	22	0.0005101356	0.000000035371
7	135591083	136876561	2341	22	0.0003860540	0.000000032978
7	136876562	138744678	3012	22	0.0007333839	0.000000039677
7	138744679	139933176	1503	22	0.0004343045	0.000000033909
7	139933177	140235209	788	22	0.0003287444	0.000000025882
7	140235210	141226556	1210	22	0.0004536816	0.000000030641
7	141226557	142656309	2235	22	0.0002191013	0.000000029758
7	142656310	144968288	3193	22	0.0006052773	0.000000037206
7	144968289	146427959	2756	22	0.0001782581	0.000000028970
7	146427960	147815317	3161	22	0.0002107083	0.000000029596
7	147815318	149840657	3594	22	0.0002866451	0.000000031061
7	149840658	150711504	2075	22	0.0001953758	0.000000029301
7	150711505	152249805	2301	22	0.0004282372	0.000000033792
7	152249806	153674018	3396	22	0.0002875257	0.000000031078
7	153674019	154964729	2607	22	0.0005200366	0.000000035562
7	154964730	156065249	2827	22	0.0003086696	0.000000031486
7	156065250	157634596	3374	22	0.0004390488	0.000000034000
7	157634597	159128574	3485	22	0.0002575029	0.000000030499
8	10422	1044216	2428	22	0.0003411901	0.000000032113
8	1044217	1163244	498	22	0.0001782801	0.000000018990
8	1163245	2042941	2739	22	0.0003454163	0.000000032194
8	2042942	2573278	1805	22	0.0005059046	0.000000035289
8	2573279	3392925	3303	22	0.0003904362	0.000000033063
8	3392926	3783016	2075	22	0.0003273088	0.000000031845
8	3783017	4480475	3117	22	0.0004780581	0.000000034752
8	4480476	5146926	2470	22	0.0005547751	0.000000036232
8	5146927	6142796	4324	22	0.0004002099	0.000000033251
8	6142797	7153078	2805	22	0.0000581875	0.000000026655
8	7153079	9154693	2890	22	0.0004454530	0.000000034124
8	9154694	9640786	1254	22	0.0004986525	0.000000034526
8	9640787	10463196	2143	22	0.0006809405	0.000000038665
8	10463197	11278997	1889	22	0.0003746798	0.000000032759
8	11278998	13491774	4904	22	0.0005959423	0.000000037026
8	13491775	13944991	2175	22	0.0005544863	0.000000036226
8	13944992	15991659	5958	22	0.0004557362	0.000000034322
8	15991660	17387875	3002	22	0.0006976722	0.000000038988
8	17387876	17836398	1359	22	0.0002536744	0.000000030425
8	17836399	19492839	4263	22	0.0004314894	0.000000033854
8	19492840	20060855	1423	22	0.0003299325	0.000000031896
8	20060856	21661736	3384	22	0.0003607636	0.000000032490
8	21661737	22897056	2061	22	0.0003138255	0.000000031585
8	22897057	24674717	3437	22	0.0003518795	0.000000032319
8	24674718	25483453	1534	22	0.0002852659	0.000000029737
8	25483454	26682524	2842	22	0.0003285467	0.000000031869
8	26682525	28162391	3433	22	0.0007834889	0.000000040643
8	28162392	29327895	1672	22	0.0002543676	0.000000030438
8	29327896	31133728	2757	22	0.0002194914	0.000000029766
8	31133729	31548359	883	22	0.0005215685	0.000000023749
8	31548360	32977217	2354	22	0.0001696531	0.000000028805
8	32977218	35317231	3512	22	0.0007057400	0.000000039143
8	35317232	37379388	1718	22	0.0003936468	0.000000033124
8	37379389	38938805	1674	22	0.0005168333	0.000000035500
8	38938806	40703336	3910	22	0.0004078682	0.000000033399
8	40703337	41721453	2091	22	0.0003508470	0.000000032299
8	41721454	42773822	962	22	0.0004255081	0.000000027309
8	42773823	46841314	505	22	0.0002331747	0.000000015057
8	46841315	50082469	2696	22	0.0003811193	0.000000032883
8	50082470	53302929	5607	22	0.0005003112	0.000000035182
8	53302930	54418043	2296	22	0.0000861449	0.000000027194
8	54418044	55945580	2371	22	0.0004037041	0.000000033318
8	55945581	56956382	1788	22	0.0003157865	0.000000031623
8	56956383	59068650	4295	22	0.0005728484	0.000000036581
8	59068651	59728099	1377	22	0.0004316841	0.000000030771
8	59728100	62329098	3985	22	0.0006171999	0.000000037436
8	62329099	63349305	1942	22	0.0003075589	0.000000030391
8	63349306	65232871	2889	22	0.0008613952	0.000000042145
8	65232872	66489089	1799	22	0.0006869758	0.000000038782
8	66489090	69863056	4459	22	0.0003875163	0.000000033006
8	69863057	70867978	1923	22	0.0001409544	0.000000028251
8	70867979	72289453	2402	22	0.0003945231	0.000000033141
8	72289454	73817198	3286	22	0.0002259834	0.000000029891
8	73817199	75445063	2754	22	0.0002857285	0.000000031043
8	75445064	76456541	1668	22	0.0003525681	0.000000031371
8	76456542	79132860	4629	22	0.0004721484	0.000000034638
8	79132861	81956394	4067	22	0.0004532945	0.000000034275
8	81956395	82693738	1096	22	0.0002074916	0.000000022794
8	82693739	84225588	3220	22	0.0003393826	0.000000032078
8	84225589	85955618	2918	22	0.0002628944	0.000000030603
8	85955619	87411708	1347	22	0.0002942416	0.000000025164
8	87411709	89085480	2942	22	0.0002933928	0.000000031191
8	89085481	90638161	2644	22	0.0005594087	0.000000036321
8	90638162	93554385	3412	22	0.0004937842	0.000000035056
8	93554386	95005526	1698	22	0.0003347132	0.000000031988
8	95005527	96534805	2942	22	0.0002089149	0.000000029562
8	96534806	99401580	4915	22	0.0002891308	0.000000031109
8	99401581	101620957	1923	22	0.0001951340	0.000000029296
8	101620958	104123305	4431	22	0.0003617518	0.000000032509
8	104123306	104988751	2022	22	0.0003651642	0.000000026636
8	104988752	107410753	4183	22	0.0004935163	0.000000035051
8	107410754	108648176	2255	22	0.0002529357	0.000000030411
8	108648177	109248172	1080	22	0.0002078078	0.000000017630
8	109248173	110484313	2130	22	0.0004921633	0.000000034288
8	110484314	111850846	1555	22	0.0009791065	0.000000040645
8	111850847	113064319	1598	22	0.0007440539	0.000000030695
8	113064320	116096494	5385	22	0.0005785909	0.000000036691
8	116096495	119685456	4735	22	0.0006617993	0.000000038296
8	119685457	121201699	2716	22	0.0003758484	0.000000032781
8	121201700	124861458	6155	22	0.0001299642	0.000000028039
8	124861459	125683718	1524	22	0.0002061380	0.000000029508
8	125683719	126410916	1341	22	0.0002248910	0.000000029870
8	126410917	128659110	4469	22	0.0001872659	0.000000029144
8	128659111	130381138	3200	22	0.0002040452	0.000000029468
8	130381139	131639624	2403	22	0.0004407319	0.000000034033
8	131639625	133351143	3809	22	0.0002991999	0.000000031303
8	133351144	134570000	2580	22	0.0000893086	0.000000027255
8	134570001	136035604	3588	22	0.0004042397	0.000000033329
8	136035605	137524150	2771	22	0.0004096487	0.000000033433
8	137524151	139254829	4289	22	0.0001988665	0.000000029368
8	139254830	140725642	2937	22	0.0003523571	0.000000032328
8	140725643	143044913	4063	22	0.0005426386	0.000000035998
8	143044914	144236880	3001	22	0.0012458032	0.000000049559
8	144236881	146303866	2755	22	0.0004341861	0.000000033906
9	10023	1079706	2789	22	0.0002600660	0.000000030548
9	1079707	1916876	2357	22	0.0000567225	0.000000026627
9	1916877	3190063	3172	22	0.0002465555	0.000000030288
9	3190064	4495327	2741	22	0.0003735341	0.000000032737
9	4495328	4884925	981	22	0.0003142441	0.000000031593
9	4884926	6557588	2605	22	0.0003714563	0.000000032697
9	6557589	7154922	1775	22	0.0003836674	0.000000032932
9	7154923	8456298	3582	22	0.0003937951	0.000000033127
9	8456299	9166402	1651	22	0.0001337151	0.000000028111
9	9166403	10879252	4379	22	0.0003410558	0.000000032110
9	10879253	12276488	3624	22	0.0003443518	0.000000032174
9	12276489	14836362	5451	22	0.0002410036	0.000000030181
9	14836363	16659654	3672	22	0.0005687809	0.000000036502
9	16659655	18661050	4648	22	0.0001579145	0.000000028578
9	18661051	20463533	3646	22	0.0001659161	0.000000028732
9	20463534	22206558	2926	22	0.0004418524	0.000000034054
9	22206559	24158517	2932	22	0.0003996109	0.000000033239
9	24158518	25330809	1739	22	0.0002914680	0.000000031097
9	25330810	26111756	1459	22	0.0004304111	0.000000033834
9	26111757	28224282	4159	22	0.0006577105	0.000000038217
9	28224283	28811583	1236	22	0.0003471738	0.000000032171
9	28811584	30387391	3743	22	0.0002656406	0.000000030656
9	30387392	31310382	1995	22	0.0002606187	0.000000030050
9	31310383	32019367	1749	22	0.0003687910	0.000000026543
9	32019368	33578333	3436	22	0.0006714676	0.000000038483
9	33578334	34642242	1984	22	0.0004838608	0.000000033508
9	34642243	36743282	2793	22	0.0006676137	0.000000038408
9	36743283	38641598	3367	22	0.0007399855	0.000000039804
9	38641599	65472189	525	22	0.0002780188	0.000000019754
9	65472190	72512710	2642	22	0.0003910414	0.000000033074
9	72512711	72753754	468	22	0.0003296772	0.000000012656
9	72753755	74253039	2738	22	0.0004156236	0.000000033548
9	74253040	76203945	3011	22	0.0004322054	0.000000033868
9	76203946	76973080	1093	22	0.0003572799	0.000000022477
9	76973081	78900182	3825	22	0.0002032353	0.000000029452
9	78900183	79471207	1276	22	0.0001899833	0.000000029197
9	79471208	81079054	2780	22	0.0001231974	0.000000027909
9	81079055	82590927	2463	22	0.0001664416	0.000000028743
9	82590928	84211232	4057	22	0.0003059842	0.000000031434
9	84211233	85440800	1468	22	0.0007621974	0.000000040232
9	85440801	86938195	2810	22	0.0002146501	0.000000029672
9	86938196	88109332	2038	22	0.0001437842	0.000000028306
9	88109333	88590416	427	22	0.0001670493	0.000000012194
9	88590417	90136245	2696	22	0.0004229599	0.000000033690
9	90136246	92528697	4728	22	0.0004029513	0.000000033304
9	92528698	94167202	3049	22	0.0003719935	0.000000032707
9	94167203	96671697	4324	22	0.0007201448	0.000000039421
9	96671698	98922039	3628	22	0.0002947206	0.000000031217
9	98922040	101592858	3952	22	0.0005422058	0.000000035990
9	101592859	104624436	4641	22	0.0004005670	0.000000033258
9	104624437	105967975	3696	22	0.0003584714	0.000000032446
9	105967976	107581748	3487	22	0.0001339304	0.000000028116
9	107581749	109298753	2963	22	0.0004081741	0.000000033405
9	109298754	110695061	2497	22	0.0003109420	0.000000031529
9	110695062	112778023	4586	22	0.0002851247	0.000000031032
9	112778024	114831081	4508	22	0.0001589992	0.000000028599
9	114831082	115693144	1627	22	0.0003455443	0.000000031236
9	115693145	117019800	2570	22	0.0002908130	0.000000031141
9	117019801	117921959	1699	22	0.0002275388	0.000000029921
9	117921960	121321536	6413	22	0.0003184448	0.000000031674
9	121321537	122260296	1471	22	0.0005932171	0.000000036973
9	122260297	124871321	3290	22	0.0006765516	0.000000038581
9	124871322	126971886	2982	22	0.0001732758	0.000000028874
9	126971887	129059664	2332	22	0.0003512901	0.000000032308
9	129059665	130055509	1452	22	0.0004697456	0.000000034592
9	130055510	132165469	2291	22	0.0006342117	0.000000037764
9	132165470	133223216	1911	22	0.0004035841	0.000000033316
9	133223217	134127887	1599	22	0.0004140600	0.000000033518
9	134127888	135298841	1986	22	0.0003678709	0.000000032627
9	135298842	137041121	3835	22	0.0003114610	0.000000031539
9	137041122	137589363	1052	22	0.0001423082	0.000000028277
9	137589364	138938977	3330	22	0.0001472827	0.000000028373
9	138938978	139500341	923	22	0.0002671577	0.000000030685
9	139500342	141144795	2233	22	0.0001999006	0.000000029388
10	60523	751338	627	22	0.0005873633	0.000000030964
10	751339	1523543	1834	22	0.0002521877	0.000000030396
10	1523544	2254499	2092	22	0.0003327584	0.000000031950
10	2254500	3352698	3075	22	0.0001432571	0.000000028295
10	3352699	4572273	2672	22	0.0003541003	0.000000032362
10	4572274	5983761	3966	22	0.0002363966	0.000000030092
10	5983762	7171483	3007	22	0.0001087336	0.000000027630
10	7171484	8774664	3854	22	0.0000729500	0.000000026940
10	8774665	10249395	3049	22	0.0003287037	0.000000031872
10	10249396	12586796	4924	22	0.0002384718	0.000000030132
10	12586797	13321599	1953	22	0.0002119151	0.000000029620
10	13321600	15026067	3924	22	0.0002016337	0.000000029421
10	15026068	16551766	2959	22	0.0003543357	0.000000032366
10	16551767	18537266	3595	22	0.0002889866	0.000000031106
10	18537267	19716877	3251	22	0.0008359474	0.000000041655
10	19716878	22772282	4917	22	0.0001927155	0.000000029249
10	22772283	23175131	579	22	0.0002057589	0.000000016000
10	23175132	25578595	3684	22	0.0003496864	0.000000032277
10	25578596	26888683	3877	22	0.0002435075	0.000000030229
10	26888684	29323235	5448	22	0.0006170820	0.000000037434
10	29323236	29783691	1301	22	0.0001133155	0.000000027718
10	29783692	30458837	1654	22	0.0002488167	0.000000030331
10	30458838	31907518	2737	22	0.0002113402	0.000000029609
10	31907519	33707967	3686	22	0.0004979284	0.000000035136
10	33707968	35109354	2245	22	0.0004593046	0.000000034391
10	35109355	36572507	2319	22	0.0002835315	0.000000031001
10	36572508	37790028	2128	22	0.0001099298	0.000000027653
10	37790029	42372578	2605	22	0.0000710730	0.000000017879
10	42372579	43894770	2941	22	0.0000934843	0.000000027336
10	43894771	44730074	1818	22	0.0001512784	0.000000028394
10	44730075	48760449	4265	22	0.0001518912	0.000000028462
10	48760450	50840914	2888	22	0.0003246397	0.000000031794
10	50840915	53616628	3436	22	0.0005752454	0.000000036627
10	53616629	55103571	3545	22	0.0002689408	0.000000030719
10	55103572	57031139	5019	22	0.0003677168	0.000000032624
10	57031140	57662145	1200	22	0.0004127263	0.000000022755
10	57662146	58959527	3010	22	0.0001321714	0.000000025892
10	58959528	60289986	3163	22	0.0001911884	0.000000029220
10	60289987	61891408	2533	22	0.0004354995	0.000000033932
10	61891409	62659678	1487	22	0.0006771191	0.000000036111
10	62659679	63341694	730	22	0.0003156811	0.000000018874
10	63341695	65794113	4280	22	0.0007725269	0.000000040432
10	65794114	67549614	3150	22	0.0002949627	0.000000031221
10	67549615	69900147	5170	22	0.0002949294	0.000000031221
10	69900148	70195990	667	22	0.0001098480	0.000000011447
10	70195991	72220849	4325	22	0.0003835160	0.000000032929
10	72220850	73508511	3231	22	0.0001940390	0.000000029275
10	73508512	75422549	2111	22	0.0000952575	0.000000027370
10	75422550	78706813	3553	22	0.0005161597	0.000000035487
10	78706814	80876748	3715	22	0.0002628821	0.000000030603
10	80876749	82414678	3574	22	0.0003954258	0.000000033159
10	82414679	84383744	3795	22	0.0004399976	0.000000034018
10	84383745	85458702	2642	22	0.0002770680	0.000000030876
10	85458703	87937576	5145	22	0.0002691775	0.000000030724
10	87937577	89127063	1840	22	0.0003037057	0.000000031390
10	89127064	91013380	2906	22	0.0002805723	0.000000030944
10	91013381	92006580	1904	22	0.0006843206	0.000000038730
10	92006581	93335046	2253	22	0.0005059737	0.000000035291
10	93335047	95396367	3570	22	0.0001904678	0.000000029206
10	95396368	96221242	1128	22	0.0003121411	0.000000027255
10	96221243	97822356	3217	22	0.0004106510	0.000000033452
10	97822357	100241301	3781	22	0.0005750282	0.000000036623
10	100241302	100668399	682	22	0.0003288075	0.000000016185
10	100668400	102949238	3454	22	0.0006420614	0.000000037915
10	102949239	104380409	1572	22	0.0009516621	0.000000043886
10	104380410	106695047	3214	22	0.0019647384	0.000000063424
10	106695048	108726685	3637	22	0.0004731298	0.000000034657
10	108726686	110317704	3466	22	0.0001954362	0.000000029302
10	110317705	112561492	3716	22	0.0003006809	0.000000031332
10	112561493	115328431	4086	22	0.0005680887	0.000000036489
10	115328432	116421405	2033	22	0.0002099662	0.000000029582
10	116421406	119523933	4502	22	0.0001833938	0.000000029070
10	119523934	120591352	1779	22	0.0001268604	0.000000027979
10	120591353	122407322	3475	22	0.0002249128	0.000000029870
10	122407323	123231464	1625	22	0.0002665654	0.000000030674
10	123231465	123900544	1470	22	0.0001354975	0.000000028146
10	123900545	125869345	4155	22	0.0001931205	0.000000029257
10	125869346	128001097	4362	22	0.0003016707	0.000000031351
10	128001098	129154361	2152	22	0.0004296295	0.000000033818
10	129154362	130844283	4522	22	0.0002180932	0.000000029739
10	130844284	131741326	1857	22	0.0001311056	0.000000028061
10	131741327	132580244	2268	22	0.0002692011	0.000000030724
10	132580245	134336328	5178	22	0.0002027480	0.000000029443
10	134336329	134494672	176	11	0.0000772482	0.000000005873
10	134494673	135523864	1886	22	0.0002906524	0.000000031138
11	70855	1213589	2426	22	0.0001262154	0.000000027967
11	1213590	3665480	5711	22	0.0001297929	0.000000028036
11	3665481	4746708	2563	22	0.0002146702	0.000000029673
11	4746709	6322868	5125	22	0.0000842480	0.000000027157
11	6322869	7436700	2305	22	0.0006212420	0.000000037514
11	7436701	8333273	2381	22	0.0000929018	0.000000027324
11	8333274	9087316	1362	22	0.0001778195	0.000000028962
11	9087317	10952026	3672	22	0.0000924255	0.000000027315
11	10952027	12564228	4164	22	0.0003025311	0.000000031367
11	12564229	13373123	1729	22	0.0002852094	0.000000031033
11	13373124	15742551	3601	22	0.0003977374	0.000000033203
11	15742552	17578401	2704	22	0.0006642703	0.000000038344
11	17578402	19569534	3952	22	0.0003715395	0.000000032698
11	19569535	21017137	3087	22	0.0002488505	0.000000030332
11	21017138	22374141	2767	22	0.0003218851	0.000000031740
11	22374142	24088516	4009	22	0.0004238348	0.000000033707
11	24088517	26045752	5160	22	0.0006989262	0.000000039012
11	26045753	27020460	1974	22	0.0003000243	0.000000031319
11	27020461	28481592	1780	22	0.0005858399	0.000000036831
11	28481593	30141356	2201	22	0.0005087689	0.000000035345
11	30141357	32276900	2773	22	0.0006106930	0.000000037310
11	32276901	33958738	2791	22	0.0001225014	0.000000027895
11	33958739	35502604	3466	22	0.0002194518	0.000000029765
11	35502605	37116814	2952	22	0.0005028131	0.000000035230
11	37116815	39382002	3407	22	0.0004798270	0.000000034787
11	39382003	42310002	5062	22	0.0002904146	0.000000031134
11	42310003	44693798	4719	22	0.0002809969	0.000000030952
11	44693799	47006136	3048	22	0.0011135068	0.000000047008
11	47006137	49866049	4772	22	0.0005193908	0.000000035550
11	49866050	54695472	2825	19	0.0002039093	0.000000020430
11	54695473	55082656	980	16	0.0001624134	0.000000011561
11	55082657	58457494	8640	22	0.0005342390	0.000000035836
11	58457495	58780548	460	19	0.0002685757	0.000000011344
11	58780549	62223770	4941	22	0.0000416251	0.000000026335
11	62223771	63804568	1678	22	0.0005131556	0.000000035429
11	63804569	65898630	2296	22	0.0006797390	0.000000038642
11	65898631	68005824	2567	22	0.0003117896	0.000000031546
11	68005825	69516129	2544	22	0.0004813102	0.000000034815
11	69516130	70926291	2697	22	0.0001652482	0.000000028720
11	70926292	72286016	2296	22	0.0004355967	0.000000033934
11	72286017	74412350	2945	22	0.0005139582	0.000000035445
11	74412351	76797208	3348	22	0.0002968680	0.000000031258
11	76797209	78355057	2356	22	0.0003872047	0.000000033000
11	78355058	80722372	4123	22	0.0004616293	0.000000034436
11	80722373	81266711	1288	22	0.0004619969	0.000000033199
11	81266712	84381271	5980	22	0.0004655136	0.000000034510
11	84381272	86619300	3678	22	0.0002166351	0.000000029711
11	86619301	87430234	2126	22	0.0002353496	0.000000030072
11	87430235	89208935	3211	22	0.0001998059	0.000000029386
11	89208936	90966489	2944	22	0.0003450987	0.000000032188
11	90966490	92077143	2044	22	0.0003829287	0.000000032918
11	92077144	93276156	1874	22	0.0002790201	0.000000030914
11	93276157	94242259	1589	22	0.0002540088	0.000000028072
11	94242260	95726040	2274	22	0.0003367411	0.000000032027
11	95726041	97057057	2237	22	0.0002485434	0.000000030326
11	97057058	98705064	3604	22	0.0003990343	0.000000033172
11	98705065	100417168	4137	22	0.0002507522	0.000000030369
11	100417169	101331120	2159	22	0.0001943701	0.000000029281
11	101331121	103959635	6076	22	0.0000840066	0.000000027153
11	103959636	104873283	1561	22	0.0005558317	0.000000027240
11	104873284	106520893	2514	22	0.0002483153	0.000000030322
11	106520894	107844199	2576	22	0.0003111025	0.000000031533
11	107844200	108437036	676	20	0.0002263725	0.000000013875
11	108437037	109866115	1764	22	0.0006611014	0.000000038283
11	109866116	111114396	2340	22	0.0002311147	0.000000029990
11	111114397	112459487	1549	22	0.0003171769	0.000000031650
11	112459488	114257727	3190	22	0.0007705279	0.000000040393
11	114257728	114830665	1077	22	0.0001103708	0.000000018475
11	114830666	116383347	2466	22	0.0002582499	0.000000030513
11	116383348	117747109	2802	22	0.0002660506	0.000000030664
11	117747110	119215475	2406	22	0.0006482115	0.000000038034
11	119215476	120766805	2917	22	0.0004476312	0.000000034166
11	120766806	121175942	779	22	0.0001911740	0.000000018818
11	121175943	122591909	2124	22	0.0003567797	0.000000032413
11	122591910	123500116	1832	22	0.0004598530	0.000000034401
11	123500117	124495527	2458	22	0.0005267140	0.000000035691
11	124495528	126311319	3658	22	0.0005544455	0.000000036226
11	126311320	127316678	2158	22	0.0005592988	0.000000036319
11	127316679	128188536	1544	22	0.0001199199	0.000000027676
11	128188537	130342574	3718	22	0.0001735808	0.000000028880
11	130342575	131074611	1555	22	0.0009365539	0.000000043595
11	131074612	133000045	3904	22	0.0006637953	0.000000038335
11	133000046	134205992	2051	22	0.0012446400	0.000000049537
11	134205993	134946451	2341	22	0.0007801398	0.000000040578
12	61107	1080330	1746	22	0.0002430030	0.000000030219
12	1080331	2544785	2524	22	0.0013613994	0.000000051789
12	2544786	3677036	2326	22	0.0001722106	0.000000028854
12	3677037	4417678	1532	22	0.0003895779	0.000000033046
12	4417679	5321471	1719	22	0.0002992015	0.000000031303
12	5321472	6419752	2310	22	0.0002054795	0.000000029495
12	6419753	8377535	3259	22	0.0003259765	0.000000031819
12	8377536	9031394	1106	22	0.0000836729	0.000000027146
12	9031395	10481533	3056	22	0.0001985025	0.000000029361
12	10481534	11754845	2695	22	0.0001266259	0.000000027975
12	11754846	12733527	2013	22	0.0004247432	0.000000033724
12	12733528	15241483	4629	22	0.0003958825	0.000000033168
12	15241484	16310459	1072	22	0.0002543964	0.000000029310
12	16310460	18087872	2853	22	0.0003921227	0.000000033095
12	18087873	20863942	5860	22	0.0002336848	0.000000030039
12	20863943	23820633	5436	22	0.0004598154	0.000000034401
12	23820634	25371082	3037	22	0.0004130634	0.000000033499
12	25371083	27799772	4980	22	0.0001599788	0.000000028618
12	27799773	29651254	3664	22	0.0000850200	0.000000027172
12	29651255	30512405	2607	22	0.0006496926	0.000000038063
12	30512406	32165591	3987	22	0.0003843843	0.000000032946
12	32165592	33076988	2565	22	0.0001637588	0.000000028691
12	33076989	37856716	3345	22	0.0000686106	0.000000026630
12	37856717	39227168	1978	22	0.0001679225	0.000000022087
12	39227169	40816184	2534	22	0.0003325438	0.000000031946
12	40816185	41658585	1760	22	0.0003378329	0.000000028245
12	41658586	43984473	4800	22	0.0003609759	0.000000032494
12	43984474	46024228	2738	22	0.0005861727	0.000000036838
12	46024229	47714792	2444	22	0.0002554293	0.000000030459
12	47714793	49001865	3169	22	0.0003989009	0.000000033226
12	49001866	51776493	3370	22	0.0005411498	0.000000035969
12	51776494	53039003	2593	22	0.0003585977	0.000000032449
12	53039004	54778822	2591	22	0.0003308324	0.000000031913
12	54778823	55665836	1633	22	0.0003811032	0.000000032826
12	55665837	57548859	2165	22	0.0003667723	0.000000032606
12	57548860	59308665	2318	22	0.0002852145	0.000000031033
12	59308666	61123728	2698	22	0.0003537320	0.000000032298
12	61123729	64032460	5935	22	0.0003641366	0.000000032555
12	64032461	65559694	2188	22	0.0001355167	0.000000028146
12	65559695	67181143	2331	22	0.0004304393	0.000000033834
12	67181144	67909728	1379	22	0.0005207042	0.000000030774
12	67909729	69826541	3392	22	0.0002849952	0.000000031029
12	69826542	70957986	2620	22	0.0004569687	0.000000034346
12	70957987	72645074	2675	22	0.0005379195	0.000000035907
12	72645075	73818453	2073	22	0.0005139135	0.000000035444
12	73818454	76511313	4298	22	0.0003610724	0.000000032496
12	76511314	78570569	3838	22	0.0002952591	0.000000031227
12	78570570	80448149	2036	22	0.0004420228	0.000000034057
12	80448150	81467766	1740	22	0.0001511612	0.000000026984
12	81467767	83502665	3375	22	0.0001317730	0.000000028074
12	83502666	84303843	1666	22	0.0003883337	0.000000025624
12	84303844	85990425	2495	22	0.0003146350	0.000000031601
12	85990426	89682121	5172	22	0.0005053159	0.000000035278
12	89682122	92066154	3301	22	0.0004960010	0.000000035098
12	92066155	94514566	4319	22	0.0006673638	0.000000038403
12	94514567	96020784	3587	22	0.0004575498	0.000000034357
12	96020785	97108838	2272	22	0.0002748311	0.000000030833
12	97108839	99305986	3960	22	0.0003537576	0.000000032355
12	99305987	101447640	3242	22	0.0005405039	0.000000035957
12	101447641	101862689	705	22	0.0002344245	0.000000017368
12	101862690	102964985	1591	22	0.0001384379	0.000000028203
12	102964986	104848695	3771	22	0.0006221742	0.000000037532
12	104848696	106436212	3195	22	0.0001150383	0.000000027751
12	106436213	106958747	832	22	0.0003456926	0.000000025720
12	106958748	109025900	3692	22	0.0002980766	0.000000031281
12	109025901	110336718	2176	22	0.0004753083	0.000000034699
12	110336719	113263517	2204	22	0.0006538044	0.000000038142
12	113263518	113986708	1126	22	0.0003760519	0.000000031768
12	113986709	115036601	2556	22	0.0002520457	0.000000030394
12	115036602	115503215	950	22	0.0003027226	0.000000030017
12	115503216	117087470	3029	22	0.0001212773	0.000000027872
12	117087471	118135374	1842	22	0.0005490533	0.000000036122
12	118135375	119754109	3338	22	0.0003968033	0.000000033185
12	119754110	122007650	3862	22	0.0005674546	0.000000036477
12	122007651	124977979	4279	22	0.0013456553	0.000000051485
12	124977980	126445504	3223	22	0.0003847306	0.000000032953
12	126445505	127875097	3260	22	0.0003123255	0.000000031556
12	127875098	129237296	3341	22	0.0001716369	0.000000028843
12	129237297	130377920	3057	22	0.0003041095	0.000000031398
12	130377921	131786750	4097	22	0.0002726490	0.000000030791
12	131786751	132807033	2078	22	0.0001262477	0.000000027967
12	132807034	133841510	1802	22	0.0005381323	0.000000035911
13	19020013	20686719	3281	22	0.0000634090	0.000000026756
13	20686720	22242173	3380	22	0.0002062384	0.000000029510
13	22242174	23594701	3439	22	0.0001078754	0.000000027613
13	23594702	24531936	2827	22	0.0002775823	0.000000030886
13	24531937	25784361	3647	22	0.0003245017	0.000000031791
13	25784362	27284361	2716	22	0.0003386006	0.000000032063
13	27284362	29257550	4310	22	0.0003164596	0.000000031636
13	29257551	30483266	2642	22	0.0003451208	0.000000032189
13	30483267	32301814	3653	22	0.0002396534	0.000000030155
13	32301815	33776902	2385	22	0.0001776923	0.000000028960
13	33776903	35026463	2016	22	0.0005093186	0.000000035355
13	35026464	36046366	1234	22	0.0004104198	0.000000032149
13	36046367	37498184	2864	22	0.0002462826	0.000000030282
13	37498185	38878162	2978	22	0.0007684616	0.000000040353
13	38878163	41069262	3884	22	0.0004100685	0.000000033441
13	41069263	43101026	3199	22	0.0005582966	0.000000036300
13	43101027	44901408	3077	22	0.0003354906	0.000000032003
13	44901409	46495213	2290	22	0.0002156653	0.000000029692
13	46495214	47431078	1598	22	0.0002462782	0.000000030282
13	47431079	49383961	3301	22	0.0001098950	0.000000027652
13	49383962	51591090	3480	22	0.0005679471	0.000000036486
13	51591091	53339621	1674	22	0.0002873540	0.000000031075
13	53339622	54682863	2232	22	0.0007668755	0.000000040323
13	54682864	55817130	2057	22	0.0004965930	0.000000034261
13	55817131	57554216	2345	22	0.0005288921	0.000000033144
13	57554217	58410625	1316	22	0.0002377750	0.000000019086
13	58410626	59302270	1518	22	0.0004732362	0.000000026613
13	59302271	60854777	2781	22	0.0001825333	0.000000029053
13	60854778	61591948	1700	22	0.0002807360	0.000000029649
13	61591949	63971558	5089	22	0.0003732079	0.000000032730
13	63971559	65200601	2812	22	0.0001679042	0.000000028771
13	65200602	67844452	3953	22	0.0007220418	0.000000039458
13	67844453	70724515	6181	22	0.0003939976	0.000000033131
13	70724516	71526790	1797	22	0.0003276959	0.000000031853
13	71526791	73934088	4188	22	0.0004490168	0.000000034192
13	73934089	75670142	3263	22	0.0003075503	0.000000031464
13	75670143	77410554	3379	22	0.0002506437	0.000000030367
13	77410555	78808812	2120	22	0.0001531528	0.000000028486
13	78808813	80585675	2557	22	0.0003641461	0.000000032556
13	80585676	82581813	3761	22	0.0001578330	0.000000028577
13	82581814	84133143	2822	22	0.0003485172	0.000000032254
13	84133144	85610915	2864	22	0.0004041714	0.000000033327
13	85610916	88559881	5988	22	0.0003298543	0.000000031894
13	88559882	90521310	3412	22	0.0004836603	0.000000034860
13	90521311	93129690	5122	22	0.0002529630	0.000000030411
13	93129691	93586454	689	22	0.0002070848	0.000000015924
13	93586455	96087557	5281	22	0.0003121998	0.000000031554
13	96087558	97519209	1865	22	0.0004192776	0.000000033619
13	97519210	98938918	1940	22	0.0002745073	0.000000030827
13	98938919	100574094	3377	22	0.0000174641	0.000000025869
13	100574095	102300522	3356	22	0.0003814586	0.000000032889
13	102300523	104066709	3514	22	0.0001265450	0.000000027973
13	104066710	104844113	1586	22	0.0002299939	0.000000029968
13	104844114	106247553	2819	22	0.0000893140	0.000000027255
13	106247554	106749999	1303	22	0.0002070598	0.000000029526
13	106750000	108189876	2565	22	0.0004067066	0.000000033376
13	108189877	109121209	1973	22	0.0002875945	0.000000031079
13	109121210	109815111	1621	22	0.0004270684	0.000000033769
13	109815112	111232072	3484	22	0.0005185919	0.000000035534
13	111232073	112247591	2413	22	0.0005005420	0.000000035186
13	112247592	113572487	2457	22	0.0004680550	0.000000034560
13	113572488	115109852	2908	22	0.0004593171	0.000000034391
14	19002084	21589401	3082	22	0.0001316866	0.000000028072
14	21589402	23018664	3712	22	0.0001833189	0.000000029068
14	23018665	24905122	3400	22	0.0002762037	0.000000030859
14	24905123	26135685	2873	22	0.0001499581	0.000000028425
14	26135686	28466532	3840	22	0.0001333781	0.000000028105
14	28466533	29972144	2222	22	0.0006706935	0.000000038468
14	29972145	32383264	3310	22	0.0007294010	0.000000039600
14	32383265	34846250	4946	22	0.0004492542	0.000000034197
14	34846251	35859592	2237	22	0.0004085976	0.000000033413
14	35859593	38667724	3848	22	0.0001020106	0.000000027500
14	38667725	40341989	3189	22	0.0003695167	0.000000032659
14	40341990	41615501	3176	22	0.0003296585	0.000000031890
14	41615502	43137388	2743	22	0.0004108832	0.000000033457
14	43137389	44543226	2731	22	0.0001699528	0.000000028810
14	44543227	46081895	2266	22	0.0004635965	0.000000034474
14	46081896	46749129	1353	22	0.0001103287	0.000000015813
14	46749130	48573585	3748	22	0.0004568044	0.000000034343
14	48573586	49005470	925	22	0.0002250253	0.000000015254
14	49005471	50507759	2461	22	0.0005164756	0.000000035493
14	50507760	51493571	1615	22	0.0006593989	0.000000038250
14	51493572	53474382	4116	22	0.0004282634	0.000000033792
14	53474383	53997830	1062	22	0.0001713025	0.000000018228
14	53997831	55233680	1732	22	0.0001158399	0.000000027767
14	55233681	56216879	1830	22	0.0002649913	0.000000029177
14	56216880	57481261	2621	22	0.0003287461	0.000000031873
14	57481262	59448335	3402	22	0.0001777544	0.000000028961
14	59448336	61680423	3297	22	0.0007005831	0.000000039044
14	61680424	63790014	3713	22	0.0003594951	0.000000032466
14	63790015	65220297	1923	22	0.0004503250	0.000000034218
14	65220298	66399554	2006	22	0.0002942691	0.000000031208
14	66399555	67992316	2120	22	0.0006924026	0.000000038773
14	67992317	71131956	5532	22	0.0002357911	0.000000030080
14	71131957	72889614	2983	22	0.0012791291	0.000000050202
14	72889615	76444766	5674	22	0.0005445239	0.000000036034
14	76444767	77229471	1606	22	0.0003485537	0.000000032255
14	77229472	78561944	3109	22	0.0002783854	0.000000030902
14	78561945	80186578	2304	22	0.0005326582	0.000000035805
14	80186579	81579713	2531	22	0.0001513117	0.000000028451
14	81579714	83138096	2516	22	0.0004824315	0.000000034837
14	83138097	84241632	2130	22	0.0002663775	0.000000030670
14	84241633	85746318	2824	22	0.0004586510	0.000000034378
14	85746319	86647001	1587	22	0.0002028279	0.000000029444
14	86647002	87635340	1741	22	0.0004869809	0.000000034925
14	87635341	89497642	3202	22	0.0003440872	0.000000032169
14	89497643	91296859	3369	22	0.0002654540	0.000000030652
14	91296860	93132298	3657	22	0.0001613694	0.000000028645
14	93132299	94325284	2066	22	0.0004259831	0.000000033748
14	94325285	95750866	3749	22	0.0002516377	0.000000030386
14	95750867	96262414	1478	22	0.0002559072	0.000000030468
14	96262415	98341161	3807	22	0.0003182660	0.000000031671
14	98341162	99138531	1958	22	0.0005309000	0.000000035715
14	99138532	101534306	3947	22	0.0006093955	0.000000037285
14	101534307	103012101	2368	22	0.0006661233	0.000000038379
14	103012102	105001722	3330	22	0.0010102491	0.000000045016
14	105001723	106340357	1563	22	0.0003702502	0.000000032673
14	106340358	107289453	1194	22	0.0000993308	0.000000024481
15	20001200	21131603	0	0	-0.0003793736	-0.000000000000
15	21131604	24195126	1837	22	0.0001930991	0.000000029257
15	24195127	25108589	3659	22	0.0000684871	0.000000026853
15	25108590	27298111	4306	22	0.0005737091	0.000000036597
15	27298112	29338501	2519	22	0.0001951822	0.000000029297
15	29338502	30165567	1419	22	0.0003244797	0.000000031791
15	30165568	31591820	1602	22	0.0002675324	0.000000030692
15	31591821	32441810	1397	22	0.0002646429	0.000000030637
15	32441811	34015424	2722	22	0.0002624366	0.000000030594
15	34015425	35083250	2532	22	0.0005304208	0.000000035762
15	35083251	37456501	4169	22	0.0001366189	0.000000028167
15	37456502	38530776	1955	22	0.0003108149	0.000000031527
15	38530777	40384131	3364	22	0.0004042296	0.000000033329
15	40384132	41177513	1156	22	0.0008086931	0.000000039712
15	41177514	42776398	2383	22	0.0004116245	0.000000033471
15	42776399	44198048	1107	22	0.0005222985	0.000000027288
15	44198049	46618786	2601	22	0.0002687603	0.000000030716
15	46618787	48136047	2671	22	0.0006146775	0.000000037387
15	48136048	50008042	2066	22	0.0001634042	0.000000028684
15	50008043	51677559	2993	22	0.0003900657	0.000000033055
15	51677560	53069095	1940	22	0.0005367138	0.000000035884
15	53069096	54508527	3061	22	0.0002881040	0.000000031089
15	54508528	55136268	1455	22	0.0005753767	0.000000036516
15	55136269	56901772	3806	22	0.0007394380	0.000000039793
15	56901773	58441365	2478	22	0.0002974694	0.000000031270
15	58441366	59694115	2194	22	0.0008083108	0.000000041122
15	59694116	61265835	2668	22	0.0002106756	0.000000029596
15	61265836	63215221	3472	22	0.0008452041	0.000000041833
15	63215222	65104667	2610	22	0.0006744063	0.000000038539
15	65104668	67094766	3108	22	0.0001951766	0.000000029297
15	67094767	69017998	3080	22	0.0004881499	0.000000034947
15	69017999	70133340	1238	22	0.0001520904	0.000000028466
15	70133341	71922648	3018	22	0.0004371200	0.000000033963
15	71922649	73628713	1612	22	0.0005473021	0.000000034618
15	73628714	76398623	3075	22	0.0003865640	0.000000032988
15	76398624	78516052	3312	22	0.0005025260	0.000000035224
15	78516053	80860977	4954	22	0.0008093238	0.000000041141
15	80860978	84260467	3923	22	0.0005709232	0.000000036543
15	84260468	86652904	4390	22	0.0007397267	0.000000039799
15	86652905	88369942	3440	22	0.0002586393	0.000000030521
15	88369943	90475550	3424	22	0.0007224036	0.000000039465
15	90475551	92164391	3455	22	0.0003147839	0.000000031604
15	92164392	93780901	3692	22	0.0003880705	0.000000033017
15	93780902	94924329	3032	22	0.0000925338	0.000000027317
15	94924330	96141595	2462	22	0.0001165806	0.000000027781
15	96141596	98030909	3349	22	0.0002244486	0.000000029861
15	98030910	99244058	3070	22	0.0001838769	0.000000029079
15	99244059	100636846	3191	22	0.0003072349	0.000000031458
15	100636847	101552693	2204	22	0.0002581559	0.000000030511
15	101552694	102520965	1903	22	0.0003465935	0.000000032217
16	60054	1207205	2474	22	0.0003580614	0.000000032438
16	1207206	2764828	2890	22	0.0003631442	0.000000032536
16	2764829	4001195	1920	22	0.0002110866	0.000000029604
16	4001196	5118344	2068	22	0.0005880293	0.000000036873
16	5118345	5891579	2237	22	0.0004694970	0.000000034587
16	5891580	6893550	3019	22	0.0005134797	0.000000035436
16	6893551	7529120	2420	22	0.0003961437	0.000000033173
16	7529121	8338518	2712	22	0.0002934474	0.000000031192
16	8338519	9799418	4090	22	0.0002338224	0.000000030042
16	9799419	10426031	1707	22	0.0005039811	0.000000035252
16	10426032	11520160	2675	22	0.0001416863	0.000000028265
16	11520161	12613097	2271	22	0.0002679968	0.000000030701
16	12613098	13154436	1766	22	0.0001503644	0.000000028433
16	13154437	14464001	2708	22	0.0008551197	0.000000042024
16	14464002	16154059	1544	22	0.0003832402	0.000000032924
16	16154060	17644748	1939	22	0.0001624886	0.000000028666
16	17644749	18643606	1056	22	0.0004915068	0.000000032814
16	18643607	20150570	2409	22	0.0003857799	0.000000032973
16	20150571	22448903	2326	22	0.0003630354	0.000000032534
16	22448904	24136874	2413	22	0.0004269474	0.000000033767
16	24136875	25986861	3912	22	0.0003635680	0.000000032544
16	25986862	27445754	3271	22	0.0001502983	0.000000028431
16	27445755	29036612	1544	22	0.0002633426	0.000000030611
16	29036613	31382942	2099	22	0.0007286977	0.000000039586
16	31382943	46399472	884	22	0.0003286633	0.000000023090
16	46399473	49007925	1582	22	0.0002927121	0.000000031178
16	49007926	52035822	4648	22	0.0002575878	0.000000030500
16	52035823	53382571	2205	22	0.0003178770	0.000000031663
16	53382572	55903773	4999	22	0.0003131784	0.000000031573
16	55903774	57664329	3051	22	0.0001228122	0.000000027901
16	57664330	59045404	2980	22	0.0006017623	0.000000037138
16	59045405	60745693	3044	22	0.0003126014	0.000000031561
16	60745694	62229848	1950	22	0.0002316129	0.000000029999
16	62229849	63691588	2439	22	0.0004516901	0.000000034244
16	63691589	65938565	4126	22	0.0008963741	0.000000042820
16	65938566	68841362	3033	22	0.0008198492	0.000000041344
16	68841363	71054027	2410	22	0.0005107460	0.000000035383
16	71054028	72935149	2306	22	0.0005229498	0.000000035618
16	72935150	74971502	3495	22	0.0005124014	0.000000035415
16	74971503	75977953	1745	22	0.0003395193	0.000000032081
16	75977954	77523677	3930	22	0.0002390770	0.000000030143
16	77523678	78456291	3427	22	0.0003377556	0.000000032047
16	78456292	79134814	2229	22	0.0001525039	0.000000028474
16	79134815	80297373	3026	22	0.0002486943	0.000000030329
16	80297374	81772535	3768	22	0.0000715663	0.000000026913
16	81772536	82747727	2588	22	0.0003849294	0.000000032956
16	82747728	83477207	2506	22	0.0004588421	0.000000034382
16	83477208	84445882	3126	22	0.0002271441	0.000000029913
16	84445883	85148684	2409	22	0.0004164024	0.000000033563
16	85148685	86156598	2405	22	0.0003939954	0.000000033131
16	86156599	86815410	2029	22	0.0002837279	0.000000031005
16	86815411	87647348	1666	22	0.0002444498	0.000000030247
16	87647349	89041164	3830	22	0.0003140134	0.000000031589
16	89041165	90292811	2633	22	0.0006098734	0.000000037295
17	56	1172398	2668	22	0.0002764150	0.000000030864
17	1172399	1928730	1772	22	0.0005432775	0.000000036010
17	1928731	3702311	3693	22	0.0005276472	0.000000035709
17	3702312	4696260	2126	22	0.0003633173	0.000000032540
17	4696261	5741333	2346	22	0.0002908891	0.000000031143
17	5741334	7317397	3392	22	0.0002098665	0.000000029580
17	7317398	8306424	1625	22	0.0003309763	0.000000031916
17	8306425	9965920	3258	22	0.0001572881	0.000000028566
17	9965921	11102814	2236	22	0.0003839211	0.000000032937
17	11102815	12534768	2572	22	0.0005961424	0.000000037030
17	12534769	13180371	1603	22	0.0004059659	0.000000033362
17	13180372	13894636	1924	22	0.0002764717	0.000000030865
17	13894637	15019096	2994	22	0.0002751672	0.000000030839
17	15019097	16412341	1943	22	0.0001962849	0.000000029318
17	16412342	18856319	3382	22	0.0005963697	0.000000037034
17	18856320	21290356	2318	22	0.0009014363	0.000000042918
17	21290357	27334243	3124	22	0.0001129742	0.000000027711
17	27334244	29786490	2476	22	0.0005012179	0.000000035199
17	29786491	31538424	2792	22	0.0004662766	0.000000034525
17	31538425	32912797	3203	22	0.0003276973	0.000000031853
17	32912798	34469035	2470	22	0.0001942739	0.000000029279
17	34469036	36809343	2686	22	0.0003258354	0.000000031817
17	36809344	38877403	2398	22	0.0006299623	0.000000037682
17	38877404	39899809	2218	22	0.0001039527	0.000000027537
17	39899810	41772086	2175	22	0.0002497593	0.000000030349
17	41772087	43056904	1748	22	0.0003164634	0.000000031636
17	43056905	45876021	2441	22	0.0006126831	0.000000037349
17	45876022	47517399	2723	22	0.0005088257	0.000000035346
17	47517400	49898956	3582	22	0.0004023505	0.000000033292
17	49898957	50719054	1306	22	0.0003360214	0.000000023338
17	50719055	51826117	2094	22	0.0003361818	0.000000031733
17	51826118	53599431	3044	22	0.0004708554	0.000000034614
17	53599432	55357540	2812	22	0.0003544086	0.000000032368
17	55357541	57487511	2803	22	0.0005645948	0.000000036421
17	57487512	59312754	1232	22	0.0003790781	0.000000025446
17	59312755	61545588	2325	22	0.0002052812	0.000000029492
17	61545589	63148127	1506	22	0.0005234831	0.000000035628
17	63148128	64800429	3545	22	0.0001967880	0.000000029328
17	64800430	67858769	5000	22	0.0001296728	0.000000028033
17	67858770	69387816	3069	22	0.0002575527	0.000000030500
17	69387817	72672202	6549	22	0.0000353591	0.000000026215
17	72672203	74375559	2485	22	0.0004828737	0.000000034845
17	74375560	76263412	4219	22	0.0002353147	0.000000030071
17	76263413	77298635	2576	22	0.0003420461	0.000000032129
17	77298636	78837587	3507	22	0.0005818993	0.000000036755
17	78837588	80034407	2556	22	0.0007257809	0.000000039530
17	80034408	81194907	2476	22	0.0003055358	0.000000031425
18	10644	912485	2203	22	0.0002316322	0.000000030000
18	912486	1942910	2166	22	0.0002739358	0.000000030816
18	1942911	3891657	4651	22	0.0001941336	0.000000029277
18	3891658	5834179	4120	22	0.0004640077	0.000000034481
18	5834180	7090484	2381	22	0.0003638508	0.000000032550
18	7090485	8498930	2629	22	0.0002661842	0.000000030666
18	8498931	11075912	6271	22	0.0002957999	0.000000031237
18	11075913	11905439	1651	22	0.0003426844	0.000000032142
18	11905440	14440798	4992	22	0.0003250944	0.000000031802
18	14440799	19485843	1261	22	0.0002205234	0.000000026594
18	19485844	20649471	1669	22	0.0002832258	0.000000030995
18	20649472	22996650	3371	22	0.0002189076	0.000000029754
18	22996651	24026190	1423	22	0.0003898768	0.000000032655
18	24026191	25927681	2984	22	0.0002267860	0.000000029906
18	25927682	26875586	1345	22	0.0005011835	0.000000027417
18	26875587	27866477	1838	22	0.0003480925	0.000000030555
18	27866478	30264065	4244	22	0.0004267076	0.000000033762
18	30264066	31780066	1792	22	0.0005441774	0.000000035971
18	31780067	33861963	2994	22	0.0004774997	0.000000034742
18	33861964	35075249	1836	22	0.0002935011	0.000000031193
18	35075250	36365489	2204	22	0.0005893051	0.000000036898
18	36365490	37684366	1773	22	0.0003275226	0.000000031283
18	37684367	39892647	3810	22	0.0003839409	0.000000032937
18	39892648	42922105	4844	22	0.0001894539	0.000000029186
18	42922106	44299245	2699	22	0.0004751345	0.000000034696
18	44299246	45939731	2808	22	0.0005287181	0.000000035729
18	45939732	47730583	3608	22	0.0004964410	0.000000035107
18	47730584	51062184	5886	22	0.0004374714	0.000000033970
18	51062185	51554174	1469	22	0.0002530168	0.000000017673
18	51554175	55213837	5079	22	0.0008362637	0.000000041661
18	55213838	56530219	3035	22	0.0003649181	0.000000032570
18	56530220	57630482	2570	22	0.0001379385	0.000000028193
18	57630483	59020750	2143	22	0.0002236794	0.000000029846
18	59020751	60277714	2704	22	0.0003453860	0.000000032194
18	60277715	61820251	2645	22	0.0003438859	0.000000032165
18	61820252	63463401	3041	22	0.0004799077	0.000000034788
18	63463402	64252800	1596	22	0.0001948945	0.000000024669
18	64252801	66125816	4146	22	0.0002772513	0.000000030880
18	66125817	67175819	1689	22	0.0004155151	0.000000033546
18	67175820	68621178	2363	22	0.0002693766	0.000000030728
18	68621179	69621617	2429	22	0.0003044193	0.000000031404
18	69621618	71038473	3225	22	0.0004634430	0.000000034471
18	71038474	71971461	2294	22	0.0002184847	0.000000029746
18	71971462	73526986	2638	22	0.0005372588	0.000000035894
18	73526987	74813814	2901	22	0.0002239850	0.000000029852
18	74813815	75976316	3478	22	0.0003083307	0.000000031479
18	75976317	77149990	2968	22	0.0000727105	0.000000026935
18	77149991	78017157	2159	22	0.0007175378	0.000000039371
19	80840	610728	801	22	0.0001699123	0.000000028810
19	610729	2098395	2908	22	0.0005600003	0.000000036333
19	2098396	3019659	2117	22	0.0004728621	0.000000034652
19	3019660	4348966	2750	22	0.0002016726	0.000000029422
19	4348967	5811851	3026	22	0.0003629376	0.000000032532
19	5811852	6684884	1648	22	0.0001963546	0.000000029320
19	6684885	8347512	4152	22	0.0002607087	0.000000030561
19	8347513	9238392	1707	22	0.0001981706	0.000000029355
19	9238393	11284027	3717	22	0.0001309031	0.000000028057
19	11284028	13471126	2946	22	0.0003342467	0.000000031979
19	13471127	14486346	1542	22	0.0005469409	0.000000036081
19	14486347	15648609	2498	22	0.0002163568	0.000000029705
19	15648610	16374415	2639	22	0.0003680026	0.000000032630
19	16374416	18409861	4086	22	0.0000978256	0.000000027419
19	18409862	19877470	2077	22	0.0008005272	0.000000040972
19	19877471	20905756	2245	22	0.0001374344	0.000000028183
19	20905757	22732895	4867	22	0.0003611612	0.000000032498
19	22732896	23467745	1796	22	0.0000852160	0.000000020336
19	23467746	28557892	2880	22	0.0002128483	0.000000029298
19	28557893	29790946	3132	22	0.0001869762	0.000000029139
19	29790947	30727953	1950	22	0.0002716179	0.000000030771
19	30727954	32746519	2695	22	0.0007581652	0.000000040155
19	32746520	34262951	3290	22	0.0005138120	0.000000035442
19	34262952	36469294	3928	22	0.0001167938	0.000000027785
19	36469295	37527032	1815	22	0.0004676504	0.000000033816
19	37527033	40170618	4157	22	0.0007540884	0.000000040076
19	40170619	40984600	1165	22	0.0002190449	0.000000029361
19	40984601	42131572	2026	22	0.0002261969	0.000000029895
19	42131573	43862454	2860	22	0.0001715828	0.000000028842
19	43862455	44744107	1598	22	0.0002096107	0.000000029575
19	44744108	46102696	2524	22	0.0003814774	0.000000032890
19	46102697	47150081	2114	22	0.0004129903	0.000000033498
19	47150082	49282226	3772	22	0.0004230257	0.000000033691
19	49282227	51532566	4153	22	0.0006337326	0.000000037755
19	51532567	52985289	3482	22	0.0003142017	0.000000031592
19	52985290	54602361	5116	22	0.0001357631	0.000000028151
19	54602362	55728079	2866	22	0.0004094234	0.000000033429
19	55728080	57521334	4083	22	0.0002156267	0.000000029691
19	57521335	59118838	3157	22	0.0002179618	0.000000029736
20	60479	697599	1319	22	0.0000894414	0.000000027258
20	697600	2469500	4198	22	0.0003893730	0.000000033042
20	2469501	3828412	2722	22	0.0005464486	0.000000036071
20	3828413	5477849	4114	22	0.0003018880	0.000000031355
20	5477850	7084072	3383	22	0.0000711002	0.000000026904
20	7084073	8117010	1989	22	0.0001408854	0.000000028250
20	8117011	9730920	2977	22	0.0001226823	0.000000027899
20	9730921	11249535	3022	22	0.0002401657	0.000000030164
20	11249536	12447498	2430	22	0.0001083242	0.000000027565
20	12447499	13689863	2610	22	0.0002716689	0.000000030772
20	13689864	15958358	3945	22	0.0003744977	0.000000032755
20	15958359	17487231	3677	22	0.0003205619	0.000000031715
20	17487232	18972202	3229	22	0.0003769067	0.000000032802
20	18972203	20959709	3147	22	0.0003758925	0.000000032782
20	20959710	22491455	1883	22	0.0004114538	0.000000033468
20	22491456	23293789	1431	22	0.0000732670	0.000000026946
20	23293790	24717723	2864	22	0.0001465495	0.000000028359
20	24717724	25344230	1505	22	0.0001971235	0.000000023296
20	25344231	31614822	3994	22	0.0003635795	0.000000032545
20	31614823	32813440	1231	22	0.0002786007	0.000000030906
20	32813441	34960445	2208	22	0.0003053220	0.000000031421
20	34960446	36909529	2289	22	0.0002950264	0.000000031222
20	36909530	38436760	2290	22	0.0007944060	0.000000040854
20	38436761	39610855	2020	22	0.0004851659	0.000000034890
20	39610856	40585688	1343	22	0.0005842433	0.000000033876
20	40585689	41615459	1912	22	0.0002842006	0.000000031014
20	41615460	42680175	1841	22	0.0004676155	0.000000034551
20	42680176	44839055	3586	22	0.0004245287	0.000000033720
20	44839056	47199979	4265	22	0.0002459245	0.000000030276
20	47199980	49239657	3773	22	0.0006140216	0.000000037375
20	49239658	52472548	6294	22	0.0002631624	0.000000030608
20	52472549	54055265	2860	22	0.0004137473	0.000000033512
20	54055266	56447958	5017	22	0.0001702929	0.000000028817
20	56447959	58406571	3286	22	0.0003633074	0.000000032539
20	58406572	59561723	1967	22	0.0002475905	0.000000030308
20	59561724	61301854	4338	22	0.0003036800	0.000000031389
20	61301855	62190179	2372	22	0.0006035238	0.000000037172
20	62190180	62965162	1631	22	0.0003946648	0.000000033144
21	9411243	15950981	2368	22	0.0003456116	0.000000032198
21	15950982	18053164	3116	22	0.0002751150	0.000000030838
21	18053165	19480374	2746	22	0.0005477177	0.000000036096
21	19480375	20962338	3482	22	0.0002869726	0.000000031067
21	20962339	22072763	2572	22	0.0002361707	0.000000030087
21	22072764	23362874	2950	22	0.0004724549	0.000000034644
21	23362875	24696230	2545	22	0.0002622181	0.000000030590
21	24696231	26469121	4183	22	0.0004171930	0.000000033579
21	26469122	27271018	1245	22	0.0002955775	0.000000025624
21	27271019	29125225	4151	22	0.0002747917	0.000000030832
21	29125226	31197024	3961	22	0.0001639587	0.000000028695
21	31197025	32668641	2681	22	0.0004012158	0.000000033270
21	32668642	34376998	3347	22	0.0002719569	0.000000030778
21	34376999	35225464	1283	22	0.0003852595	0.000000032963
21	35225465	36524372	2355	22	0.0003345553	0.000000031985
21	36524373	37870778	2668	22	0.0005863215	0.000000036840
21	37870779	38711703	1595	22	0.0001983459	0.000000029358
21	38711704	40482901	3468	22	0.0003249566	0.000000031800
21	40482902	41389526	2468	22	0.0002024136	0.000000029436
21	41389527	43321527	4578	22	0.0002354860	0.000000030074
21	43321528	44506267	3419	22	0.0005405608	0.000000035958
21	44506268	46177104	3251	22	0.0002112432	0.000000029607
21	46177105	47492225	3080	22	0.0002831590	0.000000030994
21	47492226	48119751	1675	22	0.0004351000	0.000000033924
22	16050408	17674294	1166	22	0.0002125515	0.000000029632
22	17674295	18296087	1407	22	0.0001596441	0.000000028612
22	18296088	19912357	2836	22	0.0003102089	0.000000031515
22	19912358	22357324	3081	22	0.0007055878	0.000000039141
22	22357325	23712646	2819	22	0.0001106763	0.000000027667
22	23712647	24984203	2247	22	0.0004160256	0.000000033556
22	24984204	26791627	3469	22	0.0003193984	0.000000031693
22	26791628	27834751	2637	22	0.0002464071	0.000000030285
22	27834752	29651798	2375	22	0.0004341070	0.000000033905
22	29651799	31439917	2632	22	0.0005197177	0.000000035556
22	31439918	32664985	1777	22	0.0003857602	0.000000032972
22	32664986	34494913	3906	22	0.0002520249	0.000000030393
22	34494914	35530984	2448	22	0.0001684251	0.000000028781
22	35530985	37570268	3996	22	0.0002830851	0.000000030992
22	37570269	39307893	2698	22	0.0003096416	0.000000031504
22	39307894	40545796	1876	22	0.0009242979	0.000000043359
22	40545797	42690817	2568	22	0.0012701532	0.000000050029
22	42690818	43714199	2343	22	0.0005308475	0.000000035771
22	43714200	44995307	3118	22	0.0003727393	0.000000032721
22	44995308	46470494	3614	22	0.0004570467	0.000000034347
22	46470495	47596317	2616	22	0.0001446588	0.000000028322
22	47596318	48903702	3208	22	0.0003699228	0.000000032667
22	48903703	49824533	3884	22	0.0001705128	0.000000028821
22	49824534	51243297	3076	22	0.0005167318	0.000000035498
