chr	start	end	num_snp	k	local_h2g	var
1	10583	1892606	142	19	0.0000312369	0.000000036258
1	1892607	3582735	765	19	0.0001015033	0.000000170252
1	3582736	4380810	540	19	0.0001565712	0.000000127414
1	4380811	5913892	1874	19	0.0000075492	0.000000165647
1	5913893	7247334	727	19	0.0000032765	0.000000153006
1	7247335	9365198	1249	19	0.0001264070	0.000000171473
1	9365199	10806983	523	19	0.0001682385	0.000000116221
1	10806984	11777840	387	19	0.0002428542	0.000000106921
1	11777841	12779465	433	19	0.0002690184	0.000000120448
1	12779466	14891510	1192	19	0.0001874880	0.000000174467
1	14891511	16897729	1099	19	0.0002086619	0.000000175505
1	16897730	18662898	1118	19	0.0002000897	0.000000175085
1	18662899	20469148	1199	19	0.0002093599	0.000000175539
1	20469149	21736587	798	19	0.0001523000	0.000000163213
1	21736588	23086882	929	19	0.0001959614	0.000000174882
1	23086883	23920589	342	19	-0.0000220736	0.000000067545
1	23920590	25516844	878	19	0.0000272125	0.000000166611
1	25516845	27401866	628	19	0.0001906393	0.000000117656
1	27401867	30161880	937	19	0.0001654066	0.000000173385
1	30161881	32438684	1875	19	0.0000312291	0.000000166808
1	32438685	34799757	1141	19	0.0001070432	0.000000170524
1	34799758	37549182	960	19	0.0002715756	0.000000178589
1	37549183	38731846	599	19	0.0001076095	0.000000129218
1	38731847	40200566	732	19	0.0001475782	0.000000164806
1	40200567	41975326	1010	19	0.0001308854	0.000000171693
1	41975327	43758456	1092	19	0.0001222450	0.000000171269
1	43758457	44969182	602	19	0.0002173532	0.000000115874
1	44969183	46899500	793	19	0.0001270918	0.000000109765
1	46899501	48002575	504	19	0.0000218892	0.000000081804
1	48002576	48978187	555	19	-0.0000117931	0.000000113642
1	48978188	49894176	455	19	0.0001791428	0.000000086481
1	49894177	51713725	479	19	0.0005396465	0.000000088996
1	51713726	54226261	962	19	0.0003286507	0.000000181387
1	54226262	56413116	1415	19	0.0000030510	0.000000165426
1	56413117	57021727	518	19	0.0000750659	0.000000082739
1	57021728	58865398	1532	19	0.0000025866	0.000000165404
1	58865399	59890408	764	19	0.0001188802	0.000000126272
1	59890409	61922364	1210	19	0.0000322971	0.000000166860
1	61922365	63455088	940	19	0.0002140367	0.000000175768
1	63455089	65041703	1327	19	0.0001048407	0.000000170416
1	65041704	66939403	1340	19	0.0000166435	0.000000166093
1	66939404	68477894	1332	19	0.0001686987	0.000000173546
1	68477895	69687615	754	19	0.0002349361	0.000000135436
1	69687616	71372469	1101	19	0.0000334660	0.000000166917
1	71372470	71684404	177	13	0.0002425575	0.000000033656
1	71684405	74326906	1580	19	0.0002750014	0.000000168858
1	74326907	76728134	1656	19	0.0000495498	0.000000167706
1	76728135	79661197	1956	19	-0.0000632434	0.000000162177
1	79661198	81354190	1196	19	-0.0000661822	0.000000157259
1	81354191	83991747	2180	19	0.0001579935	0.000000173021
1	83991748	84844494	565	19	0.0004864094	0.000000106054
1	84844495	86454750	1276	19	-0.0000426490	0.000000163186
1	86454751	88128630	1119	19	0.0002652104	0.000000178277
1	88128631	90066302	1007	19	0.0001429949	0.000000172286
1	90066303	91886316	1048	19	0.0000821930	0.000000169306
1	91886317	93536458	1046	19	0.0004004920	0.000000163415
1	93536459	94506190	520	19	0.0001433271	0.000000069755
1	94506191	96150892	1100	19	0.0001354056	0.000000171546
1	96150893	97885248	1126	19	0.0002146862	0.000000166998
1	97885249	99800603	1276	19	0.0001060698	0.000000170476
1	99800604	100826404	652	19	-0.0000005856	0.000000087351
1	100826405	102041015	882	19	0.0001747572	0.000000143438
1	102041016	102898744	684	19	0.0000189193	0.000000085305
1	102898745	103914210	600	19	0.0000213766	0.000000059021
1	103914211	106087841	1248	19	0.0000343990	0.000000166963
1	106087842	108409664	1643	19	0.0001674740	0.000000173486
1	108409665	110303930	1026	19	0.0004374269	0.000000186718
1	110303931	111741736	965	19	0.0000158808	0.000000166055
1	111741737	113273305	1299	19	0.0000642546	0.000000168427
1	113273306	114873844	875	19	-0.0000467643	0.000000162985
1	114873845	115880592	590	19	0.0001697597	0.000000105388
1	115880593	118839066	1620	19	0.0001312200	0.000000171709
1	118839067	144977493	1169	19	0.0003103085	0.000000180487
1	144977494	148361252	778	19	0.0001379838	0.000000140220
1	148361253	151538880	538	19	0.0002138104	0.000000097785
1	151538881	153180828	949	19	-0.0000695049	0.000000117772
1	153180829	154770402	757	19	0.0003536668	0.000000158969
1	154770403	156336132	438	19	0.0001709073	0.000000104092
1	156336133	158027411	1147	19	0.0000525683	0.000000167854
1	158027412	159913047	1296	19	0.0000808613	0.000000169241
1	159913048	162346720	1538	19	0.0002077074	0.000000175458
1	162346721	165191701	2392	19	0.0001551434	0.000000172882
1	165191702	166460516	991	19	0.0000689853	0.000000168658
1	166460517	169086323	1975	19	0.0000506409	0.000000167759
1	169086324	170557775	1343	19	-0.0000412338	0.000000151553
1	170557776	173097906	1669	19	0.0000520855	0.000000167830
1	173097907	175089767	724	19	0.0002180820	0.000000093665
1	175089768	177433380	1515	19	0.0001885750	0.000000174520
1	177433381	178944308	898	19	0.0001872389	0.000000146896
1	178944309	178954469	3	1	0.0000232092	0.000000001992
1	178954470	181144120	1454	19	0.0001309861	0.000000171698
1	181144121	182755355	1068	19	0.0001149341	0.000000170911
1	182755356	184595512	1265	19	0.0002477072	0.000000177419
1	184595513	186810022	867	19	0.0002219526	0.000000146812
1	186810023	188759944	1486	19	0.0002264114	0.000000176375
1	188759945	189904129	622	19	0.0001367784	0.000000064301
1	189904130	191868929	1504	19	0.0000753393	0.000000153635
1	191868930	194107441	1328	19	0.0003443911	0.000000182158
1	194107442	196176200	1588	19	0.0002094634	0.000000175544
1	196176201	197311513	484	19	0.0000836311	0.000000059488
1	197311514	199239883	1019	19	-0.0000119096	0.000000156264
1	199239884	200137648	629	19	0.0002190672	0.000000106100
1	200137649	201589974	1219	19	0.0001462562	0.000000172446
1	201589975	203334733	1019	19	0.0000571260	0.000000168077
1	203334734	204681067	816	19	-0.0000248202	0.000000164060
1	204681068	206073264	1035	19	0.0002631005	0.000000178173
1	206073265	208410363	1129	19	0.0000450894	0.000000167487
1	208410364	210787749	1704	19	-0.0000993874	0.000000160405
1	210787750	212842329	1266	19	0.0002081569	0.000000175480
1	212842330	214578265	1086	19	0.0003218770	0.000000181055
1	214578266	216243633	1257	19	0.0001620911	0.000000173222
1	216243634	218705512	2291	19	0.0001059556	0.000000170471
1	218705513	219590570	642	19	0.0001044992	0.000000099171
1	219590571	221858230	1494	19	0.0002867021	0.000000179330
1	221858231	222230219	333	19	0.0001675415	0.000000069964
1	222230220	224938519	989	19	0.0000995710	0.000000170158
1	224938520	226810859	895	19	0.0001205606	0.000000171186
1	226810860	229156247	1368	19	0.0002154595	0.000000175838
1	229156248	230685254	861	19	0.0004826139	0.000000188933
1	230685255	232090251	1031	19	0.0000141726	0.000000165972
1	232090252	233429283	1109	19	-0.0000028912	0.000000165135
1	233429284	234599433	1010	19	0.0000529452	0.000000167872
1	234599434	235819435	702	19	-0.0000980153	0.000000153506
1	235819436	237555627	1326	19	-0.0000622117	0.000000162227
1	237555628	238567806	867	19	0.0001978035	0.000000174973
1	238567807	239925313	1100	19	0.0000623814	0.000000168335
1	239925314	240564090	646	19	0.0000898435	0.000000126950
1	240564091	241582219	927	19	0.0001862823	0.000000174408
1	241582220	242071601	370	19	0.0000361391	0.000000075917
1	242071602	244109498	1132	19	0.0001118483	0.000000170759
1	244109499	245506745	905	19	0.0000969156	0.000000170027
1	245506746	247344517	1355	19	0.0001676590	0.000000173495
1	247344518	249239465	827	19	0.0001240867	0.000000160375
2	10133	1781021	1328	19	0.0000963479	0.000000170000
2	1781022	3973778	1803	19	0.0000512021	0.000000167787
2	3973779	5708336	1414	19	-0.0000502980	0.000000162811
2	5708337	6836253	1266	19	0.0002050604	0.000000175328
2	6836254	8422146	1342	19	0.0003443845	0.000000182158
2	8422147	10298468	1315	19	0.0000772128	0.000000169062
2	10298469	12419149	1830	19	0.0000757357	0.000000168989
2	12419150	14335307	1566	19	0.0000807930	0.000000169237
2	14335308	16329734	1742	19	0.0001041794	0.000000170384
2	16329735	18647422	1838	19	0.0001104880	0.000000170693
2	18647423	19692403	795	19	0.0000559879	0.000000135503
2	19692404	21050489	1274	19	-0.0000450399	0.000000163069
2	21050490	23341382	1372	19	0.0000053315	0.000000165538
2	23341383	24686917	842	19	0.0000321460	0.000000140739
2	24686918	26894984	1014	19	0.0002862531	0.000000179308
2	26894985	28598776	708	19	0.0002095832	0.000000125829
2	28598777	29217558	464	19	0.0002772677	0.000000104222
2	29217559	30463710	1180	19	0.0000573217	0.000000168087
2	30463711	31550449	1135	19	0.0002438815	0.000000177231
2	31550450	33363776	793	19	-0.0000577169	0.000000162448
2	33363777	35345027	1755	19	0.0000391655	0.000000167197
2	35345028	36122005	845	19	0.0001279179	0.000000123579
2	36122006	38132711	1856	19	-0.0000129901	0.000000164640
2	38132712	39031336	610	19	0.0002703989	0.000000155614
2	39031337	40281482	615	19	0.0001664126	0.000000130339
2	40281483	43309589	2770	19	0.0000986851	0.000000170114
2	43309590	44313802	832	19	0.0005287109	0.000000191193
2	44313803	46482633	1938	19	0.0001833321	0.000000174263
2	46482634	47318771	770	19	0.0000251651	0.000000166142
2	47318772	48213000	508	19	0.0001260977	0.000000146048
2	48213001	50022256	1503	19	0.0002169447	0.000000175911
2	50022257	50818927	809	19	0.0001880849	0.000000129999
2	50818928	52491132	1649	19	0.0002934471	0.000000179661
2	52491133	53508451	1105	19	0.0000746531	0.000000168936
2	53508452	54685225	869	19	0.0000255133	0.000000166528
2	54685226	56203344	1200	19	0.0000945670	0.000000169912
2	56203345	57429099	955	19	0.0002894350	0.000000164115
2	57429100	58297314	656	19	0.0001480428	0.000000107042
2	58297315	60291999	1320	19	0.0001949243	0.000000174832
2	60292000	62429043	1023	19	0.0002578884	0.000000177918
2	62429044	64625912	1109	19	0.0002630280	0.000000178170
2	64625913	65933443	872	19	0.0005036593	0.000000189965
2	65933444	67226165	1144	19	0.0003507333	0.000000182469
2	67226166	68010175	930	19	0.0003233543	0.000000159641
2	68010176	69139563	1020	19	0.0001809735	0.000000170103
2	69139564	70755197	953	19	0.0002913837	0.000000179560
2	70755198	73174847	1760	19	0.0001889293	0.000000174538
2	73174848	75630085	1423	19	0.0000617395	0.000000168303
2	75630086	76913660	1068	19	0.0000362914	0.000000167056
2	76913661	78079263	912	19	0.0001305090	0.000000171674
2	78079264	80050402	2005	19	0.0000206122	0.000000166287
2	80050403	81620840	1125	19	0.0001588988	0.000000173066
2	81620841	85140679	2388	19	0.0000850857	0.000000169448
2	85140680	88038506	1196	19	0.0000811755	0.000000169256
2	88038507	89154525	436	19	0.0000230912	0.000000074956
2	89154526	95326451	46	4	0.0001578444	0.000000017890
2	95326452	98995200	844	19	0.0001464872	0.000000154227
2	98995201	101822328	1892	19	0.0001697743	0.000000173599
2	101822329	102688764	598	19	-0.0000107017	0.000000086192
2	102688765	103588214	948	19	-0.0000467540	0.000000100269
2	103588215	105125033	783	19	-0.0000004337	0.000000112814
2	105125034	106210057	841	19	0.0000440025	0.000000144180
2	106210058	107408266	940	19	0.0001184938	0.000000163747
2	107408267	108429176	925	19	0.0000696254	0.000000107988
2	108429177	110572431	1116	19	0.0000203943	0.000000166277
2	110572432	113921855	1378	19	0.0002732846	0.000000178673
2	113921856	116772469	1654	19	0.0001329494	0.000000171794
2	116772470	118367465	1017	19	0.0000621468	0.000000120022
2	118367466	121303782	2021	19	0.0000693405	0.000000168676
2	121303783	123302905	1212	19	0.0000592264	0.000000168180
2	123302906	124732249	1169	19	0.0002448473	0.000000136972
2	124732250	125840920	874	19	0.0000739357	0.000000134258
2	125840921	127373763	1059	19	0.0000505925	0.000000114613
2	127373764	128034346	593	19	0.0000480605	0.000000108304
2	128034347	129474440	828	19	0.0003507504	0.000000156678
2	129474441	130067169	460	19	0.0000067717	0.000000065706
2	130067170	130658084	451	19	0.0001450950	0.000000073718
2	130658085	133042783	515	19	0.0000832313	0.000000106264
2	133042784	135158577	1728	19	-0.0000395827	0.000000163337
2	135158578	137042793	835	19	0.0005104508	0.000000146087
2	137042794	138698116	1217	19	0.0001452213	0.000000172395
2	138698117	140100270	1010	19	0.0001458734	0.000000127241
2	140100271	141805350	1376	19	-0.0000863618	0.000000161044
2	141805351	142518601	710	19	0.0001585264	0.000000112664
2	142518602	144519483	1472	19	0.0002083826	0.000000175491
2	144519484	146445569	858	19	0.0003272650	0.000000160911
2	146445570	147277161	376	19	0.0000557806	0.000000057182
2	147277162	150210291	1468	19	0.0002009973	0.000000175129
2	150210292	151731461	1034	19	0.0002360940	0.000000176481
2	151731462	152486781	569	19	0.0002697665	0.000000096180
2	152486782	154005055	1004	19	-0.0000505274	0.000000152915
2	154005056	155391134	1134	19	0.0001233795	0.000000171325
2	155391135	157560634	1211	19	0.0003203933	0.000000180982
2	157560635	158533217	344	19	0.0005553717	0.000000094945
2	158533218	159577081	707	19	-0.0000111023	0.000000113675
2	159577082	161769732	1349	19	0.0005092007	0.000000190237
2	161769733	163503550	702	19	0.0000997054	0.000000102991
2	163503551	164466637	519	19	0.0001756694	0.000000085983
2	164466638	165178839	413	19	-0.0000527279	0.000000066381
2	165178840	167160269	1333	19	0.0001003671	0.000000170197
2	167160270	167355969	169	13	0.0001568662	0.000000031936
2	167355970	169968235	1610	19	0.0001397557	0.000000172127
2	169968236	171226244	950	19	0.0003047287	0.000000177636
2	171226245	173138904	1000	19	0.0001651127	0.000000173370
2	173138905	175588928	1607	19	0.0000196127	0.000000166238
2	175588929	177363635	975	19	0.0000642276	0.000000168425
2	177363636	178553182	1023	19	-0.0000426333	0.000000141376
2	178553183	181312738	2171	19	0.0001396776	0.000000172124
2	181312739	182266030	693	19	0.0000421223	0.000000095461
2	182266031	184357607	1277	19	0.0003127077	0.000000180605
2	184357608	185280172	610	19	0.0000621310	0.000000080463
2	185280173	189882064	2459	19	0.0001911174	0.000000174645
2	189882065	191973356	1043	19	0.0000205252	0.000000148784
2	191973357	195861163	1683	19	0.0000325911	0.000000166874
2	195861164	196447455	334	19	0.0001040804	0.000000054770
2	196447456	198078109	872	19	0.0002000390	0.000000122594
2	198078110	199311124	597	19	-0.0000321370	0.000000074237
2	199311125	201576283	1226	19	0.0002264854	0.000000176379
2	201576284	202818636	500	19	0.0002144494	0.000000108581
2	202818637	205799240	1337	19	0.0001465169	0.000000172459
2	205799241	206735703	657	19	0.0001469322	0.000000167701
2	206735704	208645398	1156	19	0.0001113176	0.000000170733
2	208645399	209941528	715	19	0.0000368290	0.000000120872
2	209941529	212379517	1663	19	0.0001391303	0.000000172097
2	212379518	214014281	1435	19	0.0001307797	0.000000171687
2	214014282	215573794	1037	19	0.0001381808	0.000000158523
2	215573795	217715660	1472	19	0.0000925489	0.000000169813
2	217715661	218395479	514	19	-0.0000948646	0.000000099287
2	218395480	220454550	876	19	-0.0000482180	0.000000162913
2	220454551	222521175	1801	19	0.0000832025	0.000000169355
2	222521176	224859418	1661	19	0.0000112257	0.000000165827
2	224859419	225840003	724	19	0.0000695653	0.000000106961
2	225840004	228119841	1563	19	0.0003489466	0.000000182381
2	228119842	229370786	911	19	0.0002421179	0.000000151723
2	229370787	231843388	1812	19	0.0000102902	0.000000165781
2	231843389	233550002	760	19	0.0000202113	0.000000161126
2	233550003	235150986	1419	19	0.0000553953	0.000000167992
2	235150987	236043549	748	19	0.0001532959	0.000000172791
2	236043550	237449031	868	19	0.0000989231	0.000000170126
2	237449032	238760980	1050	19	0.0002536644	0.000000177711
2	238760981	239952642	799	19	-0.0000057749	0.000000154379
2	239952643	241560083	1170	19	0.0001953716	0.000000174854
2	241560084	242149920	350	19	0.0001846465	0.000000079540
2	242149921	243188919	249	19	0.0001631127	0.000000054166
3	60157	1441778	1216	19	0.0000971223	0.000000170038
3	1441779	2992119	1657	19	0.0000892643	0.000000169652
3	2992120	4431646	1491	19	-0.0000188685	0.000000164352
3	4431647	6083182	1433	19	-0.0000535165	0.000000162654
3	6083183	7083386	898	19	0.0000881487	0.000000169598
3	7083387	8648560	1717	19	0.0000107519	0.000000165804
3	8648561	9543182	790	19	0.0002390225	0.000000176993
3	9543183	11019664	912	19	0.0001657752	0.000000173403
3	11019665	13070798	1278	19	0.0010145216	0.000000215006
3	13070799	14816899	1392	19	0.0001609770	0.000000173168
3	14816900	16282441	984	19	0.0003637855	0.000000183109
3	16282442	17891117	1017	19	0.0000921167	0.000000169792
3	17891118	19125143	751	19	-0.0000016854	0.000000116560
3	19125144	20091347	327	19	0.0003648520	0.000000083419
3	20091348	21643706	1310	19	0.0001955071	0.000000174860
3	21643707	22204243	875	19	0.0002464915	0.000000175518
3	22204244	23804864	1138	19	0.0004652157	0.000000188081
3	23804865	25461557	1402	19	-0.0000050646	0.000000165029
3	25461558	26877768	964	19	0.0000709792	0.000000168388
3	26877769	27840909	645	19	0.0003490923	0.000000122296
3	27840910	29142259	918	19	0.0001197566	0.000000171147
3	29142260	30717954	1336	19	0.0001184245	0.000000171082
3	30717955	32351714	1235	19	0.0000485032	0.000000167654
3	32351715	33255591	453	19	0.0001521583	0.000000117499
3	33255592	35283457	1221	19	0.0001142836	0.000000170510
3	35283458	36486841	871	19	-0.0000167397	0.000000139778
3	36486842	38356115	1022	19	0.0001132070	0.000000170826
3	38356116	40221297	1254	19	0.0000007205	0.000000165312
3	40221298	41064527	299	19	0.0001435951	0.000000057951
3	41064528	42540001	977	19	0.0001951691	0.000000166772
3	42540002	45165152	1255	19	0.0001434200	0.000000172307
3	45165153	46657499	1023	19	0.0002721101	0.000000178615
3	46657500	47727211	293	19	0.0003703264	0.000000065153
3	47727212	49316971	344	16	0.0002097664	0.000000049549
3	49316972	51832014	647	19	0.0001213178	0.000000071592
3	51832015	54081389	981	19	0.0006589243	0.000000197576
3	54081390	55348859	1114	19	0.0001120679	0.000000170770
3	55348860	56433906	711	19	0.0000846859	0.000000134783
3	56433907	58157518	948	19	0.0000824597	0.000000169319
3	58157519	60272905	1771	19	0.0003050342	0.000000180229
3	60272906	62355665	1770	19	-0.0000987027	0.000000160439
3	62355666	63669285	1270	19	0.0002220951	0.000000176163
3	63669286	65273537	1325	19	0.0002593043	0.000000177987
3	65273538	66270446	585	19	0.0003220385	0.000000168977
3	66270447	68286913	1354	19	0.0003766163	0.000000183738
3	68286914	69276761	692	19	0.0000693693	0.000000147215
3	69276762	70449027	831	19	0.0001365120	0.000000163534
3	70449028	72529328	1405	19	0.0001936322	0.000000174768
3	72529329	74321816	1440	19	0.0002332114	0.000000176708
3	74321817	75704948	596	19	-0.0000062404	0.000000100203
3	75704949	77508834	1122	19	0.0000589939	0.000000168169
3	77508835	79024540	900	19	0.0002844139	0.000000160616
3	79024541	81427309	1286	19	-0.0000082901	0.000000140906
3	81427310	82643885	707	19	0.0000966238	0.000000087094
3	82643886	84367478	851	19	0.0001761841	0.000000114893
3	84367479	85582230	633	19	0.0002203617	0.000000092119
3	85582231	87409731	1258	19	0.0000468469	0.000000133995
3	87409732	88298372	504	19	0.0000307880	0.000000052481
3	88298373	94255315	1203	19	0.0003382430	0.000000160010
3	94255316	95311970	754	19	0.0000412245	0.000000072572
3	95311971	98215949	1536	19	0.0001459917	0.000000172433
3	98215950	99373761	792	19	0.0001186424	0.000000106629
3	99373762	100592216	593	19	0.0002355060	0.000000095842
3	100592217	103084959	1428	19	0.0000304716	0.000000166771
3	103084960	104581612	1163	19	0.0000528376	0.000000132874
3	104581613	106982810	1609	19	0.0000839082	0.000000169390
3	106982811	109522394	1710	19	0.0002990491	0.000000179936
3	109522395	110513769	696	19	0.0001261370	0.000000079309
3	110513770	112815698	1479	19	0.0002502243	0.000000177542
3	112815699	113947862	666	19	0.0000000800	0.000000109394
3	113947863	115447079	783	19	0.0001436172	0.000000162424
3	115447080	116800152	1044	19	0.0002405504	0.000000177068
3	116800153	118530250	1331	19	-0.0000475569	0.000000162946
3	118530251	120523054	1178	19	0.0003420433	0.000000182043
3	120523055	121974096	759	19	0.0000505218	0.000000086510
3	121974097	123517767	948	19	0.0003363552	0.000000178451
3	123517768	124936641	1161	19	0.0002320490	0.000000176651
3	124936642	126214942	898	19	0.0000579368	0.000000137727
3	126214943	128194860	1229	19	0.0001918610	0.000000174681
3	128194861	130244734	756	19	0.0003423480	0.000000142789
3	130244735	131836515	1117	19	0.0005933750	0.000000176459
3	131836516	133252172	1054	19	-0.0000612471	0.000000144782
3	133252173	135456905	1606	19	0.0000432331	0.000000167396
3	135456906	137371082	850	19	0.0001231942	0.000000121267
3	137371083	139954596	1600	19	0.0001777096	0.000000173988
3	139954597	141339096	830	19	0.0002443723	0.000000172109
3	141339097	143164627	1089	19	0.0002635203	0.000000178194
3	143164628	144410815	813	19	0.0000042229	0.000000128383
3	144410816	145664618	1041	19	0.0001276599	0.000000131249
3	145664619	146726628	855	19	-0.0000335450	0.000000113272
3	146726629	149043236	1391	19	0.0001252287	0.000000171415
3	149043237	150252003	811	19	0.0003384761	0.000000177820
3	150252004	151348729	649	19	0.0001868245	0.000000141190
3	151348730	153256570	1254	19	0.0003822761	0.000000184015
3	153256571	154714217	967	19	0.0001552088	0.000000117304
3	154714218	156008699	682	19	0.0001646410	0.000000124330
3	156008700	157312027	905	19	0.0002494928	0.000000140718
3	157312028	159477889	1412	19	0.0001121502	0.000000170774
3	159477890	161524503	1247	19	0.0000119073	0.000000148002
3	161524504	163253204	1593	19	0.0003499505	0.000000151291
3	163253205	165055468	1171	19	0.0001360870	0.000000115683
3	165055469	167117428	1170	19	0.0002118885	0.000000144542
3	167117429	168580959	754	19	0.0001380681	0.000000118190
3	168580960	170964908	1377	19	0.0003496587	0.000000182416
3	170964909	172295730	889	19	0.0000965798	0.000000170011
3	172295731	173477284	744	19	-0.0000278040	0.000000155486
3	173477285	175116538	1315	19	-0.0000500152	0.000000162825
3	175116539	176320286	820	19	0.0000703911	0.000000119730
3	176320287	178107164	1105	19	0.0001724904	0.000000173732
3	178107165	179374585	774	19	0.0000685281	0.000000130117
3	179374586	181511165	919	19	0.0002293423	0.000000163349
3	181511166	183769682	1185	19	0.0000884418	0.000000169612
3	183769683	185068254	721	19	0.0003352511	0.000000172903
3	185068255	186890343	1000	19	0.0007256210	0.000000200845
3	186890344	188856213	1474	19	0.0002215520	0.000000176137
3	188856214	190226606	1382	19	0.0000221383	0.000000166362
3	190226607	192343813	1563	19	0.0001506010	0.000000172659
3	192343814	194059670	719	19	0.0000761676	0.000000169010
3	194059671	194786673	369	19	-0.0000003882	0.000000096762
3	194786674	195971407	321	19	0.0001463045	0.000000089179
3	195971408	197075986	375	19	0.0000406599	0.000000090026
3	197075987	197946621	327	19	0.0000034585	0.000000067812
4	10240	694714	193	17	0.0003277596	0.000000054020
4	694715	1478710	394	19	0.0000341184	0.000000073857
4	1478711	2842978	446	19	0.0002291428	0.000000112353
4	2842979	3846039	475	19	0.0000269782	0.000000120391
4	3846040	4684115	436	19	0.0000870233	0.000000110889
4	4684116	5502387	688	19	0.0001510023	0.000000172679
4	5502388	6773042	1080	19	0.0005346795	0.000000191486
4	6773043	7539691	666	19	0.0001713854	0.000000173678
4	7539692	8152234	540	19	0.0000281819	0.000000150603
4	8152235	9326478	444	19	0.0000552109	0.000000107969
4	9326479	10699151	1150	19	0.0000427718	0.000000163331
4	10699152	12323033	1387	19	0.0001912946	0.000000174654
4	12323034	14272000	1633	19	0.0001923560	0.000000174706
4	14272001	15147445	727	19	0.0000148565	0.000000137755
4	15147446	15927008	492	19	0.0000918665	0.000000099230
4	15927009	17383321	1237	19	0.0002366540	0.000000176877
4	17383322	18841873	924	19	0.0003037234	0.000000166264
4	18841874	20544556	1125	19	0.0001992215	0.000000152132
4	20544557	22319346	1414	19	0.0002560898	0.000000177830
4	22319347	24135528	1262	19	0.0001868841	0.000000174438
4	24135529	25609321	1065	19	0.0001422241	0.000000172248
4	25609322	27343721	1016	19	0.0000847551	0.000000169431
4	27343722	27965867	469	19	0.0001279405	0.000000085310
4	27965868	29762207	1393	19	0.0004110854	0.000000185427
4	29762208	30454534	380	19	0.0001308461	0.000000064653
4	30454535	31782980	916	19	0.0000663751	0.000000160463
4	31782981	33172765	817	19	0.0003305785	0.000000135560
4	33172766	35151414	943	19	0.0001722242	0.000000100115
4	35151415	36020435	776	19	0.0000672443	0.000000094332
4	36020436	37255046	1058	19	-0.0000666684	0.000000131281
4	37255047	38907021	1380	19	-0.0000131346	0.000000164633
4	38907022	40202608	660	19	0.0002277047	0.000000131584
4	40202609	42213057	1270	19	0.0001007107	0.000000170214
4	42213058	43965044	1169	19	0.0002531991	0.000000177319
4	43965045	45189156	894	19	0.0002428645	0.000000117802
4	45189157	47411895	1114	19	0.0000637559	0.000000149818
4	47411896	48123599	462	19	0.0001696008	0.000000071998
4	48123600	53877432	885	19	0.0002565512	0.000000142828
4	53877433	55429555	996	19	0.0002121111	0.000000175674
4	55429556	56547643	738	19	0.0001125600	0.000000136852
4	56547644	58935007	1582	19	0.0000391544	0.000000167196
4	58935008	60741086	1211	19	0.0000883609	0.000000168504
4	60741087	62371762	1062	19	0.0001084678	0.000000151286
4	62371763	64341000	1075	19	0.0000141429	0.000000161195
4	64341001	66600491	1267	19	0.0002640469	0.000000176378
4	66600492	68059496	896	19	0.0001358029	0.000000131997
4	68059497	68854764	500	19	0.0001394703	0.000000079303
4	68854765	71049151	1182	19	0.0000680782	0.000000138933
4	71049152	72140557	499	19	-0.0000190892	0.000000060904
4	72140558	74592389	1024	19	0.0003484170	0.000000161227
4	74592390	77130706	1475	19	0.0002788548	0.000000178946
4	77130707	79093978	1326	19	0.0000683925	0.000000168629
4	79093979	80990296	1172	19	0.0000812332	0.000000157549
4	80990297	82125314	504	19	0.0001133375	0.000000080981
4	82125315	83372592	733	19	0.0001604908	0.000000128303
4	83372593	84799655	888	19	0.0004554438	0.000000173692
4	84799656	86930608	1239	19	0.0001102267	0.000000170680
4	86930609	87534647	279	19	0.0001373355	0.000000043868
4	87534648	89238027	1082	19	0.0002376076	0.000000176924
4	89238028	90231563	607	19	0.0002323542	0.000000121755
4	90231564	91560676	782	19	0.0003864118	0.000000134458
4	91560677	94233298	1201	19	0.0001541243	0.000000172832
4	94233299	96182187	1284	19	0.0002559033	0.000000177821
4	96182188	97540702	1151	19	0.0003384137	0.000000181865
4	97540703	99424066	1011	19	0.0000057957	0.000000110705
4	99424067	100678359	789	19	0.0002166805	0.000000137002
4	100678360	103221355	1642	19	0.0001863790	0.000000174413
4	103221356	105305293	1066	19	0.0004268943	0.000000162910
4	105305294	107501304	1163	19	0.0001710536	0.000000173662
4	107501305	108815347	756	19	0.0000461601	0.000000108554
4	108815348	111256566	1462	19	0.0001563544	0.000000172941
4	111256567	113870101	1425	19	0.0001039375	0.000000170372
4	113870102	115666245	1138	19	0.0002563228	0.000000177841
4	115666246	117276928	889	19	0.0001297592	0.000000097711
4	117276929	118479917	1029	19	0.0005486326	0.000000150053
4	118479918	119933511	1084	19	0.0001860365	0.000000135505
4	119933512	120392683	302	19	-0.0000103114	0.000000037028
4	120392684	122657986	1570	19	0.0000025725	0.000000165403
4	122657987	124286480	864	19	0.0003570521	0.000000122684
4	124286481	125210861	504	19	0.0001700895	0.000000097329
4	125210862	126480885	849	19	0.0002210583	0.000000141801
4	126480886	127275476	565	19	0.0002991680	0.000000098274
4	127275477	127830292	419	19	0.0001193497	0.000000070527
4	127830293	128996664	444	19	0.0001444267	0.000000065953
4	128996665	130591884	913	19	0.0001679923	0.000000161071
4	130591885	131283820	453	19	0.0000259290	0.000000070527
4	131283821	132954032	932	19	0.0003776347	0.000000154067
4	132954033	134628433	1133	19	0.0000908054	0.000000132613
4	134628434	136566406	1155	19	0.0004249724	0.000000162816
4	136566407	138541970	1270	19	-0.0000075028	0.000000164909
4	138541971	139556510	723	19	0.0000129181	0.000000126698
4	139556511	141084630	814	19	0.0002643144	0.000000178233
4	141084631	143443264	1474	19	0.0000968778	0.000000170026
4	143443265	146178186	1163	19	0.0003251094	0.000000167311
4	146178187	148521872	1189	19	-0.0000049364	0.000000165035
4	148521873	150683579	1131	19	-0.0000154436	0.000000164520
4	150683580	152782183	903	19	0.0000021220	0.000000120920
4	152782184	154477640	836	19	0.0002753620	0.000000178774
4	154477641	155056125	390	19	0.0001191679	0.000000080280
4	155056126	157485096	1638	19	-0.0000074920	0.000000164910
4	157485097	158743717	665	19	0.0001961233	0.000000116894
4	158743718	161058863	1104	19	0.0001673846	0.000000163952
4	161058864	161826434	604	19	0.0000869453	0.000000106445
4	161826435	163243678	1053	19	0.0001341431	0.000000162324
4	163243679	164478233	743	19	-0.0000186979	0.000000116424
4	164478234	165823447	959	19	0.0000632254	0.000000168376
4	165823448	167018857	718	19	0.0000899237	0.000000152542
4	167018858	167852916	494	19	0.0001774914	0.000000075616
4	167852917	169676824	1211	19	0.0000289170	0.000000166694
4	169676825	170776509	530	19	0.0000067834	0.000000094076
4	170776510	172558634	1039	19	0.0000890063	0.000000155390
4	172558635	174264131	918	19	-0.0000803485	0.000000132744
4	174264132	176570715	1335	19	0.0000752178	0.000000168964
4	176570716	178991909	1730	19	0.0001957911	0.000000174874
4	178991910	180122042	762	19	0.0001197222	0.000000143595
4	180122043	182066806	1680	19	0.0002175961	0.000000175943
4	182066807	183371274	1306	19	-0.0000406081	0.000000163286
4	183371275	184929454	1007	19	0.0001206289	0.000000171190
4	184929455	186909089	1442	19	0.0002000031	0.000000175081
4	186909090	188472980	1090	19	0.0000116077	0.000000165846
4	188472981	189693510	793	19	0.0001801791	0.000000174109
4	189693511	191043593	624	19	0.0001432485	0.000000142608
5	11940	982251	409	19	0.0001512609	0.000000085785
5	982252	2132441	829	19	0.0002225489	0.000000176186
5	2132442	3361940	1604	19	0.0000355835	0.000000167021
5	3361941	4632109	1102	19	-0.0000848454	0.000000161118
5	4632110	5973232	1453	19	0.0000589263	0.000000168165
5	5973233	7143217	1142	19	0.0001530087	0.000000172777
5	7143218	8446335	1223	19	0.0000906907	0.000000169722
5	8446336	9718831	1294	19	-0.0000521004	0.000000162723
5	9718832	11173270	1375	19	0.0001668933	0.000000173458
5	11173271	13464831	1178	19	0.0000002204	0.000000165288
5	13464832	14757803	1105	19	0.0002084951	0.000000175497
5	14757804	16963612	1382	19	0.0001346333	0.000000171876
5	16963613	18051591	560	19	0.0000753625	0.000000120667
5	18051592	19917715	1315	19	0.0000567819	0.000000168060
5	19917716	22152072	1065	19	0.0000747839	0.000000145686
5	22152073	23494323	929	19	0.0001593881	0.000000139849
5	23494324	26184850	1810	19	0.0001480646	0.000000172535
5	26184851	26857603	419	19	0.0001346949	0.000000068370
5	26857604	27984512	585	19	0.0000998570	0.000000096591
5	27984513	29714819	1198	19	0.0002381778	0.000000161244
5	29714820	31390248	1400	19	0.0000940824	0.000000169889
5	31390249	33500179	1363	19	0.0002361124	0.000000176851
5	33500180	35048969	1004	19	0.0000778731	0.000000169094
5	35048970	36433953	1002	19	0.0001050874	0.000000156177
5	36433954	38802409	1495	19	0.0000102867	0.000000165781
5	38802410	40287728	1134	19	0.0003706732	0.000000168817
5	40287729	41888709	1248	19	-0.0000205755	0.000000133179
5	41888710	43983498	907	19	0.0000217220	0.000000110450
5	43983499	50163397	969	19	0.0001909344	0.000000118358
5	50163398	52134621	1353	19	0.0005236585	0.000000190576
5	52134622	53703043	1302	19	0.0007554670	0.000000202308
5	53703044	55417348	1128	19	0.0002034970	0.000000175252
5	55417349	56621101	976	19	0.0003322778	0.000000181564
5	56621102	57340072	589	19	0.0002235431	0.000000095925
5	57340073	58524621	1156	19	0.0002599216	0.000000178018
5	58524622	60935906	1442	19	0.0000735513	0.000000168882
5	60935907	61672994	532	19	-0.0000219329	0.000000077034
5	61672995	63218986	1053	19	-0.0000470711	0.000000130112
5	63218987	63968303	359	19	0.0000690565	0.000000055603
5	63968304	65911285	1227	19	0.0002025404	0.000000175205
5	65911286	67850859	1488	19	0.0003154605	0.000000180740
5	67850860	71240455	862	19	0.0000564884	0.000000149823
5	71240456	73759325	1811	19	0.0001806209	0.000000174131
5	73759326	75798865	1291	19	0.0002816014	0.000000179080
5	75798866	77623331	1309	19	0.0001407925	0.000000172178
5	77623332	79393143	1151	19	0.0002242749	0.000000176270
5	79393144	80481470	858	19	0.0000443736	0.000000166348
5	80481471	82025647	887	19	0.0001545615	0.000000172485
5	82025648	83972688	1034	19	0.0001348749	0.000000171520
5	83972689	85767289	1396	19	-0.0000081930	0.000000164507
5	85767290	87389990	632	19	0.0002874702	0.000000115536
5	87389991	88891529	584	19	0.0003049629	0.000000102556
5	88891530	90422653	861	19	0.0001470783	0.000000142440
5	90422654	91840541	651	19	0.0001047776	0.000000102900
5	91840542	93809983	787	19	0.0002712833	0.000000141782
5	93809984	95963518	1305	19	0.0000123763	0.000000165884
5	95963519	97315600	930	19	-0.0000405482	0.000000116747
5	97315601	99260991	1129	19	0.0004081507	0.000000177936
5	99260992	101578768	1313	19	-0.0000240114	0.000000164100
5	101578769	103320004	1062	19	0.0002098089	0.000000169683
5	103320005	104851482	1042	19	0.0001396720	0.000000147070
5	104851483	105893054	404	19	0.0001469152	0.000000087885
5	105893055	107264195	1166	19	0.0002106039	0.000000175600
5	107264196	108633933	905	19	0.0000878884	0.000000146686
5	108633934	110821143	1475	19	0.0000888099	0.000000169630
5	110821144	111981561	867	19	0.0001966183	0.000000170503
5	111981562	113396284	1163	19	0.0002266915	0.000000176389
5	113396285	114830369	1099	19	-0.0000742925	0.000000161635
5	114830370	115831046	892	19	0.0000752931	0.000000156169
5	115831047	117346212	1339	19	0.0002414412	0.000000177112
5	117346213	118608819	807	19	0.0003220195	0.000000175181
5	118608820	119669041	711	19	0.0000006201	0.000000127503
5	119669042	120452165	570	19	0.0000890207	0.000000096064
5	120452166	122556904	1410	19	0.0001491485	0.000000172588
5	122556905	123798099	995	19	0.0002456188	0.000000177317
5	123798100	125785648	1847	19	0.0000464454	0.000000167554
5	125785649	127344603	821	19	0.0001475314	0.000000152477
5	127344604	129519024	1543	19	0.0002328502	0.000000176691
5	129519025	132139648	1121	19	0.0002614234	0.000000148030
5	132139649	134777400	1523	19	0.0002135687	0.000000175746
5	134777401	136376049	1203	19	-0.0000030487	0.000000165127
5	136376050	139265071	1210	19	-0.0000362399	0.000000163501
5	139265072	140645970	580	19	0.0000950240	0.000000090338
5	140645971	142981247	1529	19	0.0000962388	0.000000169994
5	142981248	144943353	1435	19	0.0000495471	0.000000167706
5	144943354	147181997	1504	19	0.0000852987	0.000000169458
5	147181998	148662623	1164	19	0.0002812290	0.000000179062
5	148662624	150561297	1438	19	0.0000886153	0.000000169621
5	150561298	152867773	1807	19	0.0002352520	0.000000176440
5	152867774	153773087	947	19	0.0002412502	0.000000128068
5	153773088	155373504	1180	19	0.0001455256	0.000000172410
5	155373505	156628699	786	19	0.0000802237	0.000000126480
5	156628700	158825697	1759	19	0.0001136689	0.000000170849
5	158825698	159973943	720	19	0.0000055490	0.000000156026
5	159973944	161482132	1090	19	0.0001163661	0.000000159270
5	161482133	162743907	878	19	0.0001496191	0.000000145056
5	162743908	163771581	839	19	0.0001426548	0.000000149006
5	163771582	165642394	1204	19	0.0000863393	0.000000169509
5	165642395	166847739	875	19	0.0000832245	0.000000169356
5	166847740	168525317	1297	19	0.0002273255	0.000000176420
5	168525318	169505663	879	19	0.0002760420	0.000000178808
5	169505664	171074291	1214	19	0.0000871924	0.000000169551
5	171074292	172678326	1134	19	0.0001114299	0.000000170739
5	172678327	173642870	939	19	0.0000324552	0.000000166868
5	173642871	175450594	1513	19	0.0001150475	0.000000170916
5	175450595	177251506	515	19	0.0000736351	0.000000112981
5	177251507	178413463	778	19	-0.0000373542	0.000000163446
5	178413464	179401243	599	19	0.0000641857	0.000000148039
5	179401244	180559932	577	19	0.0002925743	0.000000143882
5	180559933	180885155	81	12	0.0000580321	0.000000023830
6	73924	1452361	1294	19	0.0000745882	0.000000168933
6	1452362	2458935	813	19	0.0003588259	0.000000182866
6	2458936	3573592	1016	19	0.0001007949	0.000000170218
6	3573593	4617816	1094	19	-0.0000344669	0.000000163587
6	4617817	5791471	1111	19	0.0000231693	0.000000166413
6	5791472	6785206	1073	19	0.0000311291	0.000000166803
6	6785207	7808935	911	19	0.0003697271	0.000000183400
6	7808936	9020025	1207	19	0.0002961606	0.000000179794
6	9020026	10540316	1318	19	0.0000525075	0.000000167851
6	10540317	11790815	1021	19	0.0000164155	0.000000166082
6	11790816	13209387	1216	19	-0.0000490602	0.000000162872
6	13209388	14802923	1300	19	0.0002867081	0.000000179331
6	14802924	17386404	1899	19	0.0000530633	0.000000167878
6	17386405	19207486	1442	19	0.0000865370	0.000000169519
6	19207487	21684064	2124	19	0.0013899162	0.000000233407
6	21684065	22748306	1086	19	0.0002388915	0.000000176987
6	22748307	23936618	1154	19	0.0003392261	0.000000181905
6	23936619	24852274	736	19	0.0004902706	0.000000188571
6	24852275	25684586	925	19	0.0001170045	0.000000157123
6	25684587	26791232	860	19	-0.0000068214	0.000000102897
6	26791233	28017818	545	19	-0.0000763703	0.000000065232
6	28017819	28917607	570	19	0.0002233007	0.000000064672
6	28917608	29737970	862	19	0.0002448210	0.000000101636
6	29737971	30798167	1699	19	0.0001972069	0.000000152392
6	30798168	31571217	1519	19	0.0005193341	0.000000176820
6	31571218	32682663	1111	19	0.0005744795	0.000000172647
6	32682664	33236496	1136	19	0.0000978863	0.000000147533
6	33236497	35455755	1295	19	0.0004112688	0.000000185436
6	35455756	37572595	1404	19	0.0001401065	0.000000172145
6	37572596	39295676	1516	19	0.0002420594	0.000000177142
6	39295677	40345114	806	19	-0.0000069570	0.000000133136
6	40345115	42038720	1316	19	0.0002336206	0.000000176728
6	42038721	43756168	711	19	0.0000298145	0.000000153217
6	43756169	45406562	1164	19	0.0003049790	0.000000180226
6	45406563	47311897	1503	19	0.0001057000	0.000000170458
6	47311898	48391124	878	19	0.0000311929	0.000000103047
6	48391125	50386144	1454	19	0.0003881579	0.000000151384
6	50386145	52210475	1355	19	0.0001239631	0.000000171353
6	52210476	53279101	812	19	0.0002551762	0.000000154869
6	53279102	55468269	2027	19	0.0002615520	0.000000178098
6	55468270	56105312	644	19	0.0003814972	0.000000076816
6	56105313	57599464	780	19	0.0000826372	0.000000124153
6	57599465	61880511	383	14	0.0000408503	0.000000040126
6	61880512	63552887	1067	19	-0.0000046252	0.000000088156
6	63552888	65765741	1225	19	0.0003394639	0.000000158275
6	65765742	67329214	1620	19	0.0000547671	0.000000167961
6	67329215	68849482	1354	19	0.0000161930	0.000000155455
6	68849483	69523447	586	19	0.0001110104	0.000000076614
6	69523448	71609509	1706	19	-0.0000107350	0.000000164751
6	71609510	73450096	1510	19	0.0003188950	0.000000180908
6	73450097	75462002	1232	19	0.0001180099	0.000000171061
6	75462003	77414880	1028	19	0.0000013936	0.000000131066
6	77414881	78957727	1365	19	0.0002434913	0.000000133053
6	78957728	80691169	1329	19	0.0004982731	0.000000189701
6	80691170	81929221	1065	19	0.0002569372	0.000000097217
6	81929222	83127148	849	19	-0.0000067689	0.000000121883
6	83127149	85209988	1186	19	0.0003962373	0.000000183593
6	85209989	87069499	1393	19	0.0004556586	0.000000170080
6	87069500	88822139	1201	19	-0.0000143536	0.000000159433
6	88822140	89973051	886	19	0.0000817470	0.000000159394
6	89973052	91843195	1477	19	0.0000594324	0.000000168190
6	91843196	93428643	1277	19	0.0004324294	0.000000186474
6	93428644	94118141	704	19	0.0001786616	0.000000107516
6	94118142	94441174	205	11	0.0000400278	0.000000024167
6	94441175	97093510	1943	19	-0.0000345388	0.000000163584
6	97093511	97842283	555	19	0.0000730647	0.000000069896
6	97842284	100630145	1830	19	0.0003009408	0.000000180028
6	100630146	102636771	1307	19	0.0001376767	0.000000172025
6	102636772	103983394	928	19	0.0002806246	0.000000118616
6	103983395	106056732	1383	19	0.0002000674	0.000000175084
6	106056733	107450305	1194	19	0.0000608797	0.000000168261
6	107450306	108464379	609	19	0.0000581037	0.000000113600
6	108464380	110304246	1048	19	0.0002026075	0.000000163856
6	110304247	112345013	1180	19	0.0002207433	0.000000176097
6	112345014	114220832	1386	19	0.0002036779	0.000000175261
6	114220833	116131395	1160	19	0.0000663553	0.000000145991
6	116131396	117672971	1035	19	0.0002043126	0.000000147018
6	117672972	118963114	847	19	0.0003732525	0.000000124502
6	118963115	119963277	745	19	0.0002406400	0.000000107151
6	119963278	120512127	502	19	0.0000862118	0.000000058022
6	120512128	121905675	1072	19	-0.0001177124	0.000000101934
6	121905676	123856180	1442	19	-0.0000519187	0.000000162732
6	123856181	125424382	1264	19	0.0000840436	0.000000169397
6	125424383	127540460	1019	19	0.0004871855	0.000000179615
6	127540461	129861030	1498	19	-0.0000166032	0.000000164463
6	129861031	130935453	1040	19	0.0001596739	0.000000173104
6	130935454	132765668	1370	19	0.0001431399	0.000000172293
6	132765669	134244242	1253	19	0.0002725448	0.000000178636
6	134244243	136224176	1235	19	0.0001436083	0.000000172316
6	136224177	137614217	643	19	0.0002587763	0.000000136600
6	137614218	138822628	932	19	0.0001448609	0.000000172378
6	138822629	139845435	693	19	-0.0000168000	0.000000143358
6	139845436	142288478	1372	19	0.0000445258	0.000000167459
6	142288479	145319809	2142	19	0.0001112883	0.000000170732
6	145319810	146665423	896	19	0.0003963422	0.000000096712
6	146665424	148920351	1841	19	0.0001064619	0.000000170495
6	148920352	150253403	1061	19	0.0001836228	0.000000174278
6	150253404	151912702	1642	19	0.0001360198	0.000000171944
6	151912703	153094495	1029	19	0.0000599832	0.000000168217
6	153094496	154974119	1778	19	0.0000897602	0.000000169677
6	154974120	156763325	1369	19	0.0002164998	0.000000175889
6	156763326	158218718	667	19	0.0000473796	0.000000151543
6	158218719	160580496	2038	19	0.0001841546	0.000000174304
6	160580497	162169563	1395	19	0.0000878068	0.000000169581
6	162169564	162931202	709	19	-0.0000662056	0.000000144539
6	162931203	164383520	1406	19	0.0000147865	0.000000166002
6	164383521	165586863	1289	19	0.0001008206	0.000000170219
6	165586864	167024732	1540	19	0.0000247221	0.000000166489
6	167024733	168042834	870	19	0.0000643885	0.000000163291
6	168042835	169382049	1257	19	0.0000884537	0.000000169613
6	169382050	170330172	818	19	0.0001537022	0.000000126926
6	170330173	171051269	473	19	0.0001284359	0.000000093964
7	16161	972751	152	19	0.0000165259	0.000000040189
7	972752	1353066	131	19	0.0003697454	0.000000052646
7	1353067	2062397	234	19	0.0003148212	0.000000077758
7	2062398	2772226	334	19	0.0002869344	0.000000104357
7	2772227	4573427	1725	19	-0.0000729643	0.000000161700
7	4573428	5416231	310	19	0.0001883385	0.000000100228
7	5416232	5854525	155	19	0.0002109046	0.000000049604
7	5854526	6573856	231	19	0.0001347558	0.000000066766
7	6573857	7808751	858	19	0.0000228773	0.000000166398
7	7808752	9123422	1543	19	0.0001185658	0.000000171089
7	9123423	9987498	854	19	-0.0000227216	0.000000164163
7	9987499	11299197	1168	19	0.0001899733	0.000000174589
7	11299198	12635460	1632	19	0.0000754170	0.000000168974
7	12635461	13884201	1350	19	0.0001426259	0.000000172268
7	13884202	15143656	1258	19	0.0007926535	0.000000204131
7	15143657	16902068	1589	19	0.0000877596	0.000000169579
7	16902069	19481546	2028	19	0.0000537195	0.000000167910
7	19481547	20124907	573	19	0.0000572632	0.000000106020
7	20124908	22507628	2338	19	0.0000577729	0.000000168109
7	22507629	23471441	571	19	0.0001859196	0.000000133042
7	23471442	25077258	1323	19	0.0000645938	0.000000168443
7	25077259	25909554	923	19	0.0001471606	0.000000172122
7	25909555	28360308	1938	19	0.0007786024	0.000000203442
7	28360309	31137288	2101	19	0.0001675883	0.000000173492
7	31137289	33555767	2070	19	0.0000346880	0.000000166977
7	33555768	36213537	2057	19	-0.0000788460	0.000000161412
7	36213538	37555183	1150	19	-0.0000485338	0.000000162898
7	37555184	38966702	1290	19	0.0000341160	0.000000166949
7	38966703	39862669	622	19	0.0000119905	0.000000099734
7	39862670	42001810	1296	19	0.0000395211	0.000000167214
7	42001811	43159073	871	19	0.0001847891	0.000000157907
7	43159074	44763827	939	19	0.0003465050	0.000000170539
7	44763828	45952921	688	19	0.0003185358	0.000000147627
7	45952922	46986719	1029	19	0.0006556761	0.000000172307
7	46986720	49212277	1813	19	-0.0000162736	0.000000164479
7	49212278	51675321	1925	19	-0.0000077737	0.000000164896
7	51675322	53176311	1591	19	0.0000580030	0.000000168120
7	53176312	54222975	907	19	0.0002000154	0.000000128838
7	54222976	55691583	1139	19	0.0000168984	0.000000166105
7	55691584	57382637	601	19	0.0002082800	0.000000099523
7	57382638	63307358	423	19	-0.0000573869	0.000000069084
7	63307359	63641124	146	10	0.0000289256	0.000000020917
7	63641125	65689808	724	19	-0.0000187737	0.000000091823
7	65689809	68234073	1560	19	0.0001294933	0.000000171624
7	68234074	69085363	516	19	0.0000531625	0.000000095662
7	69085364	71874884	1588	19	-0.0000550144	0.000000162580
7	71874885	73334601	226	19	0.0001546711	0.000000053757
7	73334602	76458563	562	19	0.0001410385	0.000000138244
7	76458564	78093858	1179	19	0.0001410610	0.000000172191
7	78093859	79888068	1444	19	0.0000809883	0.000000169247
7	79888069	82022685	1531	19	0.0001337844	0.000000171835
7	82022686	83801202	1448	19	0.0000373717	0.000000167109
7	83801203	85572181	1055	19	0.0000375089	0.000000121950
7	85572182	87825003	1209	19	0.0001393056	0.000000157853
7	87825004	90661783	2572	19	0.0001129187	0.000000170812
7	90661784	92493751	726	19	0.0002604496	0.000000136331
7	92493752	93966600	770	19	0.0000084811	0.000000143518
7	93966601	96073507	1317	19	-0.0001067941	0.000000160042
7	96073508	97099569	618	19	0.0003101292	0.000000122796
7	97099570	98715473	805	19	0.0000763366	0.000000147915
7	98715474	100196650	375	19	0.0001966872	0.000000069451
7	100196651	101199252	385	19	0.0001248340	0.000000095795
7	101199253	103197509	695	19	0.0003118457	0.000000152632
7	103197510	104159524	953	19	-0.0000088173	0.000000160437
7	104159525	105682904	841	19	0.0002110665	0.000000175623
7	105682905	107780177	1410	19	0.0002605052	0.000000178046
7	107780178	109647593	1254	19	0.0001143277	0.000000170513
7	109647594	112618683	1633	19	0.0004660155	0.000000188120
7	112618684	113712386	548	19	0.0001018835	0.000000085034
7	113712387	116780177	1531	19	0.0001335720	0.000000171824
7	116780178	118351580	898	19	0.0003529767	0.000000115330
7	118351581	121045272	1112	19	0.0000039055	0.000000129777
7	121045273	121933629	445	19	0.0002280632	0.000000081650
7	121933630	124156804	1613	19	0.0002800061	0.000000179002
7	124156805	124167551	10	2	0.0000495219	0.000000004428
7	124167552	126519169	1830	19	-0.0000271114	0.000000163948
7	126519170	126869220	379	19	0.0002628247	0.000000057742
7	126869221	128778385	1079	19	0.0003148769	0.000000177766
7	128778386	130422413	730	19	0.0002034255	0.000000151979
7	130422414	132805847	1701	19	0.0005174547	0.000000190641
7	132805848	134307595	1026	19	0.0000874324	0.000000140235
7	134307596	135591082	973	19	0.0000095319	0.000000163537
7	135591083	136876561	954	19	0.0001040421	0.000000149630
7	136876562	138744678	1096	19	0.0001552615	0.000000172887
7	138744679	139933176	496	19	-0.0000130013	0.000000097500
7	139933177	140235209	169	19	0.0001463949	0.000000046168
7	140235210	141226556	525	19	0.0004628814	0.000000109907
7	141226557	142656309	906	19	0.0000743052	0.000000128292
7	142656310	144968288	1139	19	0.0001520079	0.000000172728
7	144968289	146427959	1054	19	0.0001463374	0.000000144539
7	146427960	147815317	1436	19	0.0002793260	0.000000178969
7	147815318	149840657	1060	19	0.0000253914	0.000000166522
7	149840658	150711504	547	19	0.0000001675	0.000000092409
7	150711505	152249805	715	19	0.0001325806	0.000000171776
7	152249806	153674018	956	19	0.0000984646	0.000000170103
7	153674019	154964729	956	19	0.0002232158	0.000000176218
7	154964730	156065249	890	19	0.0001296171	0.000000171630
7	156065250	157634596	919	19	0.0003789129	0.000000183481
7	157634597	159128574	831	19	0.0001430559	0.000000171184
8	10422	1044216	700	19	0.0000959896	0.000000169982
8	1044217	1163244	126	15	0.0001670940	0.000000039450
8	1163245	2042941	726	19	0.0003011212	0.000000180037
8	2042942	2573278	582	19	0.0002490287	0.000000162499
8	2573279	3392925	1113	19	0.0001307997	0.000000171688
8	3392926	3783016	871	19	0.0001097707	0.000000170658
8	3783017	4480475	1281	19	0.0002135704	0.000000175746
8	4480476	5146926	965	19	0.0001184790	0.000000171084
8	5146927	6142796	1763	19	0.0000429756	0.000000167383
8	6142797	7153078	933	19	0.0000503701	0.000000167746
8	7153079	9154693	1137	19	0.0000229561	0.000000166402
8	9154694	9640786	457	19	0.0002458950	0.000000114532
8	9640787	10463196	928	19	0.0003450074	0.000000182188
8	10463197	11278997	733	19	0.0004311038	0.000000186409
8	11278998	13491774	1494	19	0.0001130434	0.000000170818
8	13491775	13944991	697	19	0.0000588429	0.000000129995
8	13944992	15991659	2250	19	0.0001913925	0.000000174659
8	15991660	17387875	1160	19	0.0000196586	0.000000166241
8	17387876	17836398	536	19	0.0000344610	0.000000120061
8	17836399	19492839	1761	19	0.0001709319	0.000000173656
8	19492840	20060855	603	19	0.0003122253	0.000000150869
8	20060856	21661736	1546	19	0.0002743055	0.000000178723
8	21661737	22897056	695	19	0.0001583650	0.000000173040
8	22897057	24674717	1273	19	0.0001192235	0.000000171121
8	24674718	25483453	534	19	-0.0000080523	0.000000085988
8	25483454	26682524	1152	19	0.0000045735	0.000000165501
8	26682525	28162391	1502	19	0.0000753015	0.000000168968
8	28162392	29327895	659	19	0.0002081523	0.000000129932
8	29327896	31133728	1066	19	-0.0000295565	0.000000163828
8	31133729	31548359	273	19	0.0001437662	0.000000054801
8	31548360	32977217	1047	19	0.0001011788	0.000000154176
8	32977218	35317231	1446	19	0.0002917064	0.000000157374
8	35317232	37379388	814	19	0.0004893051	0.000000152081
8	37379389	38938805	542	19	0.0001958272	0.000000116880
8	38938806	40703336	1186	19	0.0001928938	0.000000174732
8	40703337	41721453	738	19	0.0002810763	0.000000165156
8	41721454	42773822	303	19	0.0000500683	0.000000059774
8	42773823	46841314	107	11	0.0000096813	0.000000019686
8	46841315	50082469	830	19	0.0000953642	0.000000131779
8	50082470	53302929	2255	19	0.0001352464	0.000000171906
8	53302930	54418043	816	19	0.0001089657	0.000000115048
8	54418044	55945580	1030	19	0.0001131340	0.000000152595
8	55945581	56956382	730	19	0.0000154998	0.000000113591
8	56956383	59068650	1618	19	0.0001258990	0.000000171448
8	59068651	59728099	621	19	0.0002120418	0.000000102389
8	59728100	62329098	1777	19	0.0000223569	0.000000166373
8	62329099	63349305	752	19	0.0001080906	0.000000098000
8	63349306	65232871	1288	19	0.0002025971	0.000000168598
8	65232872	66489089	737	19	0.0002392819	0.000000129014
8	66489090	69863056	1766	19	-0.0000111101	0.000000164732
8	69863057	70867978	895	19	0.0003466163	0.000000176752
8	70867979	72289453	986	19	0.0002562163	0.000000152412
8	72289454	73817198	1506	19	-0.0000292996	0.000000163841
8	73817199	75445063	1167	19	0.0002886324	0.000000179425
8	75445064	76456541	704	19	0.0002237473	0.000000101952
8	76456542	79132860	1846	19	0.0000249760	0.000000166501
8	79132861	81956394	1564	19	0.0000091303	0.000000165724
8	81956395	82693738	515	19	0.0002994574	0.000000090685
8	82693739	84225588	1184	19	0.0000839111	0.000000127010
8	84225589	85955618	965	19	0.0000769813	0.000000116936
8	85955619	87411708	519	19	0.0000820643	0.000000074230
8	87411709	89085480	1101	19	0.0000010031	0.000000154348
8	89085481	90638161	961	19	0.0001565431	0.000000136177
8	90638162	93554385	1530	19	0.0000283468	0.000000166666
8	93554386	95005526	778	19	0.0001904723	0.000000147054
8	95005527	96534805	1159	19	0.0005300876	0.000000191260
8	96534806	99401580	2084	19	0.0002390444	0.000000176994
8	99401581	101620957	816	19	0.0001463130	0.000000121702
8	101620958	104123305	1914	19	-0.0000317578	0.000000163720
8	104123306	104988751	710	19	0.0000837899	0.000000075292
8	104988752	107410753	1842	19	-0.0000095352	0.000000164810
8	107410754	108648176	1115	19	0.0001969537	0.000000149514
8	108648177	109248172	510	19	-0.0000345893	0.000000053117
8	109248173	110484313	953	19	-0.0000666854	0.000000089490
8	110484314	111850846	738	19	0.0000147611	0.000000084106
8	111850847	113064319	753	19	0.0000113182	0.000000065281
8	113064320	116096494	2155	19	-0.0000131429	0.000000164633
8	116096495	119685456	2561	19	0.0001549970	0.000000172874
8	119685457	121201699	1228	19	-0.0000701799	0.000000159631
8	121201700	124861458	2699	19	0.0000873481	0.000000169559
8	124861459	125683718	584	19	0.0001975308	0.000000115592
8	125683719	126410916	473	19	0.0000663733	0.000000095297
8	126410917	128659110	1841	19	-0.0000038127	0.000000165090
8	128659111	130381138	1475	19	0.0001296017	0.000000171630
8	130381139	131639624	944	19	0.0000108181	0.000000163233
8	131639625	133351143	1620	19	0.0000683249	0.000000168626
8	133351144	134570000	1396	19	0.0002682301	0.000000178425
8	134570001	136035604	1585	19	0.0002008190	0.000000175121
8	136035605	137524150	1279	19	0.0001728118	0.000000173748
8	137524151	139254829	1769	19	0.0000974013	0.000000170051
8	139254830	140725642	1427	19	-0.0000048713	0.000000165038
8	140725643	143044913	1495	19	0.0001375440	0.000000172019
8	143044914	144236880	695	19	0.0001039303	0.000000139975
8	144236881	146303866	572	19	0.0003684047	0.000000151483
9	10023	1079706	1021	19	0.0002391622	0.000000177000
9	1079707	1916876	1210	19	0.0000448007	0.000000167473
9	1916877	3190063	1460	19	0.0001896822	0.000000174575
9	3190064	4495327	1373	19	0.0004532116	0.000000187492
9	4495328	4884925	429	19	0.0001018276	0.000000111268
9	4884926	6557588	1048	19	0.0001610573	0.000000173172
9	6557589	7154922	589	19	0.0000738442	0.000000140639
9	7154923	8456298	1824	19	0.0002183386	0.000000175979
9	8456299	9166402	776	19	0.0000876996	0.000000169576
9	9166403	10879252	2046	19	0.0000227901	0.000000166394
9	10879253	12276488	1426	19	0.0000659941	0.000000168512
9	12276489	14836362	2551	19	0.0001530303	0.000000172778
9	14836363	16659654	1635	19	0.0003024368	0.000000180102
9	16659655	18661050	2045	19	0.0003477147	0.000000182321
9	18661051	20463533	1596	19	0.0002956831	0.000000179771
9	20463534	22206558	1444	19	0.0004752192	0.000000188571
9	22206559	24158517	1355	19	0.0004701231	0.000000187952
9	24158518	25330809	712	19	0.0001635128	0.000000168514
9	25330810	26111756	599	19	0.0000841336	0.000000162064
9	26111757	28224282	1948	19	0.0000370840	0.000000167095
9	28224283	28811583	570	19	0.0001856562	0.000000107517
9	28811584	30387391	1530	19	0.0000150687	0.000000166016
9	30387392	31310382	815	19	0.0001126150	0.000000100578
9	31310383	32019367	642	19	0.0000514406	0.000000071766
9	32019368	33578333	1283	19	0.0000910136	0.000000169738
9	33578334	34642242	568	19	0.0002440963	0.000000079175
9	34642243	36743282	1018	19	0.0001988710	0.000000175025
9	36743283	38641598	1373	19	0.0002282954	0.000000176467
9	38641599	65472189	187	19	0.0002614722	0.000000056423
9	65472190	72512710	1096	19	0.0004850655	0.000000188685
9	72512711	72753754	215	15	0.0000978138	0.000000030599
9	72753755	74253039	1223	19	-0.0000206621	0.000000163896
9	74253040	76203945	1226	19	-0.0000276203	0.000000163923
9	76203946	76973080	520	19	-0.0000333332	0.000000060535
9	76973081	78900182	1689	19	0.0003270755	0.000000181309
9	78900183	79471207	496	19	0.0001032269	0.000000119946
9	79471208	81079054	1142	19	0.0001157530	0.000000170951
9	81079055	82590927	1279	19	0.0003943439	0.000000184607
9	82590928	84211232	1659	19	0.0002950348	0.000000179739
9	84211233	85440800	646	19	0.0002593042	0.000000143316
9	85440801	86938195	1288	19	-0.0000094148	0.000000164815
9	86938196	88109332	970	19	-0.0000282717	0.000000156557
9	88109333	88590416	202	18	0.0000471358	0.000000036412
9	88590417	90136245	1196	19	0.0001168561	0.000000171005
9	90136246	92528697	1676	19	-0.0000374436	0.000000163442
9	92528698	94167202	1239	19	0.0001539626	0.000000172824
9	94167203	96671697	1599	19	0.0000766405	0.000000169034
9	96671698	98922039	1240	19	0.0001566958	0.000000172958
9	98922040	101592858	1557	19	0.0001034301	0.000000170347
9	101592859	104624436	2148	19	0.0001136744	0.000000170849
9	104624437	105967975	1517	19	0.0001239710	0.000000171354
9	105967976	107581748	1675	19	0.0001662584	0.000000173426
9	107581749	109298753	1243	19	0.0000162363	0.000000166073
9	109298754	110695061	1085	19	0.0000458119	0.000000167523
9	110695062	112778023	2301	19	0.0002207555	0.000000176098
9	112778024	114831081	1805	19	0.0001630397	0.000000173269
9	114831082	115693144	687	19	-0.0000271420	0.000000094783
9	115693145	117019800	1185	19	0.0002063677	0.000000175393
9	117019801	117921959	893	19	0.0000713547	0.000000168406
9	117921960	121321536	3054	19	-0.0000235231	0.000000164124
9	121321537	122260296	802	19	-0.0000456323	0.000000125595
9	122260297	124871321	1598	19	0.0001334817	0.000000171820
9	124871322	126971886	1227	19	0.0003857932	0.000000184188
9	126971887	129059664	958	19	-0.0000034901	0.000000165106
9	129059665	130055509	621	19	0.0002221580	0.000000128179
9	130055510	132165469	928	19	0.0001876830	0.000000174477
9	132165470	133223216	609	19	0.0000912439	0.000000142559
9	133223217	134127887	543	19	0.0001402227	0.000000138558
9	134127888	135298841	736	19	0.0003401787	0.000000168775
9	135298842	137041121	1156	19	0.0002428582	0.000000177181
9	137041122	137589363	375	19	0.0001117689	0.000000104257
9	137589364	138938977	1126	19	-0.0000697083	0.000000161860
9	138938978	139500341	206	19	0.0002492892	0.000000064344
9	139500342	141144795	357	19	0.0001977155	0.000000095002
10	60523	751338	229	19	0.0000453540	0.000000058907
10	751339	1523543	624	19	0.0002707559	0.000000149910
10	1523544	2254499	945	19	0.0001214999	0.000000171233
10	2254500	3352698	1286	19	0.0000093577	0.000000165736
10	3352699	4572273	1256	19	0.0001361245	0.000000171949
10	4572274	5983761	1408	19	-0.0000612774	0.000000162273
10	5983762	7171483	1244	19	0.0001317607	0.000000171736
10	7171484	8774664	1609	19	0.0001800523	0.000000174103
10	8774665	10249395	1243	19	0.0002927341	0.000000179626
10	10249396	12586796	1977	19	0.0001671731	0.000000173471
10	12586797	13321599	765	19	0.0000982410	0.000000170092
10	13321600	15026067	1654	19	0.0001763329	0.000000173920
10	15026068	16551766	1116	19	0.0000938393	0.000000169877
10	16551767	18537266	1532	19	0.0003364100	0.000000181767
10	18537267	19716877	1281	19	0.0001040996	0.000000170380
10	19716878	22772282	2053	19	-0.0000620848	0.000000162234
10	22772283	23175131	277	19	0.0000445917	0.000000053466
10	23175132	25578595	1553	19	-0.0000048748	0.000000165038
10	25578596	26888683	1283	19	0.0001089993	0.000000166943
10	26888684	29323235	1940	19	0.0001140104	0.000000170865
10	29323236	29783691	532	19	-0.0000437782	0.000000098374
10	29783692	30458837	721	19	0.0001348259	0.000000155462
10	30458838	31907518	1036	19	0.0000703957	0.000000168359
10	31907519	33707967	1323	19	-0.0001349864	0.000000158660
10	33707968	35109354	1038	19	0.0001525086	0.000000172753
10	35109355	36572507	913	19	0.0003866482	0.000000161300
10	36572508	37790028	761	19	0.0002115686	0.000000127662
10	37790029	42372578	582	18	-0.0000026368	0.000000040505
10	42372579	43894770	683	19	0.0001349669	0.000000118729
10	43894771	44730074	696	19	0.0002869693	0.000000115512
10	44730075	48760449	1456	19	-0.0000092512	0.000000164823
10	48760450	50840914	1296	19	0.0002447662	0.000000177275
10	50840915	53616628	1480	19	0.0002134923	0.000000175742
10	53616629	55103571	1496	19	0.0001868546	0.000000174436
10	55103572	57031139	1985	19	0.0001254878	0.000000171428
10	57031140	57662145	515	19	0.0002529658	0.000000059150
10	57662146	58959527	1251	19	0.0001046089	0.000000100188
10	58959528	60289986	1125	19	0.0000868199	0.000000119492
10	60289987	61891408	1158	19	0.0001704448	0.000000173632
10	61891409	62659678	661	19	0.0002981273	0.000000112658
10	62659679	63341694	328	19	0.0000707565	0.000000056003
10	63341695	65794113	1786	19	0.0001014175	0.000000170248
10	65794114	67549614	1262	19	0.0000098902	0.000000151879
10	67549615	69900147	2022	19	0.0001427595	0.000000172275
10	69900148	70195990	197	15	0.0001407550	0.000000036949
10	70195991	72220849	1536	19	0.0002305592	0.000000176578
10	72220850	73508511	1367	19	0.0001173163	0.000000171027
10	73508512	75422549	698	19	0.0001225909	0.000000101064
10	75422550	78706813	1616	19	0.0005078986	0.000000190173
10	78706814	80876748	1916	19	0.0000585285	0.000000168146
10	80876749	82414678	989	19	0.0007465615	0.000000201871
10	82414679	84383744	1591	19	0.0001800699	0.000000174103
10	84383745	85458702	1154	19	0.0001125564	0.000000130862
10	85458703	87937576	2214	19	0.0002088522	0.000000175514
10	87937577	89127063	483	19	0.0002683247	0.000000102780
10	89127064	91013380	1413	19	0.0001589694	0.000000173069
10	91013381	92006580	842	19	0.0002104636	0.000000143053
10	92006581	93335046	1006	19	-0.0000056587	0.000000147864
10	93335047	95396367	1172	19	0.0011523234	0.000000221761
10	95396368	96221242	530	19	0.0000568711	0.000000091484
10	96221243	97822356	1042	19	-0.0000594840	0.000000138760
10	97822357	100241301	1513	19	0.0005629663	0.000000192872
10	100241302	100668399	341	18	0.0004037621	0.000000062378
10	100668400	102949238	1306	19	0.0002492174	0.000000177493
10	102949239	104380409	491	19	0.0004404441	0.000000092622
10	104380410	106695047	1373	19	0.0004594851	0.000000187800
10	106695048	108726685	1607	19	0.0000248571	0.000000166495
10	108726686	110317704	1469	19	0.0001814790	0.000000174173
10	110317705	112561492	1629	19	0.0000838450	0.000000169387
10	112561493	115328431	1984	19	0.0020439736	0.000000265467
10	115328432	116421405	920	19	0.0000209075	0.000000166302
10	116421406	119523933	2031	19	0.0001198145	0.000000171150
10	119523934	120591352	765	19	0.0001114706	0.000000163403
10	120591353	122407322	1258	19	0.0004418322	0.000000186934
10	122407323	123231464	738	19	0.0001370778	0.000000153046
10	123231465	123900544	494	19	0.0000536888	0.000000107211
10	123900545	125869345	1473	19	0.0006266219	0.000000195992
10	125869346	128001097	1814	19	0.0000226955	0.000000166389
10	128001098	129154361	958	19	0.0001731116	0.000000173762
10	129154362	130844283	1713	19	0.0000322723	0.000000166859
10	130844284	131741326	826	19	0.0000079316	0.000000152871
10	131741327	132580244	904	19	-0.0000564811	0.000000151533
10	132580245	134336328	1734	19	-0.0000472077	0.000000162963
10	134336329	134494672	58	6	-0.0000095998	0.000000010398
10	134494673	135523864	443	19	0.0001624727	0.000000105033
11	70855	1213589	361	19	0.0002827927	0.000000100141
11	1213590	3665480	1478	19	0.0003526370	0.000000182562
11	3665481	4746708	854	19	0.0000332428	0.000000165802
11	4746709	6322868	2147	19	0.0000453159	0.000000167498
11	6322869	7436700	1007	19	0.0002242481	0.000000176269
11	7436701	8333273	833	19	0.0002857992	0.000000179286
11	8333274	9087316	495	19	-0.0000299258	0.000000094310
11	9087317	10952026	1180	19	0.0000481847	0.000000167639
11	10952027	12564228	1980	19	0.0001477026	0.000000172517
11	12564229	13373123	791	19	0.0003756322	0.000000159685
11	13373124	15742551	1644	19	0.0001606225	0.000000173150
11	15742552	17578401	1122	19	0.0003021922	0.000000180090
11	17578402	19569534	1479	19	0.0001517739	0.000000172716
11	19569535	21017137	1385	19	0.0001024161	0.000000170297
11	21017138	22374141	1200	19	0.0002043541	0.000000175294
11	22374142	24088516	1501	19	0.0002414610	0.000000177113
11	24088517	26045752	1763	19	0.0000971362	0.000000170038
11	26045753	27020460	823	19	0.0000442689	0.000000121584
11	27020461	28481592	769	19	0.0002120249	0.000000121453
11	28481593	30141356	985	19	0.0002092918	0.000000147261
11	30141357	32276900	1297	19	0.0001330788	0.000000171063
11	32276901	33958738	1022	19	0.0002947180	0.000000179723
11	33958739	35502604	1573	19	0.0003264965	0.000000181281
11	35502605	37116814	1367	19	0.0001071596	0.000000170530
11	37116815	39382002	1494	19	-0.0000186275	0.000000147229
11	39382003	42310002	2242	19	0.0001156272	0.000000170945
11	42310003	44693798	1932	19	0.0003505324	0.000000182459
11	44693799	47006136	1315	19	0.0001895536	0.000000174568
11	47006137	49866049	1058	19	0.0004323088	0.000000123618
11	49866050	54695472	436	10	0.0001426030	0.000000037651
11	54695473	55082656	35	5	0.0000716967	0.000000009305
11	55082657	58457494	2729	19	0.0000729516	0.000000168853
11	58457495	58780548	183	9	0.0004322776	0.000000040110
11	58780549	62223770	1713	19	0.0002089254	0.000000175518
11	62223771	63804568	457	19	0.0000992118	0.000000084904
11	63804569	65898630	726	19	0.0004357845	0.000000174911
11	65898631	68005824	480	19	0.0000847176	0.000000099894
11	68005825	69516129	856	19	0.0002804675	0.000000177919
11	69516130	70926291	871	19	0.0000551862	0.000000167982
11	70926292	72286016	604	19	0.0000740239	0.000000101740
11	72286017	74412350	996	19	0.0004321814	0.000000186461
11	74412351	76797208	1286	19	-0.0000102722	0.000000164773
11	76797209	78355057	788	19	0.0002531748	0.000000133177
11	78355058	80722372	2086	19	0.0000806047	0.000000169228
11	80722373	81266711	640	19	0.0003286655	0.000000120274
11	81266712	84381271	2586	19	0.0001272048	0.000000171512
11	84381272	86619300	1527	19	-0.0000629162	0.000000162193
11	86619301	87430234	737	19	0.0002820957	0.000000112894
11	87430235	89208935	1175	19	0.0001764819	0.000000173928
11	89208936	90966489	996	19	0.0001571672	0.000000122925
11	90966490	92077143	837	19	-0.0000350463	0.000000113199
11	92077144	93276156	803	19	0.0009220808	0.000000172164
11	93276157	94242259	551	19	0.0001555455	0.000000083361
11	94242260	95726040	1143	19	0.0000288634	0.000000166692
11	95726041	97057057	951	19	0.0000438639	0.000000167427
11	97057058	98705064	1376	19	0.0002525913	0.000000177290
11	98705065	100417168	1787	19	0.0001110070	0.000000170718
11	100417169	101331120	955	19	-0.0000309776	0.000000130191
11	101331121	103959635	2458	19	0.0001852475	0.000000174357
11	103959636	104873283	663	19	0.0001008885	0.000000070277
11	104873284	106520893	1147	19	0.0000288385	0.000000136660
11	106520894	107844199	994	19	-0.0000417409	0.000000162863
11	107844200	108437036	220	13	0.0000366754	0.000000031301
11	108437037	109866115	724	19	0.0000970205	0.000000130454
11	109866116	111114396	1000	19	0.0001671756	0.000000160668
11	111114397	112459487	692	19	0.0003899994	0.000000129099
11	112459488	114257727	1502	19	0.0001525893	0.000000172756
11	114257728	114830665	493	19	0.0001189598	0.000000073422
11	114830666	116383347	1176	19	0.0001126527	0.000000170799
11	116383348	117747109	1029	19	0.0000455965	0.000000167512
11	117747110	119215475	818	19	-0.0000041517	0.000000162866
11	119215476	120766805	1082	19	0.0000945390	0.000000169911
11	120766806	121175942	401	19	0.0001647682	0.000000074350
11	121175943	122591909	928	19	0.0000957645	0.000000169971
11	122591910	123500116	668	19	-0.0000129837	0.000000162066
11	123500117	124495527	1000	19	0.0000818961	0.000000122376
11	124495528	126311319	1371	19	0.0001121738	0.000000170775
11	126311320	127316678	1045	19	0.0001899012	0.000000174585
11	127316679	128188536	637	19	0.0001186312	0.000000114832
11	128188537	130342574	1446	19	0.0002566962	0.000000177860
11	130342575	131074611	716	19	0.0002153872	0.000000160490
11	131074612	133000045	1974	19	0.0001549503	0.000000172872
11	133000046	134205992	914	19	0.0001852755	0.000000174359
11	134205993	134946451	834	19	0.0000910508	0.000000169740
12	61107	1080330	519	19	0.0001438431	0.000000130637
12	1080331	2544785	828	19	0.0001081308	0.000000170577
12	2544786	3677036	871	19	-0.0000174370	0.000000164422
12	3677037	4417678	635	19	0.0002115112	0.000000156328
12	4417679	5321471	876	19	0.0000580967	0.000000168125
12	5321472	6419752	999	19	0.0002361448	0.000000176852
12	6419753	8377535	819	19	0.0000580645	0.000000168123
12	8377536	9031394	243	19	0.0000620312	0.000000058122
12	9031395	10481533	1051	19	-0.0000239002	0.000000164105
12	10481534	11754845	754	19	-0.0000158286	0.000000118998
12	11754846	12733527	729	19	0.0002167931	0.000000175904
12	12733528	15241483	1921	19	0.0000381463	0.000000167147
12	15241484	16310459	465	19	-0.0000315098	0.000000087182
12	16310460	18087872	1284	19	0.0000872009	0.000000169551
12	18087873	20863942	2228	19	-0.0000631524	0.000000162181
12	20863943	23820633	2138	19	0.0001434689	0.000000172309
12	23820634	25371082	1443	19	0.0001601316	0.000000173126
12	25371083	27799772	2110	19	0.0000027390	0.000000165411
12	27799773	29651254	1529	19	0.0002394872	0.000000176647
12	29651255	30512405	1176	19	0.0003176649	0.000000177903
12	30512406	32165591	1340	19	0.0003126744	0.000000180603
12	32165592	33076988	832	19	0.0002654283	0.000000153936
12	33076989	37856716	1036	19	0.0000584687	0.000000100982
12	37856717	39227168	459	17	0.0002532025	0.000000057590
12	39227169	40816184	1304	19	0.0005132390	0.000000175433
12	40816185	41658585	811	19	0.0002103608	0.000000106690
12	41658586	43984473	2117	19	0.0000919393	0.000000169784
12	43984474	46024228	1092	19	-0.0000024348	0.000000134066
12	46024229	47714792	921	19	0.0003427116	0.000000172174
12	47714793	49001865	1016	19	0.0002495110	0.000000177507
12	49001866	51776493	985	19	0.0001948635	0.000000174829
12	51776494	53039003	1075	19	0.0001886248	0.000000174523
12	53039004	54778822	975	19	0.0001630321	0.000000172900
12	54778823	55665836	576	19	0.0002258025	0.000000105079
12	55665837	57548859	660	19	0.0003115761	0.000000130806
12	57548860	59308665	837	19	0.0000079316	0.000000127508
12	59308666	61123728	1086	19	0.0001014925	0.000000146634
12	61123729	64032460	2337	19	0.0001334733	0.000000171819
12	64032461	65559694	721	19	0.0001637839	0.000000142901
12	65559695	67181143	989	19	0.0005266922	0.000000184841
12	67181144	67909728	708	19	0.0001721415	0.000000100447
12	67909729	69826541	1481	19	0.0002051922	0.000000175335
12	69826542	70957986	1112	19	0.0000815398	0.000000154300
12	70957987	72645074	1169	19	0.0002400426	0.000000177043
12	72645075	73818453	735	19	0.0001547544	0.000000111455
12	73818454	76511313	1752	19	0.0001755793	0.000000173883
12	76511314	78570569	1619	19	0.0000863962	0.000000169512
12	78570570	80448149	916	19	0.0001022742	0.000000147031
12	80448150	81467766	739	19	0.0000050411	0.000000090969
12	81467767	83502665	1295	19	0.0000720518	0.000000168809
12	83502666	84303843	623	19	0.0002903827	0.000000082073
12	84303844	85990425	1047	19	0.0000825986	0.000000107255
12	85990426	89682121	1975	19	0.0000232335	0.000000166416
12	89682122	92066154	1520	19	0.0001600074	0.000000173120
12	92066155	94514566	1783	19	-0.0000203445	0.000000164280
12	94514567	96020784	1160	19	0.0000165335	0.000000166087
12	96020785	97108838	850	19	0.0002330658	0.000000168628
12	97108839	99305986	1753	19	0.0002284974	0.000000176477
12	99305987	101447640	1374	19	0.0004080703	0.000000185280
12	101447641	101862689	265	19	-0.0000092645	0.000000044870
12	101862690	102964985	612	19	0.0001399125	0.000000122776
12	102964986	104848695	1458	19	0.0000100018	0.000000165767
12	104848696	106436212	1464	19	0.0000291741	0.000000166707
12	106436213	106958747	406	19	-0.0000852011	0.000000075935
12	106958748	109025900	1359	19	0.0003239046	0.000000181154
12	109025901	110336718	707	19	0.0001686512	0.000000141364
12	110336719	113263517	686	19	0.0001489266	0.000000125300
12	113263518	113986708	364	19	0.0002351265	0.000000079714
12	113986709	115036601	1052	19	0.0001725763	0.000000173736
12	115036602	115503215	375	19	0.0001283392	0.000000080398
12	115503216	117087470	1273	19	0.0002426845	0.000000177173
12	117087471	118135374	786	19	0.0000682243	0.000000168621
12	118135375	119754109	1239	19	-0.0000041709	0.000000165072
12	119754110	122007650	1110	19	0.0006110700	0.000000195230
12	122007651	124977979	1071	19	0.0002231384	0.000000176215
12	124977980	126445504	1118	19	0.0002425347	0.000000177165
12	126445505	127875097	1334	19	0.0002129802	0.000000175717
12	127875098	129237296	1354	19	0.0002028714	0.000000175221
12	129237297	130377920	1223	19	0.0000326794	0.000000166879
12	130377921	131786750	1366	19	0.0001470192	0.000000172483
12	131786751	132807033	615	19	0.0001853153	0.000000130912
12	132807034	133841510	313	19	0.0003430639	0.000000079129
13	19020013	20686719	710	19	0.0000829533	0.000000121037
13	20686720	22242173	1081	19	0.0000026030	0.000000165405
13	22242174	23594701	1243	19	0.0002089530	0.000000175519
13	23594702	24531936	975	19	0.0001520122	0.000000172728
13	24531937	25784361	1173	19	0.0000662296	0.000000168523
13	25784362	27284361	1110	19	0.0002220631	0.000000175793
13	27284362	29257550	1559	19	0.0000780939	0.000000169105
13	29257551	30483266	1023	19	0.0000660965	0.000000168517
13	30483267	32301814	1471	19	0.0000510573	0.000000167780
13	32301815	33776902	1163	19	0.0004009678	0.000000184931
13	33776903	35026463	987	19	0.0001626874	0.000000158635
13	35026464	36046366	467	19	0.0003057599	0.000000099926
13	36046367	37498184	1250	19	0.0001058515	0.000000170465
13	37498185	38878162	1377	19	0.0001685980	0.000000172068
13	38878163	41069262	1798	19	0.0001237005	0.000000171340
13	41069263	43101026	1256	19	0.0000384385	0.000000167161
13	43101027	44901408	1593	19	0.0001810391	0.000000174151
13	44901409	46495213	958	19	0.0002038012	0.000000175267
13	46495214	47431078	686	19	0.0003329310	0.000000132542
13	47431079	49383961	1376	19	0.0001010140	0.000000170228
13	49383962	51591090	1383	19	0.0001139752	0.000000170864
13	51591091	53339621	678	19	0.0001568946	0.000000156904
13	53339622	54682863	1149	19	0.0001486418	0.000000172563
13	54682864	55817130	848	19	0.0002468213	0.000000114237
13	55817131	57554216	930	19	-0.0000391782	0.000000079164
13	57554217	58410625	546	19	0.0004117713	0.000000075407
13	58410626	59302270	677	19	0.0002344908	0.000000078060
13	59302271	60854777	1284	19	-0.0000198329	0.000000164305
13	60854778	61591948	673	19	0.0002844912	0.000000109624
13	61591949	63971558	1870	19	0.0001919597	0.000000174686
13	63971559	65200601	1053	19	0.0000233668	0.000000088851
13	65200602	67844452	1674	19	0.0000219673	0.000000166354
13	67844453	70724515	2583	19	0.0002044861	0.000000175300
13	70724516	71526790	716	19	0.0002969831	0.000000150480
13	71526791	73934088	1732	19	0.0001202829	0.000000171173
13	73934089	75670142	1450	19	0.0000826964	0.000000169330
13	75670143	77410554	1627	19	0.0000849331	0.000000169440
13	77410555	78808812	973	19	0.0001549194	0.000000139276
13	78808813	80585675	1214	19	0.0003417579	0.000000182029
13	80585676	82581813	1539	19	0.0005506671	0.000000192269
13	82581814	84133143	1110	19	0.0002902902	0.000000126997
13	84133144	85610915	1069	19	0.0000782323	0.000000140853
13	85610916	88559881	2122	19	0.0002177370	0.000000175950
13	88559882	90521310	1317	19	0.0000544327	0.000000148642
13	90521311	93129690	2055	19	0.0003250090	0.000000181208
13	93129691	93586454	285	19	0.0000657860	0.000000051651
13	93586455	96087557	2120	19	0.0001230717	0.000000171310
13	96087558	97519209	740	19	0.0000250056	0.000000116129
13	97519210	98938918	824	19	0.0004338203	0.000000186542
13	98938919	100574094	1472	19	0.0000959545	0.000000169980
13	100574095	102300522	1477	19	0.0002013327	0.000000175146
13	102300523	104066709	1821	19	0.0000314389	0.000000166818
13	104066710	104844113	740	19	-0.0000422150	0.000000122952
13	104844114	106247553	1427	19	0.0001834602	0.000000174270
13	106247554	106749999	597	19	0.0001932700	0.000000114699
13	106750000	108189876	1240	19	0.0001007917	0.000000170217
13	108189877	109121209	917	19	0.0000010094	0.000000165326
13	109121210	109815111	740	19	0.0000466181	0.000000125539
13	109815112	111232072	1301	19	0.0001543121	0.000000172841
13	111232073	112247591	810	19	0.0002445972	0.000000176898
13	112247592	113572487	914	19	0.0001756741	0.000000173888
13	113572488	115109852	641	19	0.0001787143	0.000000150770
14	19002084	21589401	991	19	-0.0001015690	0.000000160298
14	21589402	23018664	1426	19	0.0001574824	0.000000172996
14	23018665	24905122	1148	19	0.0000684851	0.000000168634
14	24905123	26135685	1242	19	0.0004430658	0.000000186995
14	26135686	28466532	1604	19	-0.0000483467	0.000000162907
14	28466533	29972144	884	19	0.0002704009	0.000000152033
14	29972145	32383264	1198	19	0.0003602716	0.000000182937
14	32383265	34846250	2165	19	0.0000060554	0.000000165574
14	34846251	35859592	460	19	0.0001353685	0.000000093634
14	35859593	38667724	1616	19	0.0000802011	0.000000169208
14	38667725	40341989	1136	19	0.0001700489	0.000000173612
14	40341990	41615501	1080	19	0.0001814121	0.000000110368
14	41615502	43137388	949	19	0.0000306004	0.000000121962
14	43137389	44543226	941	19	0.0000797221	0.000000147362
14	44543227	46081895	780	19	0.0003566289	0.000000130233
14	46081896	46749129	517	19	-0.0001026876	0.000000040969
14	46749130	48573585	1529	19	-0.0000567263	0.000000162496
14	48573586	49005470	291	18	0.0001924520	0.000000047157
14	49005471	50507759	956	19	0.0001075377	0.000000170548
14	50507760	51493571	683	19	0.0000911016	0.000000138283
14	51493572	53474382	1586	19	0.0002096528	0.000000175554
14	53474383	53997830	395	19	0.0001974535	0.000000063736
14	53997831	55233680	782	19	0.0000464814	0.000000165715
14	55233681	56216879	556	19	-0.0000556051	0.000000081015
14	56216880	57481261	1292	19	0.0000259963	0.000000166551
14	57481262	59448335	1442	19	0.0000872207	0.000000169552
14	59448336	61680423	1380	19	0.0001433103	0.000000172302
14	61680424	63790014	1612	19	0.0000406168	0.000000167268
14	63790015	65220297	638	19	0.0000409127	0.000000115522
14	65220298	66399554	750	19	0.0001203271	0.000000145052
14	66399555	67992316	688	19	-0.0000120103	0.000000088131
14	67992317	71131956	2200	19	0.0000047013	0.000000165507
14	71131957	72889614	1416	19	0.0000376997	0.000000167125
14	72889615	76444766	2028	19	0.0002273802	0.000000176423
14	76444767	77229471	605	19	0.0001972830	0.000000139932
14	77229472	78561944	1079	19	0.0002701637	0.000000178520
14	78561945	80186578	1210	19	0.0002357953	0.000000176466
14	80186579	81579713	1147	19	0.0001005142	0.000000170204
14	81579714	83138096	1031	19	0.0002093919	0.000000166739
14	83138097	84241632	935	19	0.0001846512	0.000000149985
14	84241633	85746318	1143	19	0.0002959459	0.000000179783
14	85746319	86647001	634	19	0.0002654189	0.000000121647
14	86647002	87635340	721	19	0.0001369316	0.000000125062
14	87635341	89497642	1303	19	-0.0000206166	0.000000164266
14	89497643	91296859	1288	19	0.0000515418	0.000000167803
14	91296860	93132298	1253	19	0.0004105922	0.000000185403
14	93132299	94325284	733	19	0.0000384528	0.000000141762
14	94325285	95750866	1515	19	-0.0000482025	0.000000162914
14	95750867	96262414	666	19	0.0001190725	0.000000139650
14	96262415	98341161	1550	19	0.0000013563	0.000000165343
14	98341162	99138531	853	19	0.0004035320	0.000000142968
14	99138532	101534306	1560	19	0.0000107664	0.000000165805
14	101534307	103012101	729	19	0.0000987833	0.000000170119
14	103012102	105001722	891	19	0.0001792997	0.000000174066
14	105001723	106340357	267	19	0.0000848900	0.000000069823
14	106340358	107289453	263	17	0.0000269080	0.000000063137
15	20001200	21131603	18	2	0.0000781839	0.000000008737
15	21131604	24195126	556	19	0.0000511130	0.000000133143
15	24195127	25108589	638	19	0.0002217821	0.000000115405
15	25108590	27298111	1650	19	0.0001741293	0.000000173812
15	27298112	29338501	1014	19	0.0001989027	0.000000175027
15	29338502	30165567	582	19	0.0000508096	0.000000116696
15	30165568	31591820	514	19	0.0001689607	0.000000126974
15	31591821	32441810	486	19	0.0001212488	0.000000095956
15	32441811	34015424	1293	19	-0.0000908757	0.000000160822
15	34015425	35083250	712	19	0.0001362180	0.000000150845
15	35083251	37456501	1858	19	0.0002840547	0.000000179201
15	37456502	38530776	724	19	0.0001455589	0.000000145215
15	38530777	40384131	1580	19	0.0001101196	0.000000170675
15	40384132	41177513	391	19	0.0001295798	0.000000081114
15	41177514	42776398	749	19	0.0000803037	0.000000150268
15	42776399	44198048	389	19	0.0000838915	0.000000060457
15	44198049	46618786	941	19	-0.0000575997	0.000000151841
15	46618787	48136047	1309	19	0.0001341155	0.000000171851
15	48136048	50008042	928	19	0.0002082617	0.000000145076
15	50008043	51677559	1096	19	0.0002742729	0.000000178721
15	51677560	53069095	756	19	0.0002392025	0.000000133193
15	53069096	54508527	1341	19	0.0000655468	0.000000168122
15	54508528	55136268	574	19	0.0002211142	0.000000123622
15	55136269	56901772	1063	19	0.0000806320	0.000000169229
15	56901773	58441365	1218	19	0.0001564148	0.000000172944
15	58441366	59694115	901	19	0.0001488798	0.000000172575
15	59694116	61265835	1176	19	0.0002448655	0.000000177280
15	61265836	63215221	1635	19	0.0005068245	0.000000190120
15	63215222	65104667	889	19	0.0003140572	0.000000176624
15	65104668	67094766	998	19	0.0001082940	0.000000170585
15	67094767	69017998	1267	19	0.0000497626	0.000000167716
15	69017999	70133340	544	19	0.0001040695	0.000000115498
15	70133341	71922648	1208	19	0.0002110956	0.000000175624
15	71922649	73628713	713	19	0.0001484365	0.000000105704
15	73628714	76398623	955	19	0.0002249545	0.000000176304
15	76398624	78516052	1045	19	0.0002563282	0.000000177473
15	78516053	80860977	1838	19	0.0006697355	0.000000198106
15	80860978	84260467	1471	19	0.0001313074	0.000000171713
15	84260468	86652904	1584	19	0.0000886533	0.000000169622
15	86652905	88369942	1464	19	-0.0000365774	0.000000163484
15	88369943	90475550	1230	19	0.0001119901	0.000000170766
15	90475551	92164391	1124	19	0.0002498460	0.000000177524
15	92164392	93780901	1359	19	0.0001314874	0.000000171722
15	93780902	94924329	1133	19	0.0000134571	0.000000165937
15	94924330	96141595	1085	19	0.0000280174	0.000000166650
15	96141596	98030909	1338	19	0.0000905316	0.000000169715
15	98030910	99244058	1085	19	0.0001180606	0.000000171064
15	99244059	100636846	1017	19	-0.0000157882	0.000000164135
15	100636847	101552693	663	19	-0.0000507454	0.000000162790
15	101552694	102520965	699	19	0.0001690621	0.000000173564
16	60054	1207205	413	19	0.0001879235	0.000000125119
16	1207206	2764828	564	19	0.0000303913	0.000000135316
16	2764829	4001195	431	19	0.0000986688	0.000000123543
16	4001196	5118344	555	19	0.0003053835	0.000000172171
16	5118345	5891579	683	19	0.0001808667	0.000000174143
16	5891580	6893550	1211	19	0.0000391927	0.000000167198
16	6893551	7529120	896	19	0.0001565390	0.000000172950
16	7529121	8338518	1025	19	0.0002477826	0.000000177423
16	8338519	9799418	1321	19	0.0001569035	0.000000172968
16	9799419	10426031	744	19	0.0004566872	0.000000157220
16	10426032	11520160	749	19	0.0000231427	0.000000166411
16	11520161	12613097	691	19	-0.0000533145	0.000000162664
16	12613098	13154436	626	19	0.0006211164	0.000000157110
16	13154437	14464001	1059	19	0.0001810487	0.000000174151
16	14464002	16154059	413	19	0.0001717944	0.000000109899
16	16154060	17644748	671	19	0.0000598636	0.000000160510
16	17644749	18643606	342	19	0.0000624457	0.000000073603
16	18643607	20150570	762	19	0.0002232313	0.000000165958
16	20150571	22448903	723	19	0.0001028992	0.000000137442
16	22448904	24136874	901	19	0.0000817270	0.000000169283
16	24136875	25986861	1308	19	0.0004751275	0.000000188566
16	25986862	27445754	1165	19	0.0002805092	0.000000179027
16	27445755	29036612	494	19	0.0002262683	0.000000102410
16	29036613	31382942	403	19	0.0001630908	0.000000100342
16	31382943	46399472	221	19	0.0001717139	0.000000051448
16	46399473	49007925	588	19	0.0002580838	0.000000103288
16	49007926	52035822	1931	19	0.0001437467	0.000000172323
16	52035823	53382571	867	19	0.0003217605	0.000000148848
16	53382572	55903773	2109	19	0.0007358322	0.000000201346
16	55903774	57664329	1106	19	0.0002696389	0.000000178494
16	57664330	59045404	837	19	0.0000956436	0.000000169965
16	59045405	60745693	1095	19	0.0002265051	0.000000176380
16	60745694	62229848	790	19	0.0000669365	0.000000112999
16	62229849	63691588	985	19	0.0000784273	0.000000169121
16	63691589	65938565	1703	19	0.0002180661	0.000000175966
16	65938566	68841362	1136	19	0.0002365748	0.000000176873
16	68841363	71054027	587	19	0.0003425299	0.000000139989
16	71054028	72935149	735	19	0.0001113118	0.000000148908
16	72935150	74971502	1239	19	0.0000645552	0.000000168441
16	74971503	75977953	432	19	0.0003965672	0.000000105678
16	75977954	77523677	1385	19	-0.0000274191	0.000000163933
16	77523678	78456291	1124	19	0.0000573687	0.000000168089
16	78456292	79134814	947	19	-0.0000781695	0.000000161445
16	79134815	80297373	1320	19	0.0000618658	0.000000168309
16	80297374	81772535	1370	19	0.0000951391	0.000000169940
16	81772536	82747727	997	19	0.0002477777	0.000000177422
16	82747728	83477207	1055	19	0.0000667054	0.000000168547
16	83477208	84445882	1259	19	0.0000608347	0.000000168259
16	84445883	85148684	791	19	0.0000721577	0.000000168814
16	85148685	86156598	815	19	-0.0000409790	0.000000163268
16	86156599	86815410	871	19	0.0001104794	0.000000170692
16	86815411	87647348	632	19	0.0002594717	0.000000177996
16	87647349	89041164	592	19	0.0000306756	0.000000166781
16	89041165	90292811	500	19	0.0001981272	0.000000142096
17	56	1172398	463	19	0.0001030380	0.000000131099
17	1172399	1928730	390	19	-0.0000190742	0.000000094164
17	1928731	3702311	1056	19	0.0002109433	0.000000175617
17	3702312	4696260	555	19	0.0000882569	0.000000135665
17	4696261	5741333	730	19	0.0001280820	0.000000141511
17	5741334	7317397	1033	19	0.0000365117	0.000000167067
17	7317398	8306424	405	19	0.0001222788	0.000000113980
17	8306425	9965920	1163	19	0.0001690220	0.000000173562
17	9965921	11102814	873	19	0.0002125532	0.000000175696
17	11102815	12534768	983	19	0.0000724718	0.000000168829
17	12534769	13180371	571	19	0.0002185643	0.000000139207
17	13180372	13894636	701	19	-0.0000997135	0.000000153788
17	13894637	15019096	1252	19	-0.0000408470	0.000000163275
17	15019097	16412341	560	19	0.0001770901	0.000000127371
17	16412342	18856319	954	19	0.0002337328	0.000000176734
17	18856320	21290356	695	19	0.0001797951	0.000000140138
17	21290357	27334243	997	19	0.0000852355	0.000000169455
17	27334244	29786490	720	19	0.0002821817	0.000000123496
17	29786491	31538424	947	19	0.0002383915	0.000000176962
17	31538425	32912797	1556	19	0.0001771864	0.000000173962
17	32912798	34469035	903	19	0.0001345104	0.000000171870
17	34469036	36809343	783	19	0.0000686032	0.000000168640
17	36809344	38877403	667	19	0.0002116459	0.000000150590
17	38877404	39899809	628	19	0.0001148354	0.000000095644
17	39899810	41772086	501	19	0.0002609005	0.000000099743
17	41772087	43056904	522	19	0.0001225342	0.000000102750
17	43056905	45876021	1216	19	0.0001368371	0.000000171984
17	45876022	47517399	872	19	0.0003589991	0.000000168608
17	47517400	49898956	1266	19	0.0002631823	0.000000178177
17	49898957	50719054	590	19	0.0000649001	0.000000084226
17	50719055	51826117	821	19	0.0000963630	0.000000101137
17	51826118	53599431	1206	19	0.0002044918	0.000000175301
17	53599432	55357540	1146	19	0.0001254070	0.000000171424
17	55357541	57487511	1101	19	0.0003744121	0.000000183630
17	57487512	59312754	402	19	0.0001336434	0.000000065109
17	59312755	61545588	777	19	0.0000504872	0.000000163342
17	61545589	63148127	493	19	0.0003229695	0.000000107790
17	63148128	64800429	1324	19	-0.0000128274	0.000000164648
17	64800430	67858769	1703	19	0.0003197253	0.000000180949
17	67858770	69387816	1354	19	0.0002132825	0.000000175731
17	69387817	72672202	2476	19	0.0001214081	0.000000171228
17	72672203	74375559	633	19	-0.0000161492	0.000000144828
17	74375560	76263412	1198	19	0.0001019975	0.000000170277
17	76263413	77298635	709	19	0.0000520640	0.000000167829
17	77298636	78837587	942	19	0.0001337526	0.000000171833
17	78837588	80034407	402	19	0.0001402276	0.000000106322
17	80034408	81194907	501	19	0.0000215253	0.000000104620
18	10644	912485	674	19	0.0001777023	0.000000173987
18	912486	1942910	796	19	0.0003578881	0.000000144251
18	1942911	3891657	1464	19	-0.0000407441	0.000000163280
18	3891658	5834179	1527	19	0.0002299562	0.000000176549
18	5834180	7090484	1034	19	0.0001537059	0.000000172811
18	7090485	8498930	1059	19	0.0000467155	0.000000167567
18	8498931	11075912	2261	19	-0.0001021222	0.000000160271
18	11075913	11905439	523	19	-0.0000536517	0.000000113330
18	11905440	14440798	1327	19	0.0001417257	0.000000172224
18	14440799	19485843	335	19	0.0004891503	0.000000079161
18	19485844	20649471	637	19	0.0002455422	0.000000116222
18	20649472	22996650	1477	19	-0.0000496817	0.000000162842
18	22996651	24026190	627	19	0.0001885995	0.000000122036
18	24026191	25927681	1490	19	0.0001872710	0.000000174456
18	25927682	26875586	634	19	0.0003114060	0.000000092253
18	26875587	27866477	694	19	0.0000886682	0.000000091695
18	27866478	30264065	1815	19	-0.0000047440	0.000000165044
18	30264066	31780066	851	19	0.0001626164	0.000000110814
18	31780067	33861963	1325	19	0.0000062499	0.000000165215
18	33861964	35075249	897	19	0.0000978676	0.000000167131
18	35075250	36365489	1070	19	0.0002608902	0.000000159105
18	36365490	37684366	813	19	0.0001555937	0.000000110472
18	37684367	39892647	1791	19	0.0001545278	0.000000172851
18	39892648	42922105	2121	19	0.0001664293	0.000000173435
18	42922106	44299245	1191	19	0.0000165676	0.000000166089
18	44299246	45939731	1075	19	0.0002371515	0.000000176901
18	45939732	47730583	1317	19	0.0002243188	0.000000176272
18	47730584	51062184	2461	19	0.0000487947	0.000000167669
18	51062185	51554174	467	19	0.0000710031	0.000000051589
18	51554175	55213837	2166	19	0.0002608181	0.000000178062
18	55213838	56530219	1065	19	0.0001354030	0.000000171914
18	56530220	57630482	1039	19	0.0001895078	0.000000174566
18	57630483	59020750	977	19	0.0003405789	0.000000170613
18	59020751	60277714	1172	19	0.0002281388	0.000000176460
18	60277715	61820251	1179	19	-0.0000570649	0.000000162480
18	61820252	63463401	1273	19	0.0000290975	0.000000166703
18	63463402	64252800	730	19	0.0001892344	0.000000089282
18	64252801	66125816	1688	19	0.0003742300	0.000000183621
18	66125817	67175819	734	19	0.0002033837	0.000000139524
18	67175820	68621178	942	19	0.0000658781	0.000000168506
18	68621179	69621617	928	19	0.0003754684	0.000000179266
18	69621618	71038473	1260	19	-0.0000210265	0.000000164246
18	71038474	71971461	990	19	0.0003011387	0.000000180038
18	71971462	73526986	1324	19	0.0000087065	0.000000165704
18	73526987	74813814	1109	19	0.0000462670	0.000000167545
18	74813815	75976316	1172	19	-0.0000661649	0.000000162034
18	75976317	77149990	937	19	0.0001307314	0.000000171685
18	77149991	78017157	489	19	0.0001241328	0.000000111329
19	80840	610728	129	19	0.0000431987	0.000000037764
19	610729	2098395	437	19	0.0000626383	0.000000134766
19	2098396	3019659	359	19	0.0000104812	0.000000097291
19	3019660	4348966	478	19	0.0001089780	0.000000139867
19	4348967	5811851	612	19	0.0001204556	0.000000171181
19	5811852	6684884	318	19	0.0001740498	0.000000089866
19	6684885	8347512	821	19	0.0001070065	0.000000170522
19	8347513	9238392	385	19	-0.0000252411	0.000000071299
19	9238393	11284027	748	19	0.0001030687	0.000000151742
19	11284028	13471126	693	19	0.0003460215	0.000000171972
19	13471127	14486346	332	19	0.0001340421	0.000000086267
19	14486347	15648609	539	19	0.0002072831	0.000000131985
19	15648610	16374415	641	19	0.0001923405	0.000000114996
19	16374416	18409861	824	19	0.0001517327	0.000000172714
19	18409862	19877470	490	19	0.0002929005	0.000000121613
19	19877471	20905756	330	19	0.0000769080	0.000000068466
19	20905757	22732895	840	19	0.0000835513	0.000000114497
19	22732896	23467745	321	18	0.0002692643	0.000000056174
19	23467746	28557892	746	19	0.0001859858	0.000000103814
19	28557893	29790946	1182	19	0.0000319707	0.000000166844
19	29790947	30727953	688	19	-0.0000284925	0.000000135635
19	30727954	32746519	1211	19	0.0001513772	0.000000172697
19	32746520	34262951	911	19	-0.0000051670	0.000000165024
19	34262952	36469294	1074	19	0.0001434486	0.000000172308
19	36469295	37527032	434	19	0.0002576246	0.000000072087
19	37527033	40170618	1034	19	0.0000627367	0.000000168352
19	40170619	40984600	306	19	0.0003194612	0.000000071248
19	40984601	42131572	457	19	0.0001833752	0.000000117302
19	42131573	43862454	475	19	0.0000222507	0.000000086797
19	43862455	44744107	504	19	0.0000871551	0.000000091288
19	44744108	46102696	601	19	0.0000553718	0.000000145453
19	46102697	47150081	453	19	0.0001826356	0.000000116579
19	47150082	49282226	922	19	-0.0000081744	0.000000164876
19	49282227	51532566	939	19	0.0001710693	0.000000173662
19	51532567	52985289	1129	19	0.0000147604	0.000000166000
19	52985290	54602361	942	19	0.0000457373	0.000000167519
19	54602362	55728079	547	19	0.0000665629	0.000000148515
19	55728080	57521334	1072	19	0.0002250390	0.000000176308
19	57521335	59118838	818	19	0.0000060099	0.000000165572
20	60479	697599	406	19	0.0001525796	0.000000112716
20	697600	2469500	1760	19	-0.0000646083	0.000000162110
20	2469501	3828412	870	19	-0.0000289233	0.000000163859
20	3828413	5477849	1400	19	0.0000386744	0.000000167173
20	5477850	7084072	1484	19	0.0000439808	0.000000167433
20	7084073	8117010	1019	19	0.0000624413	0.000000140794
20	8117011	9730920	1533	19	-0.0000747518	0.000000161613
20	9730921	11249535	1461	19	0.0000429748	0.000000167383
20	11249536	12447498	1068	19	0.0003206216	0.000000180624
20	12447499	13689863	1123	19	0.0001025892	0.000000170306
20	13689864	15958358	2008	19	0.0000860279	0.000000169494
20	15958359	17487231	1815	19	0.0000619540	0.000000168314
20	17487232	18972202	1165	19	-0.0000702807	0.000000161832
20	18972203	20959709	1741	19	0.0001562037	0.000000172934
20	20959710	22491455	862	19	0.0003219445	0.000000134441
20	22491456	23293789	816	19	0.0000792062	0.000000129935
20	23293790	24717723	1108	19	-0.0000425515	0.000000163191
20	24717724	25344230	566	19	0.0000377536	0.000000068505
20	25344231	31614822	1109	19	0.0000945321	0.000000169911
20	31614823	32813440	452	19	0.0002380820	0.000000092981
20	32813441	34960445	742	19	0.0001651035	0.000000102797
20	34960446	36909529	886	19	0.0002780648	0.000000169373
20	36909530	38436760	1067	19	0.0002303109	0.000000170688
20	38436761	39610855	938	19	0.0000462015	0.000000166069
20	39610856	40585688	552	19	0.0005809570	0.000000124741
20	40585689	41615459	1037	19	0.0002004438	0.000000175102
20	41615460	42680175	695	19	0.0002482444	0.000000167548
20	42680176	44839055	1364	19	0.0000303682	0.000000166765
20	44839056	47199979	1902	19	0.0000760925	0.000000169007
20	47199980	49239657	1404	19	0.0002541130	0.000000177733
20	49239658	52472548	2527	19	0.0000028518	0.000000165417
20	52472549	54055265	1303	19	0.0000813342	0.000000169264
20	54055266	56447958	2171	19	0.0001767672	0.000000173942
20	56447959	58406571	1508	19	0.0000560631	0.000000168025
20	58406572	59561723	1048	19	-0.0000201514	0.000000164289
20	59561724	61301854	1351	19	-0.0000708375	0.000000161805
20	61301855	62190179	491	19	0.0000477105	0.000000129803
20	62190180	62965162	362	19	0.0004155273	0.000000100618
21	9411243	15950981	573	19	0.0000188248	0.000000123832
21	15950982	18053164	1315	19	0.0002507794	0.000000177569
21	18053165	19480374	899	19	0.0001208561	0.000000171201
21	19480375	20962338	1281	19	0.0000510759	0.000000167781
21	20962339	22072763	865	19	0.0004389196	0.000000186792
21	22072764	23362874	1145	19	0.0001734569	0.000000173779
21	23362875	24696230	868	19	0.0002087996	0.000000150093
21	24696231	26469121	1462	19	0.0000517575	0.000000167814
21	26469122	27271018	456	19	0.0002876395	0.000000093076
21	27271019	29125225	1698	19	0.0001716363	0.000000173690
21	29125226	31197024	1483	19	0.0002828866	0.000000179143
21	31197025	32668641	1060	19	0.0001571813	0.000000130938
21	32668642	34376998	1063	19	0.0000139715	0.000000165962
21	34376999	35225464	473	19	-0.0000060923	0.000000101570
21	35225465	36524372	1012	19	0.0000899847	0.000000169688
21	36524373	37870778	942	19	0.0002172142	0.000000175924
21	37870779	38711703	585	19	0.0001494811	0.000000106094
21	38711704	40482901	1555	19	-0.0000211429	0.000000164241
21	40482902	41389526	897	19	0.0001023447	0.000000160767
21	41389527	43321527	1694	19	0.0002528749	0.000000177672
21	43321528	44506267	1176	19	-0.0000549842	0.000000162582
21	44506268	46177104	992	19	0.0001417710	0.000000172226
21	46177105	47492225	871	19	0.0001738168	0.000000173797
21	47492226	48119751	391	19	0.0003569138	0.000000098760
22	16050408	17674294	365	19	0.0000863017	0.000000086923
22	17674295	18296087	412	19	0.0001610396	0.000000102262
22	18296088	19912357	938	19	-0.0000053097	0.000000165017
22	19912358	22357324	963	19	0.0002102839	0.000000175585
22	22357325	23712646	753	19	0.0000035163	0.000000153018
22	23712647	24984203	633	19	0.0000995983	0.000000121850
22	24984204	26791627	1337	19	0.0001409926	0.000000172188
22	26791628	27834751	1324	19	0.0001689427	0.000000173558
22	27834752	29651798	998	19	0.0001947370	0.000000174822
22	29651799	31439917	936	19	0.0005895903	0.000000191965
22	31439918	32664985	576	19	0.0000942847	0.000000108507
22	32664986	34494913	1744	19	0.0000634194	0.000000168386
22	34494914	35530984	1136	19	0.0000242977	0.000000151498
22	35530985	37570268	1555	19	0.0004151791	0.000000185628
22	37570269	39307893	884	19	0.0000981906	0.000000170090
22	39307894	40545796	575	19	0.0002993344	0.000000152377
22	40545797	42690817	821	19	0.0001095638	0.000000127563
22	42690818	43714199	735	19	0.0001356091	0.000000171924
22	43714200	44995307	1268	19	0.0002358118	0.000000176836
22	44995308	46470494	1123	19	0.0001225890	0.000000171286
22	46470495	47596317	883	19	0.0000964224	0.000000170003
22	47596318	48903702	1539	19	0.0001230882	0.000000171310
22	48903703	49824533	1311	19	0.0000882524	0.000000169603
22	49824534	51243297	686	19	0.0001098923	0.000000159316
