chr	start	end	num_snp	k	local_h2g	var
1	10583	1892606	141	20	0.0001361574	0.000000016875
1	1892607	3582735	752	29	0.0002115319	0.000000058061
1	3582736	4380810	538	29	0.0000524552	0.000000038775
1	4380811	5913892	1867	29	0.0000658171	0.000000050962
1	5913893	7247334	733	29	0.0001232109	0.000000047580
1	7247335	9365198	1235	29	0.0000889631	0.000000049829
1	9365199	10806983	521	29	0.0003073210	0.000000038435
1	10806984	11777840	381	29	0.0001405415	0.000000032833
1	11777841	12779465	568	29	0.0001707787	0.000000029963
1	12779466	14891510	1186	29	0.0002230456	0.000000054539
1	14891511	16897729	1082	29	0.0001997719	0.000000053374
1	16897730	18662898	1115	29	0.0001401510	0.000000051674
1	18662899	20469148	1176	29	0.0000746007	0.000000050831
1	20469149	21736587	789	29	0.0003334521	0.000000053400
1	21736588	23086882	917	29	0.0001861796	0.000000053751
1	23086883	23920589	336	29	0.0002822659	0.000000025747
1	23920590	25516844	870	29	0.0002562706	0.000000054519
1	25516845	27401866	704	29	0.0006340687	0.000000049553
1	27401867	30161880	923	29	0.0002508914	0.000000055111
1	30161881	32438684	1846	29	0.0001342738	0.000000052522
1	32438685	34799757	1123	29	0.0002168315	0.000000054270
1	34799758	37549182	937	29	0.0000601741	0.000000049419
1	37549183	38731846	589	29	0.0001702002	0.000000039787
1	38731847	40200566	720	29	0.0001106666	0.000000045698
1	40200567	41975326	993	29	0.0000365109	0.000000048909
1	41975327	43758456	1069	29	0.0002306280	0.000000052737
1	43758457	44969182	595	29	0.0000227786	0.000000031213
1	44969183	46899500	783	29	0.0001759767	0.000000034413
1	46899501	48002575	497	29	0.0002013288	0.000000029133
1	48002576	48978187	550	29	0.0001915912	0.000000039275
1	48978188	49894176	449	29	0.0001734691	0.000000027513
1	49894177	51713725	476	29	0.0002543698	0.000000024569
1	51713726	54226261	953	29	0.0001290484	0.000000049819
1	54226262	56413116	1411	29	0.0011281782	0.000000075076
1	56413117	57021727	571	29	0.0001421915	0.000000024317
1	57021728	58865398	1511	29	0.0001663395	0.000000053447
1	58865399	59890408	752	29	0.0001430854	0.000000038976
1	59890409	61922364	1197	29	0.0002447981	0.000000054131
1	61922365	63455088	1061	29	0.0028670200	0.000000103830
1	63455089	65041703	1305	29	0.0002920809	0.000000056790
1	65041704	66939403	1318	29	0.0001896859	0.000000053122
1	66939404	68477894	1318	29	0.0003186447	0.000000057342
1	68477895	69687615	751	29	0.0001140617	0.000000040252
1	69687616	71372469	1084	29	0.0000970720	0.000000051859
1	71372470	71684404	174	13	0.0000239578	0.000000006997
1	71684405	74326906	1696	29	0.0001530470	0.000000043195
1	74326907	76728134	1654	29	0.0001981286	0.000000051042
1	76728135	79661197	1931	29	0.0002118452	0.000000052560
1	79661198	81354190	1181	29	0.0000854653	0.000000050281
1	81354191	83991747	2163	29	0.0000841890	0.000000050466
1	83991748	84844494	555	29	0.0000897509	0.000000027443
1	84844495	86454750	1252	29	0.0001832281	0.000000052361
1	86454751	88128630	1105	29	0.0002255660	0.000000054567
1	88128631	90066302	993	29	0.0001302029	0.000000050106
1	90066303	91886316	1041	29	0.0002805211	0.000000056436
1	91886317	93536458	1032	29	0.0007625119	0.000000059883
1	93536459	94506190	505	29	0.0002514200	0.000000024757
1	94506191	96150892	1094	29	0.0002805814	0.000000055269
1	96150893	97885248	1117	29	0.0000506571	0.000000045386
1	97885249	99800603	1260	29	0.0001758682	0.000000053873
1	99800604	100826404	640	29	0.0002257808	0.000000032414
1	100826405	102041015	872	29	0.0002207338	0.000000046602
1	102041016	102898744	677	29	0.0000822862	0.000000029527
1	102898745	103914210	591	29	0.0001774795	0.000000022695
1	103914211	106087841	1235	29	0.0000371385	0.000000050169
1	106087842	108409664	1632	29	0.0001440839	0.000000052327
1	108409665	110303930	1161	29	0.0041101255	0.000000135552
1	110303931	111741736	950	29	0.0003538629	0.000000055386
1	111741737	113273305	1280	29	0.0002128112	0.000000051964
1	113273306	114873844	869	29	0.0000746405	0.000000049945
1	114873845	115880592	575	29	0.0001396053	0.000000030623
1	115880593	118839066	1587	29	0.0000565745	0.000000049641
1	118839067	144977493	1316	29	0.0001818033	0.000000039698
1	144977494	148361252	766	29	0.0001997958	0.000000043338
1	148361253	151538880	531	29	0.0003368492	0.000000033017
1	151538881	153180828	939	29	-0.0000209921	0.000000035366
1	153180829	154770402	746	29	0.0001744789	0.000000045151
1	154770403	156336132	430	29	0.0003731772	0.000000036572
1	156336133	158027411	1135	29	0.0000912583	0.000000052110
1	158027412	159913047	1285	29	0.0001642191	0.000000050370
1	159913048	162346720	1693	29	0.0003397179	0.000000044497
1	162346721	165191701	2421	29	0.0001363446	0.000000050737
1	165191702	166460516	978	29	0.0001500377	0.000000052227
1	166460517	169086323	1948	29	0.0000404367	0.000000048790
1	169086324	170557775	1439	29	0.0001072819	0.000000043391
1	170557776	173097906	1747	29	0.0002049292	0.000000047684
1	173097907	175089767	715	29	0.0001743988	0.000000029258
1	175089768	177433380	1491	29	0.0000903148	0.000000050254
1	177433381	178944308	1008	29	0.0001259634	0.000000038117
1	178944309	178954469	3	1	-0.0000073034	0.000000000187
1	178954470	181144120	1436	29	0.0002138454	0.000000054617
1	181144121	182755355	1054	29	0.0002016573	0.000000052899
1	182755356	184595512	1246	29	0.0004981334	0.000000061091
1	184595513	186810022	843	29	0.0001403307	0.000000043287
1	186810023	188759944	1474	29	0.0001578769	0.000000053254
1	188759945	189904129	601	23	0.0001142618	0.000000020553
1	189904130	191868929	1494	29	0.0001414125	0.000000048188
1	191868930	194107441	1314	29	0.0001167273	0.000000052134
1	194107442	196176200	1578	29	0.0000923244	0.000000050852
1	196176201	197311513	484	23	0.0001402767	0.000000020279
1	197311514	199239883	1013	29	0.0003532209	0.000000055016
1	199239884	200137648	620	29	0.0002699068	0.000000035106
1	200137649	201589974	1209	29	0.0001156239	0.000000051006
1	201589975	203334733	1014	29	0.0000084773	0.000000048072
1	203334734	204681067	802	29	0.0002799468	0.000000055300
1	204681068	206073264	1023	29	0.0000603694	0.000000047969
1	206073265	208410363	1106	29	0.0001161544	0.000000048227
1	208410364	210787749	1685	29	0.0001228209	0.000000050715
1	210787750	212842329	1260	29	0.0003512515	0.000000055833
1	212842330	214578265	1091	29	0.0002585466	0.000000052512
1	214578266	216243633	1239	29	0.0001449066	0.000000053875
1	216243634	218705512	2266	29	0.0001726704	0.000000051665
1	218705513	219590570	653	29	-0.0000246252	0.000000025831
1	219590571	221858230	1576	29	0.0005069245	0.000000055041
1	221858231	222230219	332	26	0.0001126503	0.000000021697
1	222230220	224938519	1054	29	0.0003485730	0.000000057188
1	224938520	226810859	882	29	0.0002768710	0.000000055134
1	226810860	229156247	1347	29	0.0001760346	0.000000052605
1	229156248	230685254	1033	29	0.0001222694	0.000000043117
1	230685255	232090251	1022	29	0.0001204011	0.000000049790
1	232090252	233429283	1100	29	-0.0000326304	0.000000047451
1	233429284	234599433	1001	29	0.0001640448	0.000000052649
1	234599434	235819435	697	29	0.0010323309	0.000000073081
1	235819436	237555627	1306	29	0.0000870116	0.000000051214
1	237555628	238567806	854	29	0.0000844553	0.000000051784
1	238567807	239925313	1087	29	0.0001682549	0.000000053323
1	239925314	240564090	640	29	0.0000903912	0.000000039077
1	240564091	241582219	916	29	0.0001230496	0.000000052663
1	241582220	242071601	363	29	0.0001625620	0.000000027300
1	242071602	244109498	1110	29	0.0001501444	0.000000053448
1	244109499	245506745	892	29	0.0000866507	0.000000052297
1	245506746	247344517	1323	29	0.0001283102	0.000000051105
1	247344518	249239465	817	29	0.0000021438	0.000000045324
2	10133	1781021	1531	29	0.0000553604	0.000000039782
2	1781022	3973778	1792	29	0.0000215104	0.000000048939
2	3973779	5708336	1388	29	0.0001083027	0.000000051178
2	5708337	6836253	1255	29	0.0000930691	0.000000050728
2	6836254	8422146	1317	29	0.0000751476	0.000000051310
2	8422147	10298468	1307	29	0.0001325188	0.000000052807
2	10298469	12419149	1822	29	0.0000084352	0.000000048447
2	12419150	14335307	1553	29	0.0001672068	0.000000052981
2	14335308	16329734	1722	29	0.0001710532	0.000000053542
2	16329735	18647422	1818	29	0.0002192913	0.000000054542
2	18647423	19692403	789	29	0.0000647353	0.000000040684
2	19692404	21050489	1268	29	0.0008833527	0.000000069502
2	21050490	23341382	1561	29	0.0057976389	0.000000174222
2	23341383	24686917	839	29	0.0002024416	0.000000045470
2	24686918	26894984	1006	29	0.0002107412	0.000000050071
2	26894985	28598776	964	29	0.0014561859	0.000000052016
2	28598777	29217558	489	29	0.0001684016	0.000000028916
2	29217559	30463710	1168	29	0.0002687388	0.000000055346
2	30463711	31550449	1124	29	0.0001540112	0.000000052068
2	31550450	33363776	785	29	0.0002799833	0.000000053908
2	33363777	35345027	1740	29	0.0003109838	0.000000057062
2	35345028	36122005	838	29	0.0000745879	0.000000036859
2	36122006	38132711	1846	29	0.0000711390	0.000000049311
2	38132712	39031336	608	29	0.0001384370	0.000000045084
2	39031337	40281482	610	29	0.0000442912	0.000000036959
2	40281483	43309589	2754	29	0.0001641866	0.000000048058
2	43309590	44313802	1004	29	0.0034255971	0.000000102732
2	44313803	46482633	1911	29	0.0002908439	0.000000053420
2	46482634	47318771	762	29	0.0000721941	0.000000048813
2	47318772	48213000	506	29	-0.0000014643	0.000000040809
2	48213001	50022256	1488	29	0.0002082379	0.000000053758
2	50022257	50818927	805	29	0.0001814079	0.000000040337
2	50818928	52491132	1634	29	0.0001450526	0.000000051745
2	52491133	53508451	1090	29	0.0001116486	0.000000051490
2	53508452	54685225	860	29	0.0001907895	0.000000053566
2	54685226	56203344	1188	29	0.0001276505	0.000000047362
2	56203345	57429099	948	29	0.0000473202	0.000000044636
2	57429100	58297314	646	29	0.0001189174	0.000000032756
2	58297315	60291999	1305	29	0.0001519668	0.000000050289
2	60292000	62429043	1043	29	0.0002961049	0.000000052302
2	62429044	64625912	1106	29	0.0004690452	0.000000059303
2	64625913	65933443	859	29	0.0003480959	0.000000055979
2	65933444	67226165	1140	29	0.0000408164	0.000000049386
2	67226166	68010175	922	29	0.0002608850	0.000000047987
2	68010176	69139563	1009	29	0.0003198426	0.000000055369
2	69139564	70755197	946	29	0.0002693709	0.000000054606
2	70755198	73174847	1746	29	0.0001246159	0.000000051822
2	73174848	75630085	1415	29	0.0000431759	0.000000049742
2	75630086	76913660	1063	29	0.0000949341	0.000000050209
2	76913661	78079263	905	29	0.0002525261	0.000000056442
2	78079264	80050402	1988	29	0.0002246476	0.000000054724
2	80050403	81620840	1115	29	0.0000024499	0.000000047456
2	81620841	85140679	2377	29	0.0000951489	0.000000051713
2	85140680	88038506	1197	29	0.0002611872	0.000000054923
2	88038507	89154525	434	29	0.0001484223	0.000000025529
2	89154526	95326451	41	4	0.0000287228	0.000000007193
2	95326452	98995200	833	29	0.0002710017	0.000000049209
2	98995201	101822328	1864	29	0.0000874645	0.000000051543
2	101822329	102688764	589	29	0.0001128362	0.000000028562
2	102688765	103588214	937	29	0.0002953663	0.000000038979
2	103588215	105125033	776	29	0.0001817876	0.000000039267
2	105125034	106210057	837	29	0.0000356200	0.000000043137
2	106210058	107408266	931	29	0.0000691919	0.000000047921
2	107408267	108429176	912	29	0.0001625556	0.000000037111
2	108429177	110572431	1107	29	0.0003236210	0.000000057720
2	110572432	113921855	1352	29	0.0005025306	0.000000061285
2	113921856	116772469	1631	29	0.0001564502	0.000000052620
2	116772470	118367465	1004	29	0.0002590532	0.000000041887
2	118367466	121303782	1996	29	0.0004955650	0.000000061813
2	121303783	123302905	1203	29	0.0003461328	0.000000058442
2	123302906	124732249	1155	29	0.0001486048	0.000000041075
2	124732250	125840920	867	29	0.0002095455	0.000000045283
2	125840921	127373763	1058	29	0.0002089637	0.000000039420
2	127373764	128034346	546	29	0.0004282645	0.000000039623
2	128034347	129474440	824	29	0.0002535651	0.000000047147
2	129474441	130067169	451	29	0.0002355152	0.000000025381
2	130067170	130658084	447	29	0.0000815871	0.000000022486
2	130658085	133042783	496	29	0.0002214566	0.000000038821
2	133042784	135158577	1713	29	0.0002374629	0.000000054906
2	135158578	137042793	821	29	0.0005451333	0.000000047741
2	137042794	138698116	1201	29	0.0003287208	0.000000056104
2	138698117	140100270	1001	29	0.0002731075	0.000000043600
2	140100271	141805350	1362	29	0.0001244938	0.000000052748
2	141805351	142518601	705	29	-0.0000211873	0.000000030870
2	142518602	144519483	1456	29	0.0000733588	0.000000049483
2	144519484	146445569	853	29	0.0000676043	0.000000043322
2	146445570	147277161	374	24	0.0001671194	0.000000020362
2	147277162	150210291	1451	29	0.0001179133	0.000000051219
2	150210292	151731461	1026	29	0.0001810510	0.000000052378
2	151731462	152486781	565	29	0.0002374395	0.000000030805
2	152486782	154005055	995	29	0.0002147759	0.000000051545
2	154005056	155391134	1130	29	0.0001933772	0.000000053148
2	155391135	157560634	1194	29	0.0002415322	0.000000054866
2	157560635	158533217	342	29	0.0003229628	0.000000028968
2	158533218	159577081	699	29	0.0002916500	0.000000041896
2	159577082	161769732	1339	29	0.0001030332	0.000000049437
2	161769733	163503550	696	29	0.0001634719	0.000000033403
2	163503551	164466637	515	29	0.0000499036	0.000000025341
2	164466638	165178839	403	29	0.0000713116	0.000000020856
2	165178840	167160269	1408	29	0.0001856091	0.000000048402
2	167160270	167355969	167	13	0.0000938852	0.000000010249
2	167355970	169968235	1620	29	0.0005062660	0.000000057259
2	169968236	171226244	947	29	0.0001996761	0.000000053641
2	171226245	173138904	987	29	0.0001089953	0.000000049758
2	173138905	175588928	1586	29	0.0001434764	0.000000051505
2	175588929	177363635	959	29	0.0000599734	0.000000049294
2	177363636	178553182	1009	29	0.0001764208	0.000000047065
2	178553183	181312738	2153	29	0.0001934189	0.000000052399
2	181312739	182266030	685	29	0.0002179397	0.000000033917
2	182266031	184357607	1272	29	0.0000885232	0.000000050739
2	184357608	185280172	608	29	0.0000182706	0.000000023989
2	185280173	189882064	2429	29	0.0001494799	0.000000051886
2	189882065	191973356	1029	29	0.0003195286	0.000000049961
2	191973357	195861163	1660	29	0.0001799458	0.000000053244
2	195861164	196447455	332	26	0.0002375280	0.000000021645
2	196447456	198078109	865	29	0.0001969787	0.000000039900
2	198078110	199311124	590	29	0.0002692863	0.000000029579
2	199311125	201576283	1214	29	0.0002135945	0.000000054012
2	201576284	202818636	497	29	0.0003736731	0.000000038534
2	202818637	205799240	1508	29	0.0004476730	0.000000051604
2	205799241	206735703	654	29	0.0002725173	0.000000054167
2	206735704	208645398	1139	29	0.0000746621	0.000000049512
2	208645399	209941528	707	29	0.0001025593	0.000000038654
2	209941529	212379517	1656	29	0.0002398268	0.000000054192
2	212379518	214014281	1420	29	0.0001850903	0.000000052967
2	214014282	215573794	1023	29	0.0000822301	0.000000047040
2	215573795	217715660	1451	29	0.0001463319	0.000000051266
2	217715661	218395479	507	29	0.0002579053	0.000000037827
2	218395480	220454550	868	29	0.0002110801	0.000000051642
2	220454551	222521175	1787	29	0.0001073434	0.000000051134
2	222521176	224859418	1641	29	-0.0000126896	0.000000048605
2	224859419	225840003	720	29	0.0002994096	0.000000039232
2	225840004	228119841	1621	29	0.0000407125	0.000000045033
2	228119842	229370786	905	29	0.0001104117	0.000000044800
2	229370787	231843388	1803	29	0.0000523526	0.000000049887
2	231843389	233550002	757	29	0.0002030430	0.000000049542
2	233550003	235150986	1387	29	0.0002259683	0.000000053941
2	235150987	236043549	756	29	0.0002178051	0.000000054729
2	236043550	237449031	853	29	0.0000354322	0.000000049352
2	237449032	238760980	1038	29	0.0000675481	0.000000050349
2	238760981	239952642	793	29	0.0000750894	0.000000047973
2	239952643	241560083	1156	29	0.0001680362	0.000000053096
2	241560084	242149920	341	29	0.0002034686	0.000000025481
2	242149921	243188919	244	22	0.0002307946	0.000000021317
3	60157	1441778	1209	29	-0.0000244197	0.000000047269
3	1441779	2992119	1639	29	0.0001518323	0.000000052037
3	2992120	4431646	1482	29	0.0001674172	0.000000053762
3	4431647	6083182	1411	29	0.0001648959	0.000000053831
3	6083183	7083386	902	29	0.0000795646	0.000000051521
3	7083387	8648560	1709	29	0.0001300991	0.000000050840
3	8648561	9543182	778	29	0.0001373963	0.000000053114
3	9543183	11019664	898	29	0.0001367924	0.000000051299
3	11019665	13070798	1335	29	0.0010793591	0.000000068723
3	13070799	14816899	1392	29	0.0000408494	0.000000049805
3	14816900	16282441	1098	29	0.0002330745	0.000000043775
3	16282442	17891117	1009	29	0.0001651431	0.000000052001
3	17891118	19125143	745	29	0.0002252644	0.000000040709
3	19125144	20091347	322	29	0.0000056766	0.000000019846
3	20091348	21643706	1296	29	0.0000234850	0.000000048116
3	21643707	22204243	871	29	0.0000783618	0.000000051099
3	22204244	23804864	1126	29	-0.0000105331	0.000000048590
3	23804865	25461557	1396	29	0.0004047065	0.000000057761
3	25461558	26877768	958	29	0.0002845079	0.000000055734
3	26877769	27840909	638	29	0.0002783277	0.000000036848
3	27840910	29142259	912	29	0.0001966964	0.000000054465
3	29142260	30717954	1326	29	0.0001142860	0.000000048975
3	30717955	32351714	1231	29	0.0000423940	0.000000048860
3	32351715	33255591	448	29	0.0003093806	0.000000039665
3	33255592	35283457	1206	29	0.0001080139	0.000000051321
3	35283458	36486841	861	29	0.0000560342	0.000000042353
3	36486842	38356115	1012	29	0.0002785282	0.000000054673
3	38356116	40221297	1424	29	0.0001026247	0.000000043177
3	40221298	41064527	298	22	0.0000101621	0.000000016246
3	41064528	42540001	970	29	0.0001399178	0.000000047877
3	42540002	45165152	1260	29	0.0001632470	0.000000051357
3	45165153	46657499	982	29	0.0001493161	0.000000051890
3	46657500	47727211	295	20	0.0001212533	0.000000015754
3	47727212	49316971	339	16	0.0000905759	0.000000013104
3	49316972	51832014	641	27	0.0003267056	0.000000027318
3	51832015	54081389	1128	29	0.0001805839	0.000000040567
3	54081390	55348859	1105	29	0.0000714939	0.000000049796
3	55348860	56433906	704	29	0.0000507097	0.000000039933
3	56433907	58157518	931	29	-0.0000170271	0.000000045301
3	58157519	60272905	1757	29	0.0002577708	0.000000054309
3	60272906	62355665	1748	29	0.0000487056	0.000000049221
3	62355666	63669285	1261	29	0.0001372807	0.000000051620
3	63669286	65273537	1339	29	0.0001033960	0.000000047924
3	65273538	66270446	585	29	0.0001592794	0.000000049558
3	66270447	68286913	1331	29	0.0002318198	0.000000054434
3	68286914	69276761	682	29	0.0000841990	0.000000044228
3	69276762	70449027	826	29	0.0001470448	0.000000049761
3	70449028	72529328	1392	29	0.0002978077	0.000000054698
3	72529329	74321816	1432	29	0.0000329849	0.000000048987
3	74321817	75704948	584	29	0.0002375802	0.000000037056
3	75704949	77508834	1104	29	0.0000497031	0.000000051271
3	77508835	79024540	889	29	0.0000943977	0.000000044423
3	79024541	81427309	1276	29	0.0000407494	0.000000043000
3	81427310	82643885	705	29	0.0000810761	0.000000026581
3	82643886	84367478	841	29	0.0002101322	0.000000036085
3	84367479	85582230	628	29	0.0002729884	0.000000031440
3	85582231	87409731	1354	29	0.0002153545	0.000000041390
3	87409732	88298372	507	28	0.0003075903	0.000000023966
3	88298373	94255315	1219	29	0.0002091094	0.000000047540
3	94255316	95311970	750	26	0.0000614035	0.000000023748
3	95311971	98215949	1518	29	0.0000107704	0.000000049959
3	98215950	99373761	782	29	0.0002660455	0.000000036572
3	99373762	100592216	585	29	0.0001559736	0.000000027787
3	100592217	103084959	1419	29	0.0001994076	0.000000053671
3	103084960	104581612	1147	29	0.0001634242	0.000000043220
3	104581613	106982810	1590	29	0.0001418497	0.000000053382
3	106982811	109522394	1683	29	0.0002482433	0.000000054704
3	109522395	110513769	688	29	0.0002417607	0.000000029344
3	110513770	112815698	1467	29	0.0002529941	0.000000055672
3	112815699	113947862	659	29	0.0001018448	0.000000035409
3	113947863	115447079	759	29	0.0001471248	0.000000046934
3	115447080	116800152	1025	29	0.0002994290	0.000000056708
3	116800153	118530250	1316	29	0.0000350633	0.000000049599
3	118530251	120523054	1154	29	0.0001702345	0.000000051286
3	120523055	121974096	744	29	0.0003578886	0.000000035114
3	121974097	123517767	1084	29	0.0006519016	0.000000058869
3	123517768	124936641	1150	29	0.0002794756	0.000000055745
3	124936642	126214942	888	29	0.0002597087	0.000000048350
3	126214943	128194860	1212	29	0.0002209844	0.000000054037
3	128194861	130244734	745	29	0.0001427457	0.000000040063
3	130244735	131836515	1110	29	0.0002732150	0.000000050544
3	131836516	133252172	1049	29	0.0005144886	0.000000056764
3	133252173	135456905	1602	29	0.0000161267	0.000000047728
3	135456906	137371082	842	29	0.0002878214	0.000000039519
3	137371083	139954596	1647	29	0.0001298117	0.000000048304
3	139954597	141339096	826	29	0.0002205300	0.000000050227
3	141339097	143164627	1076	29	0.0004454366	0.000000060250
3	143164628	144410815	808	29	0.0001810411	0.000000043355
3	144410816	145664618	1030	29	0.0003130753	0.000000045484
3	145664619	146726628	849	29	0.0001238056	0.000000037183
3	146726629	149043236	1377	29	0.0001904058	0.000000054193
3	149043237	150252003	804	29	0.0001368139	0.000000048370
3	150252004	151348729	644	29	0.0001132616	0.000000040358
3	151348730	153256570	1243	29	0.0002507954	0.000000055052
3	153256571	154714217	953	29	0.0001679535	0.000000036374
3	154714218	156008699	674	29	0.0002044428	0.000000040056
3	156008700	157312027	890	29	0.0001826683	0.000000041660
3	157312028	159477889	1402	29	0.0000918308	0.000000050298
3	159477890	161524503	1228	29	0.0005142227	0.000000056519
3	161524504	163253204	1568	29	0.0001059781	0.000000042096
3	163253205	165055468	1160	29	0.0000562639	0.000000033833
3	165055469	167117428	1163	29	0.0000307052	0.000000041120
3	167117429	168580959	745	29	0.0001066164	0.000000036070
3	168580960	170964908	1531	29	0.0003723361	0.000000048515
3	170964909	172295730	886	29	0.0002647608	0.000000055061
3	172295731	173477284	741	29	0.0001378803	0.000000050438
3	173477285	175116538	1303	29	0.0001952025	0.000000053613
3	175116539	176320286	811	29	0.0000814356	0.000000037474
3	176320287	178107164	1089	29	0.0001943623	0.000000053373
3	178107165	179374585	777	29	0.0000967488	0.000000040537
3	179374586	181511165	910	29	0.0000850367	0.000000045220
3	181511166	183769682	1176	29	0.0001471199	0.000000052242
3	183769683	185068254	714	29	0.0000342943	0.000000045598
3	185068255	186890343	1121	29	0.0002484112	0.000000047124
3	186890344	188856213	1471	29	0.0002111868	0.000000054040
3	188856214	190226606	1357	29	0.0000498349	0.000000049630
3	190226607	192343813	1545	29	0.0001059373	0.000000050784
3	192343814	194059670	706	29	0.0000086271	0.000000048993
3	194059671	194786673	368	29	0.0001109777	0.000000031139
3	194786674	195971407	310	29	0.0001485055	0.000000027023
3	195971408	197075986	361	29	0.0002742176	0.000000031798
3	197075987	197946621	326	29	0.0001708067	0.000000028087
4	10240	694714	187	16	0.0000855216	0.000000014262
4	694715	1478710	387	29	0.0002822738	0.000000026931
4	1478711	2842978	426	29	0.0001137612	0.000000032486
4	2842979	3846039	477	29	0.0004039750	0.000000046689
4	3846040	4684115	413	29	0.0001613483	0.000000035240
4	4684116	5502387	685	29	0.0000265715	0.000000048261
4	5502388	6773042	1179	29	0.0000701751	0.000000047972
4	6773043	7539691	665	29	0.0000979806	0.000000053603
4	7539692	8152234	538	29	0.0001355160	0.000000047318
4	8152235	9326478	442	29	0.0002944834	0.000000039697
4	9326479	10699151	1137	29	0.0002216104	0.000000054377
4	10699152	12323033	1366	29	0.0001629742	0.000000052375
4	12323034	14272000	1622	29	0.0000799089	0.000000050547
4	14272001	15147445	719	29	0.0001788302	0.000000044775
4	15147446	15927008	487	29	0.0000891991	0.000000030328
4	15927009	17383321	1217	29	0.0002154436	0.000000054393
4	17383322	18841873	916	29	-0.0000226347	0.000000042240
4	18841874	20544556	1107	29	0.0001301545	0.000000044933
4	20544557	22319346	1401	29	0.0001079570	0.000000050256
4	22319347	24135528	1250	29	0.0001414935	0.000000051772
4	24135529	25609321	1047	29	0.0001941258	0.000000053085
4	25609322	27343721	1002	29	0.0003715383	0.000000057095
4	27343722	27965867	472	29	0.0000629579	0.000000026336
4	27965868	29762207	1377	29	0.0003023756	0.000000056881
4	29762208	30454534	374	29	0.0001604986	0.000000022342
4	30454535	31782980	908	29	0.0001483709	0.000000050237
4	31782981	33172765	807	29	-0.0000300036	0.000000034472
4	33172766	35151414	933	29	0.0001251325	0.000000031678
4	35151415	36020435	771	29	0.0000244974	0.000000028779
4	36020436	37255046	1043	29	0.0000769807	0.000000041515
4	37255047	38907021	1360	29	0.0001729445	0.000000051355
4	38907022	40202608	656	29	0.0001972772	0.000000039668
4	40202609	42213057	1262	29	0.0001011026	0.000000051576
4	42213058	43965044	1152	29	-0.0000134400	0.000000047061
4	43965045	45189156	973	29	0.0001083172	0.000000030977
4	45189157	47411895	1106	29	0.0000964637	0.000000044333
4	47411896	48123599	457	29	0.0001465345	0.000000023247
4	48123600	53877432	879	29	0.0001255360	0.000000041538
4	53877433	55429555	985	29	0.0002138872	0.000000052612
4	55429556	56547643	726	29	0.0000554005	0.000000039628
4	56547644	58935007	1559	29	0.0000430189	0.000000049349
4	58935008	60741086	1196	29	0.0002392267	0.000000054925
4	60741087	62371762	1052	29	0.0002021016	0.000000048261
4	62371763	64341000	1064	29	0.0000767785	0.000000049000
4	64341001	66600491	1259	29	0.0000904928	0.000000051070
4	66600492	68059496	889	29	0.0001165692	0.000000040133
4	68059497	68854764	496	29	0.0001900845	0.000000026995
4	68854765	71049151	1168	29	0.0004932854	0.000000054487
4	71049152	72140557	495	29	0.0000798817	0.000000020816
4	72140558	74592389	1011	29	0.0003860073	0.000000053187
4	74592390	77130706	1459	29	0.0002937891	0.000000057519
4	77130707	79093978	1306	29	0.0002182683	0.000000054480
4	79093979	80990296	1162	29	0.0002274086	0.000000052403
4	80990297	82125314	528	29	0.0000815969	0.000000023409
4	82125315	83372592	718	29	0.0001152593	0.000000037242
4	83372593	84799655	873	29	0.0001684060	0.000000048006
4	84799656	86930608	1221	29	0.0000906473	0.000000051084
4	86930609	87534647	277	22	0.0001727858	0.000000014768
4	87534648	89238027	1139	29	0.0002204221	0.000000046046
4	89238028	90231563	599	29	0.0000513763	0.000000032547
4	90231564	91560676	770	29	0.0001656652	0.000000038246
4	91560677	94233298	1186	29	0.0002421694	0.000000053335
4	94233299	96182187	1265	29	0.0002393142	0.000000054722
4	96182188	97540702	1136	29	0.0001551283	0.000000052332
4	97540703	99424066	999	29	0.0001552220	0.000000037429
4	99424067	100678359	768	29	0.0005746126	0.000000050538
4	100678360	103221355	1667	29	0.0001358072	0.000000047599
4	103221356	105305293	1052	29	0.0002383294	0.000000046427
4	105305294	107501304	1151	29	0.0000833104	0.000000049769
4	107501305	108815347	746	29	0.0001144240	0.000000034168
4	108815348	111256566	1451	29	0.0001460199	0.000000051811
4	111256567	113870101	1413	29	0.0001321895	0.000000050852
4	113870102	115666245	1127	29	0.0000855337	0.000000050376
4	115666246	117276928	876	29	0.0002757279	0.000000035413
4	117276929	118479917	1015	29	0.0001162913	0.000000039255
4	118479918	119933511	1080	29	0.0002144943	0.000000043661
4	119933512	120392683	302	19	0.0001530562	0.000000015185
4	120392684	122657986	1550	29	0.0001592385	0.000000051956
4	122657987	124286480	856	29	0.0003463911	0.000000040574
4	124286481	125210861	500	29	0.0001413929	0.000000029448
4	125210862	126480885	842	29	0.0001784818	0.000000042771
4	126480886	127275476	560	29	0.0002982533	0.000000033313
4	127275477	127830292	413	29	0.0000725182	0.000000021086
4	127830293	128996664	441	21	0.0000767897	0.000000020763
4	128996665	130591884	908	29	0.0002191256	0.000000050899
4	130591885	131283820	449	29	0.0000462065	0.000000022349
4	131283821	132954032	920	29	0.0002699304	0.000000046684
4	132954033	134628433	1118	29	0.0002602999	0.000000044924
4	134628434	136566406	1141	29	0.0000194849	0.000000041907
4	136566407	138541970	1252	29	0.0001302124	0.000000051128
4	138541971	139556510	709	29	0.0002390095	0.000000044036
4	139556511	141084630	808	29	0.0002509516	0.000000053944
4	141084631	143443264	1454	29	0.0000964156	0.000000051029
4	143443265	146178186	1159	29	0.0000492856	0.000000042278
4	146178187	148521872	1181	29	0.0001468522	0.000000049389
4	148521873	150683579	1120	29	0.0001806703	0.000000054067
4	150683580	152782183	892	29	0.0000932012	0.000000037626
4	152782184	154477640	828	29	0.0001541794	0.000000050114
4	154477641	155056125	389	29	0.0002009822	0.000000028496
4	155056126	157485096	1620	29	0.0001128236	0.000000049443
4	157485097	158743717	659	29	0.0000345552	0.000000032785
4	158743718	161058863	1087	29	0.0001009545	0.000000048731
4	161058864	161826434	596	29	0.0000393767	0.000000031291
4	161826435	163243678	1042	29	0.0002677041	0.000000051478
4	163243679	164478233	739	29	0.0000875419	0.000000037252
4	164478234	165823447	938	29	0.0001663705	0.000000053718
4	165823448	167018857	709	29	0.0001394673	0.000000045855
4	167018858	167852916	485	29	0.0000057131	0.000000020318
4	167852917	169676824	1196	29	0.0001058770	0.000000050672
4	169676825	170776509	527	29	0.0001187952	0.000000031429
4	170776510	172558634	1020	29	0.0001343290	0.000000046020
4	172558635	174264131	909	29	0.0002585052	0.000000046520
4	174264132	176570715	1330	29	0.0000103267	0.000000049261
4	176570716	178991909	1706	29	-0.0000099642	0.000000047860
4	178991910	180122042	761	29	0.0000040513	0.000000042011
4	180122043	182066806	1656	29	0.0001762657	0.000000052323
4	182066807	183371274	1293	29	0.0001091551	0.000000051099
4	183371275	184929454	994	29	0.0004342542	0.000000062246
4	184929455	186909089	1427	29	0.0000035160	0.000000049125
4	186909090	188472980	1081	29	-0.0000167052	0.000000046950
4	188472981	189693510	776	29	0.0000155433	0.000000049734
4	189693511	191043593	605	29	0.0003081480	0.000000047870
5	11940	982251	406	29	0.0003982553	0.000000034957
5	982252	2132441	825	29	0.0001316918	0.000000051886
5	2132442	3361940	1595	29	0.0001564565	0.000000054266
5	3361941	4632109	1089	29	0.0001616592	0.000000053733
5	4632110	5973232	1439	29	0.0001133873	0.000000051689
5	5973233	7143217	1129	29	0.0002567166	0.000000054422
5	7143218	8446335	1210	29	0.0000987022	0.000000051497
5	8446336	9718831	1271	29	0.0002403062	0.000000055862
5	9718832	11173270	1355	29	0.0000438895	0.000000049330
5	11173271	13464831	1153	29	0.0000974820	0.000000051860
5	13464832	14757803	1093	29	0.0001928615	0.000000054999
5	14757804	16963612	1363	29	-0.0000310312	0.000000046585
5	16963613	18051591	551	29	0.0001526250	0.000000038780
5	18051592	19917715	1308	29	0.0003367091	0.000000058022
5	19917716	22152072	1065	29	0.0002547643	0.000000049766
5	22152073	23494323	912	29	0.0001316895	0.000000042936
5	23494324	26184850	1796	29	0.0002038874	0.000000053548
5	26184851	26857603	415	29	0.0001105004	0.000000022008
5	26857604	27984512	582	29	0.0001011832	0.000000030175
5	27984513	29714819	1180	29	0.0002320532	0.000000049908
5	29714820	31390248	1384	29	0.0004209259	0.000000059406
5	31390249	33500179	1420	29	0.0001998259	0.000000048053
5	33500180	35048969	1003	29	0.0001401724	0.000000052941
5	35048970	36433953	988	29	0.0002524820	0.000000051065
5	36433954	38802409	1485	29	0.0000918531	0.000000050795
5	38802410	40287728	1124	29	0.0000309231	0.000000044847
5	40287729	41888709	1230	29	0.0002465370	0.000000046459
5	41888710	43983498	898	29	0.0001744127	0.000000037584
5	43983499	50163397	961	29	0.0001651502	0.000000037058
5	50163398	52134621	1344	29	0.0000467280	0.000000048357
5	52134622	53703043	1300	29	0.0002197284	0.000000052528
5	53703044	55417348	1114	29	0.0000365794	0.000000048892
5	55417349	56621101	973	29	0.0002930072	0.000000052125
5	56621102	57340072	582	29	0.0001783850	0.000000028623
5	57340073	58524621	1147	29	0.0001339039	0.000000051821
5	58524622	60935906	1432	29	0.0002665790	0.000000055493
5	60935907	61672994	518	29	0.0001031525	0.000000025689
5	61672995	63218986	1040	29	0.0001753270	0.000000043505
5	63218987	63968303	353	26	0.0001685675	0.000000020546
5	63968304	65911285	1208	29	0.0000882604	0.000000049805
5	65911286	67850859	1478	29	0.0002437613	0.000000054682
5	67850860	71240455	852	29	0.0000252450	0.000000043341
5	71240456	73759325	1795	29	0.0004643053	0.000000060241
5	73759326	75798865	1461	29	0.0022730356	0.000000093894
5	75798866	77623331	1305	29	0.0002029742	0.000000051328
5	77623332	79393143	1136	29	0.0003070537	0.000000056584
5	79393144	80481470	849	29	0.0000974269	0.000000049626
5	80481471	82025647	881	29	0.0001947371	0.000000052310
5	82025648	83972688	1029	29	0.0000723647	0.000000050517
5	83972689	85767289	1380	29	0.0000584671	0.000000050388
5	85767290	87389990	631	29	0.0001326555	0.000000032844
5	87389991	88891529	579	29	0.0001992310	0.000000030500
5	88891530	90422653	854	29	0.0004039992	0.000000050735
5	90422654	91840541	645	29	0.0000365449	0.000000029986
5	91840542	93809983	781	29	0.0000619511	0.000000039027
5	93809984	95963518	1290	29	0.0001665007	0.000000052553
5	95963519	97315600	925	29	0.0000830280	0.000000038192
5	97315601	99260991	1115	29	0.0000898120	0.000000047535
5	99260992	101578768	1306	29	0.0001216454	0.000000051971
5	101578769	103320004	1050	29	0.0002316788	0.000000052167
5	103320005	104851482	1030	29	0.0003553072	0.000000050697
5	104851483	105893054	399	28	0.0000404374	0.000000025231
5	105893055	107264195	1162	29	0.0001243601	0.000000050632
5	107264196	108633933	897	29	0.0001576929	0.000000044143
5	108633934	110821143	1452	29	0.0001219125	0.000000052949
5	110821144	111981561	859	29	-0.0000014126	0.000000046390
5	111981562	113396284	1156	29	0.0001693951	0.000000052413
5	113396285	114830369	1090	29	0.0001067193	0.000000050544
5	114830370	115831046	882	29	0.0001419529	0.000000049135
5	115831047	117346212	1322	29	0.0003672454	0.000000058044
5	117346213	118608819	798	29	0.0002216664	0.000000051711
5	118608820	119669041	710	29	0.0002014503	0.000000042705
5	119669042	120452165	557	29	0.0000086935	0.000000027686
5	120452166	122556904	1395	29	0.0000452380	0.000000049574
5	122556905	123798099	983	29	0.0004282517	0.000000058107
5	123798100	125785648	1825	29	0.0001608008	0.000000052721
5	125785649	127344603	813	29	0.0001673131	0.000000047659
5	127344604	129519024	1526	29	0.0001062935	0.000000050994
5	129519025	132139648	1123	29	0.0002357398	0.000000044255
5	132139649	134777400	1505	29	0.0001638155	0.000000051698
5	134777401	136376049	1190	29	0.0001189431	0.000000052155
5	136376050	139265071	1194	29	0.0000497256	0.000000048305
5	139265072	140645970	570	29	0.0002405364	0.000000030684
5	140645971	142981247	1505	29	0.0003792330	0.000000057078
5	142981248	144943353	1422	29	0.0001605002	0.000000053049
5	144943354	147181997	1479	29	0.0001388665	0.000000052821
5	147181998	148662623	1153	29	0.0004561845	0.000000060712
5	148662624	150561297	1406	29	0.0004306102	0.000000058502
5	150561298	152867773	1782	29	0.0000524767	0.000000049335
5	152867774	153773087	940	29	0.0001436593	0.000000037453
5	153773088	155373504	1173	29	0.0000340892	0.000000049364
5	155373505	156628699	847	29	0.0012187903	0.000000063772
5	156628700	158825697	1835	29	0.0000816209	0.000000042507
5	158825698	159973943	713	29	0.0002437638	0.000000051653
5	159973944	161482132	1082	29	0.0000694300	0.000000046508
5	161482133	162743907	867	29	0.0001559798	0.000000045284
5	162743908	163771581	836	29	0.0000128128	0.000000042646
5	163771582	165642394	1191	29	0.0002452777	0.000000056118
5	165642395	166847739	872	29	0.0000868668	0.000000050604
5	166847740	168525317	1280	29	0.0001027243	0.000000049640
5	168525318	169505663	868	29	0.0001811467	0.000000053534
5	169505664	171074291	1198	29	0.0002433793	0.000000054618
5	171074292	172678326	1115	29	0.0000621088	0.000000049139
5	172678327	173642870	1020	29	0.0001380869	0.000000046642
5	173642871	175450594	1486	29	0.0002802622	0.000000058572
5	175450595	177251506	517	29	0.0002332881	0.000000038336
5	177251507	178413463	778	29	0.0001883248	0.000000053304
5	178413464	179401243	594	29	0.0000219461	0.000000044988
5	179401244	180559932	570	29	0.0000768003	0.000000039358
5	180559933	180885155	80	12	0.0000230149	0.000000008054
6	73924	1452361	1276	29	0.0001709156	0.000000052836
6	1452362	2458935	821	29	0.0001540474	0.000000051051
6	2458936	3573592	1007	29	0.0000730388	0.000000051481
6	3573593	4617816	1080	29	0.0002931111	0.000000056415
6	4617817	5791471	1097	29	0.0001824177	0.000000053675
6	5791472	6785206	1087	29	0.0001804457	0.000000050798
6	6785207	7808935	904	29	0.0003132890	0.000000052485
6	7808936	9020025	1202	29	0.0004363523	0.000000060367
6	9020026	10540316	1308	29	0.0001015812	0.000000051463
6	10540317	11790815	987	29	0.0001882751	0.000000053595
6	11790816	13209387	1393	29	0.0001115199	0.000000038560
6	13209388	14802923	1337	29	0.0000685676	0.000000045653
6	14802924	17386404	1896	29	0.0003864408	0.000000056679
6	17386405	19207486	1429	29	0.0003933333	0.000000058943
6	19207487	21684064	2410	29	0.0001384279	0.000000037109
6	21684065	22748306	1076	29	0.0001315656	0.000000051982
6	22748307	23936618	1150	29	0.0000420684	0.000000049240
6	23936619	24852274	729	29	0.0002405950	0.000000051907
6	24852275	25684586	1115	29	0.0002903135	0.000000041251
6	25684587	26791232	1064	29	0.0004417482	0.000000029059
6	26791233	28017818	547	27	0.0002378034	0.000000019960
6	28017819	28917607	561	26	0.0004426293	0.000000021861
6	28917608	29737970	849	29	0.0002244769	0.000000024261
6	29737971	30798167	1699	29	0.0006795234	0.000000048875
6	30798168	31571217	1565	29	0.0013632287	0.000000062105
6	31571218	32682663	1163	29	0.0015765280	0.000000061344
6	32682664	33236496	1170	29	0.0007924380	0.000000048448
6	33236497	35455755	1285	29	0.0007412701	0.000000058402
6	35455756	37572595	1395	29	0.0001786321	0.000000050108
6	37572596	39295676	1503	29	0.0002287457	0.000000052226
6	39295677	40345114	791	29	0.0002226325	0.000000046249
6	40345115	42038720	1311	29	0.0000673698	0.000000049877
6	42038721	43756168	708	29	0.0002039136	0.000000048338
6	43756169	45406562	1161	29	0.0000716932	0.000000050183
6	45406563	47311897	1493	29	0.0000862683	0.000000050996
6	47311898	48391124	873	29	0.0001270423	0.000000033851
6	48391125	50386144	1438	29	0.0000131456	0.000000039646
6	50386145	52210475	1567	29	-0.0000067239	0.000000033644
6	52210476	53279101	809	29	0.0006591324	0.000000057798
6	53279102	55468269	2015	29	0.0003619134	0.000000057421
6	55468270	56105312	639	29	0.0002741522	0.000000025362
6	56105313	57599464	772	29	0.0001250731	0.000000039902
6	57599465	61880511	384	14	0.0001264433	0.000000016227
6	61880512	63552887	1052	29	0.0001585166	0.000000032703
6	63552888	65765741	1212	29	0.0001041064	0.000000044048
6	65765742	67329214	1599	29	0.0003063941	0.000000056425
6	67329215	68849482	1341	29	0.0001291164	0.000000049295
6	68849483	69523447	579	29	0.0001870513	0.000000026670
6	69523448	71609509	1695	29	0.0000496768	0.000000050197
6	71609510	73450096	1605	29	0.0002526562	0.000000044855
6	73450097	75462002	1224	29	0.0001357234	0.000000052121
6	75462003	77414880	1022	29	0.0002118255	0.000000043143
6	77414881	78957727	1357	29	0.0001804583	0.000000040830
6	78957728	80691169	1315	29	0.0002229026	0.000000052796
6	80691170	81929221	1051	29	0.0000903269	0.000000027913
6	81929222	83127148	835	29	0.0001394823	0.000000039392
6	83127149	85209988	1174	29	0.0000835777	0.000000049356
6	85209989	87069499	1384	29	0.0002466562	0.000000048237
6	87069500	88822139	1195	29	0.0000122426	0.000000048065
6	88822140	89973051	880	29	0.0000418104	0.000000046028
6	89973052	91843195	1456	29	-0.0000052710	0.000000048663
6	91843196	93428643	1260	29	0.0000995891	0.000000051323
6	93428644	94118141	699	29	0.0000624293	0.000000031517
6	94118142	94441174	203	11	0.0000411257	0.000000007916
6	94441175	97093510	1920	29	0.0002373273	0.000000054958
6	97093511	97842283	549	29	0.0000636959	0.000000021660
6	97842284	100630145	1808	29	0.0001190289	0.000000051174
6	100630146	102636771	1296	29	0.0002407268	0.000000054561
6	102636772	103983394	927	29	-0.0000327042	0.000000030364
6	103983395	106056732	1370	29	0.0001060014	0.000000051071
6	106056733	107450305	1177	29	0.0000672185	0.000000050087
6	107450306	108464379	601	29	0.0002123232	0.000000038483
6	108464380	110304246	1041	29	0.0004942400	0.000000055463
6	110304247	112345013	1177	29	0.0000597035	0.000000050271
6	112345014	114220832	1374	29	0.0001212052	0.000000052035
6	114220833	116131395	1139	29	0.0001050404	0.000000044280
6	116131396	117672971	1025	29	0.0006946175	0.000000057286
6	117672972	118963114	1009	29	0.0000521460	0.000000023573
6	118963115	119963277	788	29	0.0001210540	0.000000028103
6	119963278	120512127	503	26	0.0000387393	0.000000017489
6	120512128	121905675	1056	29	0.0001700358	0.000000036521
6	121905676	123856180	1426	29	0.0000521467	0.000000051245
6	123856181	125424382	1251	29	0.0001668855	0.000000053214
6	125424383	127540460	1052	29	0.0002377136	0.000000044338
6	127540461	129861030	1484	29	0.0001566446	0.000000053524
6	129861031	130935453	1036	29	0.0001788917	0.000000052182
6	130935454	132765668	1348	29	0.0002169272	0.000000053332
6	132765669	134244242	1286	29	0.0005941976	0.000000057248
6	134244243	136224176	1229	29	0.0004007831	0.000000059319
6	136224177	137614217	635	29	0.0000684224	0.000000039201
6	137614218	138822628	921	29	0.0002600362	0.000000056049
6	138822629	139845435	693	29	0.0003997352	0.000000051725
6	139845436	142288478	1354	29	0.0003775794	0.000000057797
6	142288479	145319809	2129	29	0.0001849507	0.000000051937
6	145319810	146665423	885	29	0.0001654856	0.000000027577
6	146665424	148920351	1825	29	0.0001519498	0.000000052095
6	148920352	150253403	1052	29	0.0002416368	0.000000055723
6	150253404	151912702	1640	29	0.0002630296	0.000000055330
6	151912703	153094495	1021	29	0.0002443942	0.000000052758
6	153094496	154974119	1774	29	0.0001065467	0.000000050298
6	154974120	156763325	1369	29	0.0002166519	0.000000054019
6	156763326	158218718	630	29	0.0004557561	0.000000052016
6	158218719	160580496	2069	29	0.0006513126	0.000000063759
6	160580497	162169563	1505	29	0.0010696376	0.000000063153
6	162169564	162931202	696	29	0.0001375677	0.000000046440
6	162931203	164383520	1396	29	0.0000514067	0.000000048879
6	164383521	165586863	1288	29	0.0001633499	0.000000054693
6	165586864	167024732	1519	29	0.0002211697	0.000000053552
6	167024733	168042834	868	29	0.0002243756	0.000000053737
6	168042835	169382049	1223	29	0.0001162316	0.000000052653
6	169382050	170330172	814	29	0.0000890784	0.000000037570
6	170330173	171051269	472	29	0.0001945317	0.000000033521
7	16161	972751	151	21	0.0000476134	0.000000013272
7	972752	1353066	130	18	0.0006624676	0.000000030586
7	1353067	2062397	232	28	0.0002265694	0.000000025181
7	2062398	2772226	331	29	0.0001337186	0.000000028631
7	2772227	4573427	1705	29	0.0001668738	0.000000052412
7	4573428	5416231	308	29	0.0001598307	0.000000033540
7	5416232	5854525	154	19	0.0002096687	0.000000017535
7	5854526	6573856	228	29	0.0004897478	0.000000030149
7	6573857	7808751	852	29	0.0001322267	0.000000052577
7	7808752	9123422	1530	29	0.0000252616	0.000000049963
7	9123423	9987498	849	29	0.0001097191	0.000000051974
7	9987499	11299197	1160	29	0.0002046573	0.000000054417
7	11299198	12635460	1612	29	0.0002182258	0.000000053954
7	12635461	13884201	1326	29	0.0000539457	0.000000050238
7	13884202	15143656	1748	29	0.0000854523	0.000000027388
7	15143657	16902068	1585	29	0.0000742114	0.000000049826
7	16902069	19481546	2015	29	0.0004144936	0.000000058642
7	19481547	20124907	571	29	0.0001920664	0.000000036365
7	20124908	22507628	2316	29	0.0006052614	0.000000064337
7	22507629	23471441	567	29	0.0001248907	0.000000040452
7	23471442	25077258	1313	29	0.0002812538	0.000000055659
7	25077259	25909554	949	29	0.0002181345	0.000000051357
7	25909555	28360308	2145	29	0.0002805890	0.000000044663
7	28360309	31137288	2083	29	0.0002641224	0.000000055089
7	31137289	33555767	2045	29	0.0002375797	0.000000054829
7	33555768	36213537	2031	29	0.0000511150	0.000000049313
7	36213538	37555183	1143	29	0.0000969359	0.000000051283
7	37555184	38966702	1283	29	0.0001271140	0.000000051452
7	38966703	39862669	615	29	0.0000060744	0.000000030047
7	39862670	42001810	1292	29	0.0002759111	0.000000055893
7	42001811	43159073	858	29	0.0001026526	0.000000046654
7	43159074	44763827	1050	29	0.0007247415	0.000000056111
7	44763828	45952921	680	29	0.0001797683	0.000000043045
7	45952922	46986719	1010	29	0.0000654108	0.000000041701
7	46986720	49212277	1794	29	0.0000585861	0.000000048859
7	49212278	51675321	1905	29	0.0001544818	0.000000051592
7	51675322	53176311	1574	29	0.0001166890	0.000000050854
7	53176312	54222975	895	29	0.0002875585	0.000000042582
7	54222976	55691583	1128	29	0.0002592934	0.000000055521
7	55691584	57382637	597	29	0.0001221912	0.000000029962
7	57382638	63307358	419	26	0.0000728241	0.000000025062
7	63307359	63641124	145	9	0.0000844743	0.000000008148
7	63641125	65689808	714	29	0.0000757530	0.000000030025
7	65689809	68234073	1541	29	0.0001734635	0.000000052295
7	68234074	69085363	509	29	0.0000395695	0.000000027782
7	69085364	71874884	1571	29	0.0001220689	0.000000051000
7	71874885	73334601	398	29	0.0003286117	0.000000024370
7	73334602	76458563	571	29	0.0002758277	0.000000046072
7	76458564	78093858	1169	29	0.0001004478	0.000000049698
7	78093859	79888068	1427	29	0.0001610717	0.000000053226
7	79888069	82022685	1526	29	0.0002174465	0.000000053807
7	82022686	83801202	1417	29	0.0001010123	0.000000051403
7	83801203	85572181	1045	29	0.0004019425	0.000000047198
7	85572182	87825003	1197	29	0.0002586371	0.000000050782
7	87825004	90661783	2561	29	0.0002484341	0.000000055519
7	90661784	92493751	714	29	0.0000834967	0.000000036768
7	92493752	93966600	760	29	0.0001682745	0.000000046271
7	93966601	96073507	1312	29	0.0002796593	0.000000055498
7	96073508	97099569	614	29	0.0000096632	0.000000032785
7	97099570	98715473	797	29	0.0002127341	0.000000046726
7	98715474	100196650	367	29	0.0002277401	0.000000023417
7	100196651	101199252	384	29	0.0003097966	0.000000033758
7	101199253	103197509	696	29	-0.0000031246	0.000000039831
7	103197510	104159524	942	29	0.0001202450	0.000000049698
7	104159525	105682904	834	29	0.0002614511	0.000000053610
7	105682905	107780177	1405	29	0.0001382945	0.000000050700
7	107780178	109647593	1239	29	0.0001008727	0.000000049491
7	109647594	112618683	1620	29	0.0000474085	0.000000049302
7	112618684	113712386	544	29	0.0000761082	0.000000026359
7	113712387	116780177	1608	29	0.0000907623	0.000000043846
7	116780178	118351580	894	29	0.0002376961	0.000000034791
7	118351581	121045272	1098	29	0.0002486583	0.000000045295
7	121045273	121933629	439	29	0.0002152623	0.000000026137
7	121933630	124156804	1599	29	0.0002459647	0.000000054983
7	124156805	124167551	9	2	0.0000241109	0.000000001293
7	124167552	126519169	1809	29	0.0001837200	0.000000054287
7	126519170	126869220	380	22	-0.0000120223	0.000000013193
7	126869221	128778385	1061	29	0.0001926826	0.000000050623
7	128778386	130422413	736	29	0.0001558911	0.000000045501
7	130422414	132805847	1710	29	0.0001486442	0.000000051306
7	132805848	134307595	1012	29	0.0001336093	0.000000044273
7	134307596	135591082	959	29	0.0001666601	0.000000051010
7	135591083	136876561	946	29	0.0001138198	0.000000045071
7	136876562	138744678	1091	29	0.0001454446	0.000000052108
7	138744679	139933176	494	29	0.0001231688	0.000000033184
7	139933177	140235209	169	28	0.0000575796	0.000000013906
7	140235210	141226556	519	29	0.0002074959	0.000000032121
7	141226557	142656309	684	29	0.0003791813	0.000000037645
7	142656310	144968288	1125	29	0.0002908225	0.000000056129
7	144968289	146427959	1042	29	0.0000867330	0.000000044009
7	146427960	147815317	1417	29	0.0002076970	0.000000054400
7	147815318	149840657	1037	29	0.0002450849	0.000000055001
7	149840658	150711504	590	29	0.0003083869	0.000000035038
7	150711505	152249805	711	29	0.0000919151	0.000000052625
7	152249806	153674018	951	29	0.0001548261	0.000000054607
7	153674019	154964729	955	29	0.0001520519	0.000000054912
7	154964730	156065249	877	29	0.0003262620	0.000000061129
7	156065250	157634596	916	29	0.0001309552	0.000000049262
7	157634597	159128574	820	29	0.0000222181	0.000000049248
8	10422	1044216	692	29	0.0000520113	0.000000049230
8	1044217	1163244	125	15	0.0001207560	0.000000012721
8	1163245	2042941	721	29	0.0000945388	0.000000049373
8	2042942	2573278	560	29	0.0001505983	0.000000046344
8	2573279	3392925	1108	29	0.0002198882	0.000000053228
8	3392926	3783016	865	29	0.0002172223	0.000000054572
8	3783017	4480475	1272	29	0.0002189768	0.000000052970
8	4480476	5146926	956	29	0.0000887132	0.000000050623
8	5146927	6142796	1741	29	0.0001528955	0.000000052094
8	6142797	7153078	915	29	0.0003722962	0.000000059954
8	7153079	9154693	1126	29	0.0002865381	0.000000051454
8	9154694	9640786	583	29	0.0016007814	0.000000053561
8	9640787	10463196	922	29	0.0002605232	0.000000050988
8	10463197	11278997	857	29	0.0000823532	0.000000035363
8	11278998	13491774	1471	29	0.0002020749	0.000000050660
8	13491775	13944991	692	29	0.0001858946	0.000000043357
8	13944992	15991659	2223	29	0.0001290529	0.000000051474
8	15991660	17387875	1144	29	0.0002060923	0.000000053856
8	17387876	17836398	525	29	-0.0000270010	0.000000033345
8	17836399	19492839	1820	29	0.0005460066	0.000000059707
8	19492840	20060855	764	29	0.0001229900	0.000000031366
8	20060856	21661736	1537	29	0.0000759162	0.000000051036
8	21661737	22897056	693	29	0.0004897248	0.000000061437
8	22897057	24674717	1258	29	0.0003839172	0.000000056825
8	24674718	25483453	527	29	0.0000626039	0.000000027513
8	25483454	26682524	1146	29	0.0001606821	0.000000049539
8	26682525	28162391	1491	29	0.0001539352	0.000000052449
8	28162392	29327895	651	29	0.0000663355	0.000000034567
8	29327896	31133728	1058	29	0.0000986212	0.000000050127
8	31133729	31548359	271	27	0.0001891469	0.000000019290
8	31548360	32977217	1035	29	0.0004027129	0.000000053939
8	32977218	35317231	1431	29	0.0003628548	0.000000052218
8	35317232	37379388	803	29	0.0001611253	0.000000041629
8	37379389	38938805	542	29	0.0000781140	0.000000033574
8	38938806	40703336	1164	29	0.0001119950	0.000000050804
8	40703337	41721453	734	29	0.0001613406	0.000000048022
8	41721454	42773822	300	27	0.0000443980	0.000000018517
8	42773823	46841314	106	10	-0.0000136307	0.000000005963
8	46841315	50082469	823	29	0.0001449427	0.000000041367
8	50082470	53302929	2233	29	0.0002822501	0.000000057029
8	53302930	54418043	807	29	0.0001340548	0.000000036359
8	54418044	55945580	1013	29	0.0004156332	0.000000053633
8	55945581	56956382	720	29	0.0000628434	0.000000035254
8	56956383	59068650	1611	29	0.0001200458	0.000000050788
8	59068651	59728099	617	29	0.0007965742	0.000000048925
8	59728100	62329098	1755	29	0.0000588618	0.000000050323
8	62329099	63349305	753	29	0.0001528222	0.000000032367
8	63349306	65232871	1282	29	0.0000494996	0.000000048024
8	65232872	66489089	733	29	0.0000967991	0.000000036419
8	66489090	69863056	1746	29	0.0000367611	0.000000048722
8	69863057	70867978	891	29	0.0001636232	0.000000051321
8	70867979	72289453	981	29	0.0001620094	0.000000044934
8	72289454	73817198	1495	29	0.0000471697	0.000000049225
8	73817199	75445063	1146	29	0.0002023552	0.000000052736
8	75445064	76456541	697	29	0.0002503453	0.000000034243
8	76456542	79132860	1824	29	0.0000584538	0.000000049344
8	79132861	81956394	1549	29	0.0001730119	0.000000053004
8	81956395	82693738	507	29	0.0000545035	0.000000023995
8	82693739	84225588	1181	29	0.0001677085	0.000000041079
8	84225589	85955618	956	29	0.0001964213	0.000000038741
8	85955619	87411708	512	29	0.0001395191	0.000000024944
8	87411709	89085480	1094	29	0.0001421485	0.000000048030
8	89085481	90638161	950	29	0.0000603258	0.000000037976
8	90638162	93554385	1513	29	0.0000234591	0.000000049695
8	93554386	95005526	771	29	0.0001865914	0.000000045118
8	95005527	96534805	1142	29	0.0002878671	0.000000053677
8	96534806	99401580	2056	29	0.0000675101	0.000000049309
8	99401581	101620957	810	29	0.0002031595	0.000000038599
8	101620958	104123305	1894	29	0.0001951577	0.000000052890
8	104123306	104988751	700	29	0.0001867852	0.000000027168
8	104988752	107410753	1819	29	-0.0000326072	0.000000046960
8	107410754	108648176	1091	29	0.0002469556	0.000000048168
8	108648177	109248172	509	29	0.0001611534	0.000000021733
8	109248173	110484313	946	29	-0.0000402550	0.000000027097
8	110484314	111850846	735	29	0.0002859355	0.000000033535
8	111850847	113064319	743	29	0.0001741771	0.000000024626
8	113064320	116096494	2139	29	0.0001381851	0.000000052552
8	116096495	119685456	2547	29	0.0004468046	0.000000058922
8	119685457	121201699	1212	29	0.0001172057	0.000000049798
8	121201700	124861458	2672	29	0.0002072786	0.000000053393
8	124861459	125683718	575	29	0.0001783949	0.000000036055
8	125683719	126410916	473	29	0.0004432490	0.000000039261
8	126410917	128659110	1864	29	0.0020433108	0.000000096097
8	128659111	130381138	1454	29	0.0001596001	0.000000051736
8	130381139	131639624	936	29	0.0001798590	0.000000050891
8	131639625	133351143	1606	29	0.0002309273	0.000000054867
8	133351144	134570000	1376	29	0.0002131428	0.000000053889
8	134570001	136035604	1573	29	0.0002691401	0.000000054110
8	136035605	137524150	1264	29	0.0000442790	0.000000049858
8	137524151	139254829	1742	29	0.0000655382	0.000000053489
8	139254830	140725642	1410	29	0.0001015378	0.000000052225
8	140725643	143044913	1477	29	0.0001134841	0.000000051570
8	143044914	144236880	681	29	0.0001651556	0.000000045143
8	144236881	146303866	561	29	0.0005494698	0.000000058618
9	10023	1079706	1008	29	0.0001574839	0.000000051161
9	1079707	1916876	1205	29	0.0002565231	0.000000055301
9	1916877	3190063	1438	29	0.0000793290	0.000000050867
9	3190064	4495327	1416	29	0.0001801813	0.000000045899
9	4495328	4884925	426	29	0.0000850223	0.000000031567
9	4884926	6557588	1041	29	0.0000028542	0.000000046971
9	6557589	7154922	583	29	0.0001608910	0.000000043876
9	7154923	8456298	1806	29	0.0001811475	0.000000053333
9	8456299	9166402	770	29	0.0001501793	0.000000051973
9	9166403	10879252	2036	29	0.0000504240	0.000000049630
9	10879253	12276488	1421	29	0.0001765939	0.000000053556
9	12276489	14836362	2538	29	0.0000993167	0.000000051052
9	14836363	16659654	1644	29	0.0002775228	0.000000051097
9	16659655	18661050	2027	29	0.0003636457	0.000000057016
9	18661051	20463533	1586	29	0.0005830109	0.000000064288
9	20463534	22206558	1500	29	0.0000112640	0.000000041428
9	22206559	24158517	1340	29	0.0001175099	0.000000050862
9	24158518	25330809	702	29	0.0001363028	0.000000050208
9	25330810	26111756	594	29	-0.0000145951	0.000000045870
9	26111757	28224282	1930	29	0.0001823948	0.000000053531
9	28224283	28811583	616	29	0.0000501329	0.000000025066
9	28811584	30387391	1521	29	0.0002928135	0.000000056260
9	30387392	31310382	808	29	0.0001814042	0.000000034587
9	31310383	32019367	639	29	0.0000278991	0.000000022082
9	32019368	33578333	1267	29	0.0001561949	0.000000052979
9	33578334	34642242	564	29	0.0003278298	0.000000028490
9	34642243	36743282	1007	29	0.0001500114	0.000000050828
9	36743283	38641598	1356	29	0.0001074016	0.000000051161
9	38641599	65472189	187	27	0.0002057919	0.000000019190
9	65472190	72512710	1085	29	0.0001393808	0.000000049667
9	72512711	72753754	212	15	0.0000994952	0.000000010249
9	72753755	74253039	1212	29	0.0001241562	0.000000051250
9	74253040	76203945	1215	29	0.0001679457	0.000000052906
9	76203946	76973080	518	29	0.0000563193	0.000000020962
9	76973081	78900182	1681	29	0.0002464312	0.000000049129
9	78900183	79471207	483	29	0.0001135991	0.000000036455
9	79471208	81079054	1139	29	0.0002175450	0.000000053375
9	81079055	82590927	1267	29	0.0000826385	0.000000049408
9	82590928	84211232	1639	29	0.0002768151	0.000000056803
9	84211233	85440800	641	29	0.0002037100	0.000000045047
9	85440801	86938195	1284	29	0.0001357881	0.000000051422
9	86938196	88109332	958	29	0.0000429730	0.000000046704
9	88109333	88590416	202	18	0.0000866794	0.000000013292
9	88590417	90136245	1186	29	0.0002739547	0.000000055480
9	90136246	92528697	1648	29	0.0001460197	0.000000052146
9	92528698	94167202	1221	29	0.0001538224	0.000000052270
9	94167203	96671697	1586	29	0.0001637677	0.000000052726
9	96671698	98922039	1235	29	0.0000762860	0.000000048237
9	98922040	101592858	1538	29	0.0001252008	0.000000050467
9	101592859	104624436	2131	29	0.0001084132	0.000000051199
9	104624437	105967975	1512	29	0.0001907866	0.000000054030
9	105967976	107581748	1656	29	0.0002676390	0.000000055917
9	107581749	109298753	1248	29	0.0018575310	0.000000090671
9	109298754	110695061	1072	29	0.0002416068	0.000000054257
9	110695062	112778023	2277	29	0.0002867744	0.000000055206
9	112778024	114831081	1780	29	0.0000557555	0.000000049262
9	114831082	115693144	682	29	0.0001532139	0.000000033156
9	115693145	117019800	1171	29	0.0001528564	0.000000052855
9	117019801	117921959	887	29	0.0002998003	0.000000054682
9	117921960	121321536	3029	29	0.0002359952	0.000000054458
9	121321537	122260296	794	29	-0.0000168709	0.000000037587
9	122260297	124871321	1580	29	0.0000933780	0.000000050251
9	124871322	126971886	1210	29	0.0001127349	0.000000050337
9	126971887	129059664	953	29	0.0001919981	0.000000052782
9	129059665	130055509	619	29	0.0000641504	0.000000034946
9	130055510	132165469	907	29	0.0002253536	0.000000052939
9	132165470	133223216	597	29	0.0001992434	0.000000045852
9	133223217	134127887	542	29	0.0001029789	0.000000043705
9	134127888	135298841	731	29	0.0001697111	0.000000048521
9	135298842	137041121	1455	29	0.0011501903	0.000000074084
9	137041122	137589363	372	29	0.0001804290	0.000000038459
9	137589364	138938977	1134	29	-0.0000115639	0.000000051352
9	138938978	139500341	206	27	0.0001209502	0.000000020546
9	139500342	141144795	366	29	0.0003316432	0.000000040536
10	60523	751338	224	18	0.0000585963	0.000000019098
10	751339	1523543	624	29	0.0000273971	0.000000040651
10	1523544	2254499	935	29	0.0002395671	0.000000055716
10	2254500	3352698	1280	29	0.0001926604	0.000000054870
10	3352699	4572273	1239	29	0.0002105039	0.000000053530
10	4572274	5983761	1381	29	0.0002639014	0.000000054710
10	5983762	7171483	1245	29	0.0001296036	0.000000051426
10	7171484	8774664	1582	29	0.0000645365	0.000000050467
10	8774665	10249395	1226	29	0.0001077281	0.000000052052
10	10249396	12586796	2021	29	0.0001720592	0.000000050133
10	12586797	13321599	753	29	0.0000778805	0.000000050332
10	13321600	15026067	1636	29	0.0001279729	0.000000051580
10	15026068	16551766	1106	29	-0.0000127968	0.000000048951
10	16551767	18537266	1514	29	0.0004525590	0.000000059156
10	18537267	19716877	1264	29	0.0001350279	0.000000050560
10	19716878	22772282	2026	29	0.0000986243	0.000000050604
10	22772283	23175131	274	20	0.0000765951	0.000000017550
10	23175132	25578595	1540	29	0.0001211343	0.000000051614
10	25578596	26888683	1268	29	0.0001418158	0.000000048716
10	26888684	29323235	1920	29	0.0003403604	0.000000057354
10	29323236	29783691	527	29	0.0001086311	0.000000032423
10	29783692	30458837	713	29	0.0001410418	0.000000046762
10	30458838	31907518	1026	29	0.0001013244	0.000000051861
10	31907519	33707967	1315	29	0.0000646093	0.000000047962
10	33707968	35109354	1026	29	0.0001994669	0.000000052055
10	35109355	36572507	906	29	0.0001418732	0.000000045618
10	36572508	37790028	751	29	0.0001806759	0.000000039552
10	37790029	42372578	579	18	0.0000702106	0.000000014919
10	42372579	43894770	675	29	0.0001891316	0.000000037721
10	43894771	44730074	866	29	0.0001444578	0.000000025451
10	44730075	48760449	1558	29	0.0004647816	0.000000054652
10	48760450	50840914	1280	29	0.0002683112	0.000000054656
10	50840915	53616628	1469	29	0.0000197721	0.000000048630
10	53616629	55103571	1483	29	0.0001324071	0.000000052007
10	55103572	57031139	1960	29	0.0002904694	0.000000057022
10	57031140	57662145	512	25	0.0000404451	0.000000015855
10	57662146	58959527	1240	29	0.0002468016	0.000000035866
10	58959528	60289986	1115	29	0.0000597838	0.000000035594
10	60289987	61891408	1142	29	0.0000558332	0.000000049341
10	61891409	62659678	654	29	0.0001199739	0.000000030741
10	62659679	63341694	324	26	0.0001693895	0.000000020547
10	63341695	65794113	1869	29	0.0003393454	0.000000049527
10	65794114	67549614	1248	29	0.0001853543	0.000000049427
10	67549615	69900147	2003	29	0.0001290389	0.000000051960
10	69900148	70195990	191	14	0.0000733454	0.000000010395
10	70195991	72220849	1533	29	0.0002356657	0.000000051268
10	72220850	73508511	1346	29	0.0000816787	0.000000050958
10	73508512	75422549	688	29	0.0000814172	0.000000030547
10	75422550	78706813	1594	29	0.0002031998	0.000000052783
10	78706814	80876748	1892	29	0.0000989159	0.000000050650
10	80876749	82414678	984	29	0.0002149736	0.000000052471
10	82414679	84383744	1574	29	-0.0000221023	0.000000047915
10	84383745	85458702	1144	29	0.0000391424	0.000000038551
10	85458703	87937576	2184	29	0.0000484180	0.000000050654
10	87937577	89127063	481	29	0.0003037431	0.000000034078
10	89127064	91013380	1402	29	0.0000992030	0.000000049858
10	91013381	92006580	834	29	0.0002378918	0.000000045479
10	92006581	93335046	1002	29	0.0001565005	0.000000048169
10	93335047	95396367	1252	29	0.0005919379	0.000000057235
10	95396368	96221242	540	29	0.0001846180	0.000000029741
10	96221243	97822356	1027	29	0.0003038765	0.000000048636
10	97822357	100241301	1503	29	0.0001122802	0.000000050679
10	100241302	100668399	336	18	0.0000450669	0.000000013828
10	100668400	102949238	1286	29	0.0002110654	0.000000051529
10	102949239	104380409	560	29	0.0002673615	0.000000023769
10	104380410	106695047	1577	29	0.0001105710	0.000000038612
10	106695048	108726685	1594	29	0.0000957603	0.000000052170
10	108726686	110317704	1452	29	0.0001007376	0.000000051455
10	110317705	112561492	1614	29	-0.0000170755	0.000000048802
10	112561493	115328431	2050	29	0.0005272922	0.000000057277
10	115328432	116421405	907	29	0.0001499570	0.000000051712
10	116421406	119523933	1999	29	0.0002928275	0.000000056463
10	119523934	120591352	755	29	0.0001522172	0.000000049358
10	120591353	122407322	1235	29	0.0002407947	0.000000054616
10	122407323	123231464	732	29	0.0001214943	0.000000046637
10	123231465	123900544	488	29	0.0000208210	0.000000031023
10	123900545	125869345	1456	29	0.0002699795	0.000000053365
10	125869346	128001097	1785	29	0.0002076410	0.000000053411
10	128001098	129154361	945	29	0.0001748258	0.000000053404
10	129154362	130844283	1698	29	0.0001831409	0.000000053110
10	130844284	131741326	813	29	0.0001068653	0.000000047743
10	131741327	132580244	896	29	0.0000769233	0.000000046816
10	132580245	134336328	1716	29	0.0001481258	0.000000052085
10	134336329	134494672	58	6	0.0002196562	0.000000009042
10	134494673	135523864	433	29	0.0001661069	0.000000036706
11	70855	1213589	353	29	0.0001458957	0.000000028674
11	1213590	3665480	1846	29	0.0001532464	0.000000043857
11	3665481	4746708	849	29	0.0001729261	0.000000051132
11	4746709	6322868	2117	29	0.0000898278	0.000000051235
11	6322869	7436700	1004	29	0.0001754441	0.000000053292
11	7436701	8333273	826	29	0.0002281826	0.000000052267
11	8333274	9087316	627	29	0.0002164996	0.000000027979
11	9087317	10952026	1396	29	0.0005167739	0.000000049709
11	10952027	12564228	1970	29	0.0001296375	0.000000051221
11	12564229	13373123	785	29	0.0000782620	0.000000042964
11	13373124	15742551	1626	29	0.0001897072	0.000000053319
11	15742552	17578401	1303	29	0.0004980608	0.000000048002
11	17578402	19569534	1469	29	0.0003844403	0.000000058423
11	19569535	21017137	1372	29	0.0000253613	0.000000049726
11	21017138	22374141	1182	29	0.0002373346	0.000000054357
11	22374142	24088516	1486	29	0.0000242303	0.000000049842
11	24088517	26045752	1748	29	0.0000824109	0.000000052026
11	26045753	27020460	813	29	0.0001303868	0.000000039273
11	27020461	28481592	833	29	0.0000704271	0.000000030138
11	28481593	30141356	973	29	0.0002079314	0.000000045375
11	30141357	32276900	1283	29	0.0003593008	0.000000057539
11	32276901	33958738	1012	29	0.0003116322	0.000000057018
11	33958739	35502604	1563	29	0.0001603984	0.000000052685
11	35502605	37116814	1360	29	0.0000388843	0.000000049404
11	37116815	39382002	1478	29	0.0001477524	0.000000049662
11	39382003	42310002	2226	29	0.0000511773	0.000000050671
11	42310003	44693798	1913	29	0.0002149355	0.000000053215
11	44693799	47006136	1507	29	0.0002821379	0.000000042954
11	47006137	49866049	1337	29	0.0006692335	0.000000039518
11	49866050	54695472	434	10	0.0002525255	0.000000015924
11	54695473	55082656	35	5	0.0000325768	0.000000002944
11	55082657	58457494	2699	29	0.0003537081	0.000000059523
11	58457495	58780548	179	10	-0.0000107939	0.000000005696
11	58780549	62223770	1832	29	0.0011713155	0.000000075200
11	62223771	63804568	455	29	0.0002017059	0.000000030448
11	63804569	65898630	707	29	0.0002592221	0.000000047543
11	65898631	68005824	464	29	0.0001373282	0.000000030769
11	68005825	69516129	840	29	0.0001723920	0.000000050117
11	69516130	70926291	849	29	0.0002094585	0.000000054338
11	70926292	72286016	599	29	0.0001948836	0.000000035706
11	72286017	74412350	1065	29	0.0002919517	0.000000050002
11	74412351	76797208	1268	29	0.0000668398	0.000000048951
11	76797209	78355057	776	29	0.0003170324	0.000000039742
11	78355058	80722372	2065	29	-0.0000195966	0.000000047804
11	80722373	81266711	635	29	0.0000636426	0.000000032736
11	81266712	84381271	2571	29	0.0002053973	0.000000054248
11	84381272	86619300	1514	29	0.0001506813	0.000000052352
11	86619301	87430234	719	29	0.0002165889	0.000000035334
11	87430235	89208935	1171	29	0.0002541013	0.000000054433
11	89208936	90966489	984	29	0.0001581772	0.000000039032
11	90966490	92077143	831	29	0.0000261436	0.000000035205
11	92077144	93276156	819	29	0.0000576675	0.000000036993
11	93276157	94242259	548	29	0.0004646360	0.000000035893
11	94242260	95726040	1137	29	0.0002712542	0.000000055974
11	95726041	97057057	948	29	0.0000967486	0.000000051516
11	97057058	98705064	1361	29	0.0000770134	0.000000049847
11	98705065	100417168	1770	29	0.0000868620	0.000000050637
11	100417169	101331120	1075	29	0.0000368380	0.000000033994
11	101331121	103959635	2428	29	0.0000071989	0.000000048066
11	103959636	104873283	660	29	0.0001143349	0.000000023284
11	104873284	106520893	1135	29	0.0001669583	0.000000045286
11	106520894	107844199	985	29	0.0001243823	0.000000051521
11	107844200	108437036	213	13	0.0000497534	0.000000009975
11	108437037	109866115	719	29	0.0001159900	0.000000040470
11	109866116	111114396	991	29	0.0002840255	0.000000052760
11	111114397	112459487	687	29	0.0001871960	0.000000037129
11	112459488	114257727	1493	29	0.0001971408	0.000000052542
11	114257728	114830665	486	29	0.0003054623	0.000000029140
11	114830666	116383347	1161	29	0.0001296789	0.000000051925
11	116383348	117747109	1166	29	0.0031192907	0.000000111450
11	117747110	119215475	812	29	0.0003248045	0.000000055267
11	119215476	120766805	1068	29	0.0000680319	0.000000049266
11	120766806	121175942	397	28	0.0001637024	0.000000024617
11	121175943	122591909	923	29	0.0006609155	0.000000065390
11	122591910	123500116	660	29	0.0000551190	0.000000047871
11	123500117	124495527	981	29	-0.0000112612	0.000000035120
11	124495528	126311319	1400	29	0.0006060627	0.000000061622
11	126311320	127316678	1036	29	0.0002553014	0.000000054802
11	127316679	128188536	631	29	0.0001331912	0.000000034986
11	128188537	130342574	1437	29	0.0002621183	0.000000054889
11	130342575	131074611	709	29	0.0000932611	0.000000047880
11	131074612	133000045	1966	29	0.0000978300	0.000000051792
11	133000046	134205992	903	29	0.0002075798	0.000000054161
11	134205993	134946451	828	29	0.0002802374	0.000000054954
12	61107	1080330	515	29	0.0000403709	0.000000034447
12	1080331	2544785	827	29	0.0001036433	0.000000052912
12	2544786	3677036	865	29	0.0002148720	0.000000053547
12	3677037	4417678	624	29	0.0000304221	0.000000043146
12	4417679	5321471	868	29	0.0000893663	0.000000050261
12	5321472	6419752	994	29	0.0002956541	0.000000054980
12	6419753	8377535	816	29	0.0002692495	0.000000054250
12	8377536	9031394	228	28	0.0000254274	0.000000017401
12	9031395	10481533	1038	29	0.0002280432	0.000000054204
12	10481534	11754845	739	29	0.0001719099	0.000000040732
12	11754846	12733527	727	29	0.0001923429	0.000000053688
12	12733528	15241483	1909	29	0.0002034018	0.000000053924
12	15241484	16310459	465	29	0.0001354036	0.000000030781
12	16310460	18087872	1286	29	0.0000191272	0.000000048753
12	18087873	20863942	2214	29	0.0000084611	0.000000046578
12	20863943	23820633	2119	29	0.0001597574	0.000000050962
12	23820634	25371082	1428	29	0.0003406890	0.000000057338
12	25371083	27799772	2147	29	0.0001287787	0.000000048400
12	27799773	29651254	1523	29	0.0004540121	0.000000059805
12	29651255	30512405	1166	29	0.0000329421	0.000000047717
12	30512406	32165591	1328	29	0.0000308747	0.000000047639
12	32165592	33076988	826	29	0.0001447147	0.000000044983
12	33076989	37856716	1021	29	0.0002774192	0.000000037475
12	37856717	39227168	456	17	0.0002043625	0.000000019219
12	39227169	40816184	1296	29	0.0002832448	0.000000051265
12	40816185	41658585	805	29	0.0000380435	0.000000030552
12	41658586	43984473	2099	29	0.0000046479	0.000000048784
12	43984474	46024228	1086	29	0.0000461792	0.000000041629
12	46024229	47714792	907	29	0.0003305982	0.000000053474
12	47714793	49001865	997	29	0.0002066980	0.000000052749
12	49001866	51776493	1023	29	0.0003781044	0.000000053907
12	51776494	53039003	1066	29	0.0003361677	0.000000056397
12	53039004	54778822	962	29	0.0002737337	0.000000053770
12	54778823	55665836	571	29	0.0002065604	0.000000033592
12	55665837	57548859	646	29	0.0003265126	0.000000039082
12	57548860	59308665	835	29	0.0002372377	0.000000042408
12	59308666	61123728	1082	29	0.0001118305	0.000000045049
12	61123729	64032460	2322	29	0.0001662392	0.000000053103
12	64032461	65559694	712	29	0.0001365402	0.000000042505
12	65559695	67181143	1001	29	0.0001668554	0.000000049673
12	67181144	67909728	702	29	0.0000932778	0.000000030190
12	67909729	69826541	1469	29	0.0000851230	0.000000050210
12	69826542	70957986	1100	29	0.0000263132	0.000000043897
12	70957987	72645074	1185	29	0.0002579895	0.000000052344
12	72645075	73818453	728	29	0.0001445765	0.000000034966
12	73818454	76511313	1740	29	0.0001099641	0.000000051870
12	76511314	78570569	1607	29	0.0000692615	0.000000050051
12	78570570	80448149	906	29	0.0003088918	0.000000050826
12	80448150	81467766	737	29	0.0003580352	0.000000037207
12	81467767	83502665	1289	29	0.0002347847	0.000000054635
12	83502666	84303843	615	29	0.0002064465	0.000000026294
12	84303844	85990425	1032	29	0.0001472127	0.000000034872
12	85990426	89682121	1950	29	0.0002032291	0.000000054453
12	89682122	92066154	1582	29	0.0002632719	0.000000049351
12	92066155	94514566	1774	29	0.0003703645	0.000000058543
12	94514567	96020784	1150	29	0.0002425891	0.000000053961
12	96020785	97108838	843	29	0.0000342619	0.000000046728
12	97108839	99305986	1740	29	0.0001572643	0.000000052255
12	99305987	101447640	1368	29	0.0002817706	0.000000055594
12	101447641	101862689	262	21	0.0001023153	0.000000016422
12	101862690	102964985	724	29	0.0000903946	0.000000029009
12	102964986	104848695	1451	29	0.0000803161	0.000000049860
12	104848696	106436212	1450	29	0.0000894334	0.000000051111
12	106436213	106958747	405	29	0.0001000717	0.000000027376
12	106958748	109025900	1353	29	-0.0000639640	0.000000045906
12	109025901	110336718	895	29	0.0004704253	0.000000041493
12	110336719	113263517	1084	29	0.0005781847	0.000000037625
12	113263518	113986708	364	29	0.0001544606	0.000000025890
12	113986709	115036601	1047	29	0.0000756973	0.000000049359
12	115036602	115503215	446	29	0.0001543950	0.000000019681
12	115503216	117087470	1270	29	0.0001355027	0.000000049645
12	117087471	118135374	784	29	0.0000472124	0.000000050450
12	118135375	119754109	1225	29	0.0000255213	0.000000048494
12	119754110	122007650	1225	29	0.0004581281	0.000000051560
12	122007651	124977979	1065	29	0.0004006634	0.000000052747
12	124977980	126445504	1104	29	0.0005994774	0.000000063340
12	126445505	127875097	1326	29	0.0001126201	0.000000052045
12	127875098	129237296	1344	29	0.0002071388	0.000000055415
12	129237297	130377920	1220	29	0.0004322497	0.000000060377
12	130377921	131786750	1363	29	0.0000339357	0.000000050260
12	131786751	132807033	614	29	0.0000587848	0.000000039477
12	132807034	133841510	320	29	0.0002429735	0.000000026251
13	19020013	20686719	704	29	0.0002371418	0.000000042357
13	20686720	22242173	1090	29	0.0002008240	0.000000056342
13	22242174	23594701	1249	29	0.0000872719	0.000000054203
13	23594702	24531936	972	29	0.0002957135	0.000000056475
13	24531937	25784361	1171	29	0.0002643515	0.000000057438
13	25784362	27284361	1123	29	0.0003341562	0.000000058040
13	27284362	29257550	1564	29	0.0002280712	0.000000055578
13	29257551	30483266	1016	29	0.0000071624	0.000000049616
13	30483267	32301814	1456	29	0.0001124687	0.000000053072
13	32301815	33776902	1150	29	0.0004516642	0.000000059283
13	33776903	35026463	975	29	0.0001230727	0.000000048941
13	35026464	36046366	459	29	0.0002345975	0.000000032437
13	36046367	37498184	1232	29	0.0003259676	0.000000059107
13	37498185	38878162	1356	29	0.0001241571	0.000000052028
13	38878163	41069262	1775	29	0.0000828598	0.000000051949
13	41069263	43101026	1253	29	0.0003932347	0.000000059276
13	43101027	44901408	1582	29	0.0002040302	0.000000055319
13	44901409	46495213	959	29	0.0000654701	0.000000051991
13	46495214	47431078	680	29	0.0001692578	0.000000039877
13	47431079	49383961	1371	29	0.0001084019	0.000000052602
13	49383962	51591090	1372	29	0.0001346364	0.000000048888
13	51591091	53339621	681	29	0.0000283024	0.000000045307
13	53339622	54682863	1144	29	0.0001351346	0.000000053165
13	54682864	55817130	843	29	0.0001293185	0.000000033923
13	55817131	57554216	929	29	0.0001616027	0.000000030372
13	57554217	58410625	541	29	0.0000149946	0.000000016735
13	58410626	59302270	667	29	0.0000939493	0.000000022896
13	59302271	60854777	1277	29	0.0000847803	0.000000052441
13	60854778	61591948	669	29	0.0001164933	0.000000031983
13	61591949	63971558	1860	29	0.0000582890	0.000000051511
13	63971559	65200601	1044	29	0.0002991949	0.000000038006
13	65200602	67844452	1661	29	0.0001706988	0.000000053995
13	67844453	70724515	2550	29	0.0001219374	0.000000053300
13	70724516	71526790	707	29	0.0000528509	0.000000042760
13	71526791	73934088	1713	29	0.0000366943	0.000000049912
13	73934089	75670142	1449	29	0.0001811714	0.000000053331
13	75670143	77410554	1603	29	0.0002027869	0.000000054837
13	77410555	78808812	960	29	0.0001753983	0.000000044248
13	78808813	80585675	1202	29	0.0001283653	0.000000053042
13	80585676	82581813	1520	29	0.0000835174	0.000000052117
13	82581814	84133143	1105	29	0.0001723323	0.000000038955
13	84133144	85610915	1060	29	0.0000797995	0.000000043903
13	85610916	88559881	2102	29	0.0002866191	0.000000057711
13	88559882	90521310	1311	29	0.0000030737	0.000000044591
13	90521311	93129690	2042	29	0.0000796982	0.000000051767
13	93129691	93586454	285	22	0.0000289708	0.000000016003
13	93586455	96087557	2120	29	0.0002128079	0.000000054282
13	96087558	97519209	740	29	0.0001525405	0.000000038957
13	97519210	98938918	816	29	0.0001012359	0.000000051524
13	98938919	100574094	1481	29	0.0001088278	0.000000053338
13	100574095	102300522	1495	29	0.0000955813	0.000000052387
13	102300523	104066709	1812	29	0.0001399421	0.000000053765
13	104066710	104844113	735	29	0.0000188271	0.000000038984
13	104844114	106247553	1424	29	0.0001660492	0.000000055246
13	106247554	106749999	596	29	0.0001660388	0.000000037121
13	106750000	108189876	1226	29	0.0000497638	0.000000050208
13	108189877	109121209	922	29	0.0000960432	0.000000053343
13	109121210	109815111	739	29	0.0002162821	0.000000043071
13	109815112	111232072	1594	29	0.0000555285	0.000000038841
13	111232073	112247591	811	29	0.0003402816	0.000000056692
13	112247592	113572487	909	29	0.0001108739	0.000000053643
13	113572488	115109852	554	29	0.0002886980	0.000000044395
14	19002084	21589401	973	29	0.0000065612	0.000000048653
14	21589402	23018664	1422	29	0.0000485276	0.000000049200
14	23018665	24905122	1146	29	0.0003733822	0.000000058947
14	24905123	26135685	1234	29	0.0002481441	0.000000055397
14	26135686	28466532	1589	29	0.0000321634	0.000000050343
14	28466533	29972144	880	29	0.0001630660	0.000000045184
14	29972145	32383264	1200	29	0.0002713911	0.000000052111
14	32383265	34846250	2139	29	0.0000366967	0.000000049748
14	34846251	35859592	461	29	0.0000503026	0.000000026088
14	35859593	38667724	1596	29	0.0000952826	0.000000050548
14	38667725	40341989	1131	29	0.0002385837	0.000000055187
14	40341990	41615501	1073	29	0.0002318148	0.000000037173
14	41615502	43137388	944	29	0.0002180302	0.000000041392
14	43137389	44543226	933	29	-0.0000146732	0.000000042450
14	44543227	46081895	775	29	0.0001557068	0.000000038179
14	46081896	46749129	506	22	0.0000338598	0.000000015265
14	46749130	48573585	1512	29	-0.0000308235	0.000000047708
14	48573586	49005470	288	18	0.0001060128	0.000000014273
14	49005471	50507759	948	29	0.0002479345	0.000000055547
14	50507760	51493571	678	29	0.0001850709	0.000000044016
14	51493572	53474382	1570	29	0.0000824533	0.000000049782
14	53474383	53997830	393	26	0.0001317017	0.000000019870
14	53997831	55233680	778	29	0.0000805233	0.000000049480
14	55233681	56216879	552	29	0.0000857100	0.000000027528
14	56216880	57481261	1279	29	0.0001046450	0.000000051866
14	57481262	59448335	1432	29	0.0001184255	0.000000051960
14	59448336	61680423	1371	29	0.0002818342	0.000000055424
14	61680424	63790014	1598	29	0.0001124366	0.000000050360
14	63790015	65220297	629	29	0.0002332681	0.000000039680
14	65220298	66399554	746	29	0.0000643641	0.000000042871
14	66399555	67992316	678	29	0.0000355150	0.000000028037
14	67992317	71131956	2188	29	0.0002165678	0.000000052721
14	71131957	72889614	1396	29	0.0001616193	0.000000052689
14	72889615	76444766	2012	29	0.0001318284	0.000000050251
14	76444767	77229471	606	29	0.0001809524	0.000000043927
14	77229472	78561944	1074	29	0.0002594025	0.000000053907
14	78561945	80186578	1204	29	0.0002122253	0.000000052877
14	80186579	81579713	1142	29	0.0001198151	0.000000051611
14	81579714	83138096	1023	29	0.0002014411	0.000000051309
14	83138097	84241632	929	29	0.0001061835	0.000000044409
14	84241633	85746318	1128	29	0.0000656001	0.000000049233
14	85746319	86647001	627	29	0.0001206021	0.000000036042
14	86647002	87635340	705	29	0.0001222172	0.000000038073
14	87635341	89497642	1290	29	0.0000417858	0.000000050284
14	89497643	91296859	1280	29	0.0002177135	0.000000053710
14	91296860	93132298	1237	29	0.0001999226	0.000000051901
14	93132299	94325284	726	29	0.0002508635	0.000000047413
14	94325285	95750866	1501	29	0.0000633741	0.000000049646
14	95750867	96262414	657	29	0.0000804866	0.000000042065
14	96262415	98341161	1546	29	0.0000749102	0.000000051876
14	98341162	99138531	849	29	0.0002815180	0.000000043081
14	99138532	101534306	1559	29	0.0001145526	0.000000049821
14	101534307	103012101	727	29	0.0001221565	0.000000051007
14	103012102	105001722	876	29	0.0001605580	0.000000053591
14	105001723	106340357	259	29	0.0001822198	0.000000025032
14	106340358	107289453	252	17	0.0000493063	0.000000022480
15	20001200	21131603	15	2	0.0000445730	0.000000003826
15	21131604	24195126	543	29	-0.0000669968	0.000000037826
15	24195127	25108589	629	29	0.0000765789	0.000000033641
15	25108590	27298111	1638	29	0.0002461317	0.000000056914
15	27298112	29338501	1011	29	0.0001766188	0.000000055524
15	29338502	30165567	574	29	0.0003637647	0.000000045137
15	30165568	31591820	510	29	0.0001216115	0.000000038126
15	31591821	32441810	480	29	0.0002415838	0.000000032166
15	32441811	34015424	1288	29	0.0002510935	0.000000057396
15	34015425	35083250	711	29	0.0001366899	0.000000047151
15	35083251	37456501	1838	29	0.0000109834	0.000000050191
15	37456502	38530776	712	29	0.0001126142	0.000000044938
15	38530777	40384131	1555	29	0.0002269227	0.000000056283
15	40384132	41177513	381	29	0.0001265385	0.000000026014
15	41177514	42776398	760	29	0.0000166313	0.000000041211
15	42776399	44198048	388	20	-0.0000026075	0.000000015832
15	44198049	46618786	930	29	0.0001039009	0.000000048542
15	46618787	48136047	1292	29	0.0001980191	0.000000054890
15	48136048	50008042	914	29	0.0002266713	0.000000047385
15	50008043	51677559	1211	29	0.0001098445	0.000000044601
15	51677560	53069095	748	29	0.0001688991	0.000000039415
15	53069096	54508527	1327	29	0.0000645940	0.000000051479
15	54508528	55136268	565	29	0.0001097270	0.000000036746
15	55136269	56901772	1060	29	0.0001240927	0.000000052479
15	56901773	58441365	1226	29	0.0001583616	0.000000051062
15	58441366	59694115	917	29	0.0033907785	0.000000129696
15	59694116	61265835	1170	29	0.0001719424	0.000000053788
15	61265836	63215221	1732	29	0.0001616117	0.000000047412
15	63215222	65104667	951	29	0.0002010686	0.000000046198
15	65104668	67094766	987	29	0.0001623621	0.000000053441
15	67094767	69017998	1485	29	0.0002226717	0.000000041175
15	69017999	70133340	540	29	0.0001505313	0.000000037955
15	70133341	71922648	1199	29	0.0000254292	0.000000050761
15	71922649	73628713	706	29	0.0000017749	0.000000028630
15	73628714	76398623	1119	29	0.0002757447	0.000000044407
15	76398624	78516052	1028	29	0.0000993626	0.000000050858
15	78516053	80860977	1952	29	0.0001312945	0.000000048408
15	80860978	84260467	1463	29	0.0001220480	0.000000051184
15	84260468	86652904	1657	29	0.0000488585	0.000000045541
15	86652905	88369942	1450	29	0.0002234258	0.000000056227
15	88369943	90475550	1221	29	0.0002172984	0.000000056738
15	90475551	92164391	1199	29	0.0002108615	0.000000050452
15	92164392	93780901	1346	29	0.0000984564	0.000000053277
15	93780902	94924329	1119	29	0.0000709441	0.000000052376
15	94924330	96141595	1073	29	0.0000089656	0.000000049346
15	96141596	98030909	1330	29	0.0001826865	0.000000054324
15	98030910	99244058	1074	29	0.0001036260	0.000000054007
15	99244059	100636846	1002	29	0.0001560312	0.000000054328
15	100636847	101552693	658	29	0.0001285214	0.000000051541
15	101552694	102520965	685	29	-0.0000588107	0.000000050698
16	60054	1207205	419	29	0.0002386271	0.000000047394
16	1207206	2764828	553	29	0.0002707894	0.000000047152
16	2764829	4001195	425	29	0.0000255637	0.000000035926
16	4001196	5118344	572	29	0.0001357559	0.000000047880
16	5118345	5891579	675	29	0.0001411309	0.000000054187
16	5891580	6893550	1206	29	0.0002234384	0.000000055287
16	6893551	7529120	888	29	0.0002048575	0.000000055453
16	7529121	8338518	1004	29	0.0000222539	0.000000051062
16	8338519	9799418	1305	29	0.0000548181	0.000000050634
16	9799419	10426031	737	29	0.0002328788	0.000000046630
16	10426032	11520160	744	29	0.0002130888	0.000000054094
16	11520161	12613097	709	29	0.0003919039	0.000000059153
16	12613098	13154436	620	29	0.0000416360	0.000000039013
16	13154437	14464001	1047	29	0.0001262946	0.000000052344
16	14464002	16154059	414	29	0.0001163099	0.000000032809
16	16154060	17644748	670	29	0.0000477101	0.000000048612
16	17644749	18643606	339	29	0.0003276513	0.000000031429
16	18643607	20150570	886	29	0.0002079376	0.000000047876
16	20150571	22448903	717	29	0.0002110412	0.000000045185
16	22448904	24136874	887	29	0.0002036676	0.000000055903
16	24136875	25986861	1292	29	-0.0000110641	0.000000049058
16	25986862	27445754	1157	29	0.0001497059	0.000000052284
16	27445755	29036612	597	29	0.0001995397	0.000000033711
16	29036613	31382942	402	29	0.0002442783	0.000000029845
16	31382943	46399472	213	21	0.0002576451	0.000000020011
16	46399473	49007925	584	29	0.0000518133	0.000000029726
16	49007926	52035822	1911	29	0.0001976800	0.000000054696
16	52035823	53382571	857	29	0.0001799956	0.000000045378
16	53382572	55903773	2367	29	0.0000735650	0.000000040954
16	55903774	57664329	1126	29	0.0013444815	0.000000076916
16	57664330	59045404	923	29	0.0000784856	0.000000044861
16	59045405	60745693	1083	29	-0.0000427130	0.000000049111
16	60745694	62229848	786	29	0.0000248948	0.000000035938
16	62229849	63691588	977	29	0.0001519144	0.000000055418
16	63691589	65938565	1694	29	0.0002161299	0.000000055707
16	65938566	68841362	1236	29	0.0003236830	0.000000050945
16	68841363	71054027	589	29	0.0001921216	0.000000042618
16	71054028	72935149	811	29	0.0018830683	0.000000084958
16	72935150	74971502	1235	29	0.0002204700	0.000000054448
16	74971503	75977953	429	29	0.0003228751	0.000000033913
16	75977954	77523677	1370	29	0.0001218690	0.000000052006
16	77523678	78456291	1119	29	0.0000822084	0.000000051670
16	78456292	79134814	936	29	0.0000291819	0.000000050909
16	79134815	80297373	1311	29	0.0001801621	0.000000053801
16	80297374	81772535	1353	29	0.0001779289	0.000000053399
16	81772536	82747727	987	29	0.0001298647	0.000000052510
16	82747728	83477207	1050	29	0.0000161447	0.000000049266
16	83477208	84445882	1252	29	0.0001846498	0.000000055141
16	84445883	85148684	784	29	0.0000520569	0.000000051645
16	85148685	86156598	829	29	0.0002133481	0.000000057627
16	86156599	86815410	869	29	0.0001763382	0.000000055746
16	86815411	87647348	624	29	0.0001575568	0.000000054610
16	87647349	89041164	581	29	0.0002116361	0.000000056139
16	89041165	90292811	490	29	0.0000993458	0.000000036545
17	56	1172398	464	29	0.0002257261	0.000000052141
17	1172399	1928730	390	29	0.0001261489	0.000000034595
17	1928731	3702311	1049	29	0.0001659929	0.000000055215
17	3702312	4696260	552	29	0.0002539425	0.000000051644
17	4696261	5741333	719	29	0.0003146177	0.000000047445
17	5741334	7317397	1025	29	0.0001128509	0.000000053851
17	7317398	8306424	401	29	0.0004925527	0.000000043325
17	8306425	9965920	1157	29	0.0003222371	0.000000059591
17	9965921	11102814	869	29	0.0000303710	0.000000051782
17	11102815	12534768	977	29	0.0000486964	0.000000052421
17	12534769	13180371	565	29	0.0002514646	0.000000043630
17	13180372	13894636	694	29	0.0000411074	0.000000049580
17	13894637	15019096	1248	29	0.0000396148	0.000000051650
17	15019097	16412341	553	29	0.0000957548	0.000000038603
17	16412342	18856319	944	29	0.0002505243	0.000000054333
17	18856320	21290356	687	29	0.0001515635	0.000000043421
17	21290357	27334243	983	29	0.0007080871	0.000000069820
17	27334244	29786490	718	29	0.0005645819	0.000000042864
17	29786491	31538424	935	29	0.0000942651	0.000000051668
17	31538425	32912797	1538	29	0.0001140631	0.000000052016
17	32912798	34469035	921	29	0.0000677094	0.000000044028
17	34469036	36809343	793	29	0.0001485139	0.000000052561
17	36809344	38877403	801	29	0.0004555903	0.000000047338
17	38877404	39899809	584	29	0.0001646614	0.000000031081
17	39899810	41772086	491	29	0.0002360214	0.000000031075
17	41772087	43056904	514	29	0.0002350583	0.000000032958
17	43056905	45876021	1238	29	0.0008301816	0.000000061869
17	45876022	47517399	862	29	0.0002017265	0.000000045514
17	47517400	49898956	1255	29	0.0000979578	0.000000052652
17	49898957	50719054	589	29	0.0002098176	0.000000031392
17	50719055	51826117	814	29	0.0001845538	0.000000035015
17	51826118	53599431	1189	29	0.0000087448	0.000000050209
17	53599432	55357540	1141	29	-0.0000051699	0.000000048997
17	55357541	57487511	1089	29	0.0000969186	0.000000050230
17	57487512	59312754	399	28	0.0002301309	0.000000023848
17	59312755	61545588	772	29	0.0001124150	0.000000050601
17	61545589	63148127	490	29	0.0001218146	0.000000030398
17	63148128	64800429	1408	29	0.0003172024	0.000000053265
17	64800430	67858769	1700	29	0.0001490120	0.000000050207
17	67858770	69387816	1500	29	0.0003077915	0.000000047254
17	69387817	72672202	2464	29	0.0000961299	0.000000053465
17	72672203	74375559	625	29	0.0003172278	0.000000051910
17	74375560	76263412	1190	29	0.0003584016	0.000000060977
17	76263413	77298635	706	29	0.0002319682	0.000000057373
17	77298636	78837587	953	29	0.0003452955	0.000000060713
17	78837588	80034407	392	29	0.0002039410	0.000000037818
17	80034408	81194907	724	29	0.0003463950	0.000000039212
18	10644	912485	675	29	0.0003700461	0.000000061565
18	912486	1942910	796	29	0.0001185823	0.000000042330
18	1942911	3891657	1459	29	0.0001872339	0.000000055523
18	3891658	5834179	1499	29	0.0001583435	0.000000055089
18	5834180	7090484	1025	29	-0.0000824549	0.000000048433
18	7090485	8498930	1039	29	0.0001134321	0.000000052946
18	8498931	11075912	2231	29	0.0001474259	0.000000053932
18	11075913	11905439	523	29	0.0000903005	0.000000038935
18	11905440	14440798	1297	29	0.0004176042	0.000000060917
18	14440799	19485843	333	22	0.0000436074	0.000000018499
18	19485844	20649471	638	29	0.0002618004	0.000000038812
18	20649472	22996650	1457	29	0.0001195325	0.000000050875
18	22996651	24026190	619	29	0.0004003871	0.000000045242
18	24026191	25927681	1479	29	0.0001389369	0.000000053611
18	25927682	26875586	626	29	0.0001454791	0.000000028349
18	26875587	27866477	689	29	0.0003301532	0.000000036111
18	27866478	30264065	1789	29	0.0001289852	0.000000053414
18	30264066	31780066	844	29	0.0000000556	0.000000031337
18	31780067	33861963	1311	29	0.0000992160	0.000000053317
18	33861964	35075249	886	29	0.0001417230	0.000000052913
18	35075250	36365489	1059	29	0.0001421376	0.000000047219
18	36365490	37684366	799	29	0.0001542774	0.000000035119
18	37684367	39892647	1765	29	0.0002102035	0.000000055647
18	39892648	42922105	2105	29	0.0002010906	0.000000053639
18	42922106	44299245	1179	29	0.0000479666	0.000000051017
18	44299246	45939731	1067	29	0.0001158084	0.000000052086
18	45939732	47730583	1366	29	0.0012856999	0.000000074778
18	47730584	51062184	2438	29	0.0000041259	0.000000049958
18	51062185	51554174	463	21	-0.0000371480	0.000000014322
18	51554175	55213837	2130	29	0.0002316674	0.000000055654
18	55213838	56530219	1057	29	0.0000363790	0.000000050728
18	56530220	57630482	1027	29	0.0002963399	0.000000058565
18	57630483	59020750	1121	29	0.0001570479	0.000000041328
18	59020751	60277714	1160	29	0.0002948141	0.000000058455
18	60277715	61820251	1168	29	0.0001203247	0.000000053147
18	61820252	63463401	1259	29	0.0003581897	0.000000060620
18	63463402	64252800	718	29	0.0000765865	0.000000026344
18	64252801	66125816	1671	29	0.0002385979	0.000000055904
18	66125817	67175819	722	29	0.0000413688	0.000000040263
18	67175820	68621178	924	29	0.0001353724	0.000000052936
18	68621179	69621617	915	29	0.0001863717	0.000000054109
18	69621618	71038473	1246	29	0.0000711565	0.000000052946
18	71038474	71971461	983	29	0.0000752924	0.000000054075
18	71971462	73526986	1309	29	0.0001207881	0.000000053480
18	73526987	74813814	1091	29	0.0001271396	0.000000054090
18	74813815	75976316	1164	29	0.0002364982	0.000000056814
18	75976317	77149990	922	29	0.0002486176	0.000000058298
18	77149991	78017157	489	29	0.0003324782	0.000000043734
19	80840	610728	126	26	0.0003017578	0.000000025771
19	610729	2098395	438	29	0.0002960637	0.000000066509
19	2098396	3019659	363	29	0.0001825249	0.000000038495
19	3019660	4348966	475	29	0.0002066920	0.000000057037
19	4348967	5811851	594	29	0.0001678048	0.000000057447
19	5811852	6684884	319	29	0.0001689977	0.000000034181
19	6684885	8347512	827	29	0.0001010227	0.000000055191
19	8347513	9238392	381	29	0.0002104490	0.000000028214
19	9238393	11284027	755	29	0.0057098494	0.000000186300
19	11284028	13471126	682	29	0.0005424838	0.000000058851
19	13471127	14486346	330	29	0.0002431024	0.000000033636
19	14486347	15648609	535	29	0.0002409882	0.000000044808
19	15648610	16374415	634	29	0.0000909573	0.000000035327
19	16374416	18409861	818	29	0.0002576055	0.000000058423
19	18409862	19877470	652	29	0.0028591826	0.000000093757
19	19877471	20905756	320	29	0.0004233962	0.000000030758
19	20905757	22732895	830	29	0.0004823831	0.000000045964
19	22732896	23467745	316	18	0.0000819741	0.000000015575
19	23467746	28557892	725	29	0.0002245786	0.000000034840
19	28557893	29790946	1170	29	0.0002008857	0.000000055481
19	29790947	30727953	675	29	0.0001584010	0.000000045277
19	30727954	32746519	1201	29	0.0001435710	0.000000053938
19	32746520	34262951	898	29	0.0001640228	0.000000052412
19	34262952	36469294	1100	29	0.0003235736	0.000000057271
19	36469295	37527032	435	27	0.0000583722	0.000000020372
19	37527033	40170618	1010	29	0.0002821956	0.000000056599
19	40170619	40984600	302	29	0.0001581200	0.000000022086
19	40984601	42131572	453	29	0.0001674885	0.000000035593
19	42131573	43862454	461	29	0.0000250144	0.000000028653
19	43862455	44744107	488	29	0.0004675420	0.000000039479
19	44744108	46102696	623	29	0.0056531029	0.000000182383
19	46102697	47150081	568	29	0.0007849588	0.000000052679
19	47150082	49282226	909	29	0.0006994885	0.000000069621
19	49282227	51532566	925	29	0.0002238393	0.000000060123
19	51532567	52985289	1118	29	0.0001362681	0.000000053940
19	52985290	54602361	930	29	0.0000113272	0.000000058512
19	54602362	55728079	579	29	0.0005037798	0.000000063676
19	55728080	57521334	1062	29	0.0003077026	0.000000062445
19	57521335	59118838	807	29	0.0003161289	0.000000057978
20	60479	697599	401	29	0.0000717725	0.000000036175
20	697600	2469500	1757	29	0.0001299185	0.000000053473
20	2469501	3828412	860	29	0.0001421114	0.000000054985
20	3828413	5477849	1387	29	0.0000106617	0.000000050733
20	5477850	7084072	1482	29	0.0001617258	0.000000054708
20	7084073	8117010	1008	29	0.0002214663	0.000000048061
20	8117011	9730920	1517	29	0.0001293558	0.000000052642
20	9730921	11249535	1497	29	0.0000463219	0.000000047768
20	11249536	12447498	1054	29	0.0000954111	0.000000052243
20	12447499	13689863	1113	29	0.0001096661	0.000000053756
20	13689864	15958358	1994	29	0.0002307933	0.000000056375
20	15958359	17487231	1796	29	0.0003551480	0.000000059269
20	17487232	18972202	1151	29	0.0000975779	0.000000051363
20	18972203	20959709	1740	29	0.0000920242	0.000000052901
20	20959710	22491455	856	29	0.0003270698	0.000000045683
20	22491456	23293789	806	29	0.0004439647	0.000000050236
20	23293790	24717723	1099	29	0.0000531874	0.000000051671
20	24717724	25344230	563	28	0.0001921019	0.000000026048
20	25344231	31614822	1095	29	0.0001476761	0.000000052627
20	31614823	32813440	448	29	0.0001594404	0.000000027673
20	32813441	34960445	733	29	0.0004865517	0.000000035857
20	34960446	36909529	877	29	0.0000822951	0.000000047990
20	36909530	38436760	1060	29	0.0000333400	0.000000049923
20	38436761	39610855	943	29	0.0008921404	0.000000068581
20	39610856	40585688	639	29	0.0008283791	0.000000044894
20	40585689	41615459	1030	29	0.0000781856	0.000000052732
20	41615460	42680175	686	29	0.0002916988	0.000000052102
20	42680176	44839055	1408	29	0.0001370248	0.000000047582
20	44839056	47199979	1893	29	0.0001429450	0.000000053671
20	47199980	49239657	1390	29	0.0001718115	0.000000053332
20	49239658	52472548	2507	29	0.0000225239	0.000000048912
20	52472549	54055265	1281	29	0.0002221301	0.000000055882
20	54055266	56447958	2147	29	0.0001275632	0.000000053115
20	56447959	58406571	1516	29	0.0000424900	0.000000050540
20	58406572	59561723	1040	29	0.0001094591	0.000000054786
20	59561724	61301854	1350	29	0.0000264810	0.000000052158
20	61301855	62190179	489	29	0.0002050150	0.000000045919
20	62190180	62965162	360	29	0.0003625747	0.000000034098
21	9411243	15950981	563	29	-0.0000252020	0.000000037021
21	15950982	18053164	1304	29	0.0001088909	0.000000052774
21	18053165	19480374	885	29	0.0002841715	0.000000058192
21	19480375	20962338	1269	29	0.0000439848	0.000000052111
21	20962339	22072763	852	29	0.0002258720	0.000000056047
21	22072764	23362874	1139	29	0.0001686432	0.000000054099
21	23362875	24696230	865	29	0.0001945551	0.000000047831
21	24696231	26469121	1445	29	0.0000846334	0.000000052217
21	26469122	27271018	450	29	0.0003790408	0.000000034419
21	27271019	29125225	1684	29	0.0001299088	0.000000053366
21	29125226	31197024	1461	29	-0.0000088280	0.000000049365
21	31197025	32668641	1052	29	0.0001102808	0.000000040848
21	32668642	34376998	1052	29	0.0001570889	0.000000052846
21	34376999	35225464	467	29	0.0002099621	0.000000036097
21	35225465	36524372	1038	29	0.0000998297	0.000000048185
21	36524373	37870778	926	29	0.0001483223	0.000000052435
21	37870779	38711703	579	29	0.0003070447	0.000000039153
21	38711704	40482901	1528	29	0.0002412165	0.000000055010
21	40482902	41389526	889	29	0.0003346195	0.000000056224
21	41389527	43321527	1671	29	-0.0000561432	0.000000047705
21	43321528	44506267	1166	29	0.0001058801	0.000000052754
21	44506268	46177104	978	29	0.0001530528	0.000000051623
21	46177105	47492225	861	29	0.0003246600	0.000000055680
21	47492226	48119751	388	29	0.0001498745	0.000000027917
22	16050408	17674294	366	29	0.0000751774	0.000000031562
22	17674295	18296087	407	29	0.0002153076	0.000000037151
22	18296088	19912357	924	29	0.0001286040	0.000000057093
22	19912358	22357324	942	29	0.0003693059	0.000000061546
22	22357325	23712646	725	29	0.0001937235	0.000000053646
22	23712647	24984203	628	29	0.0001550222	0.000000040216
22	24984204	26791627	1309	29	0.0002592556	0.000000056447
22	26791628	27834751	1309	29	0.0000898269	0.000000052377
22	27834752	29651798	1004	29	0.0000630562	0.000000047930
22	29651799	31439917	919	29	0.0002503093	0.000000053714
22	31439918	32664985	563	29	0.0001876558	0.000000034829
22	32664986	34494913	1726	29	0.0000626378	0.000000050827
22	34494914	35530984	1106	29	0.0001601278	0.000000050068
22	35530985	37570268	1531	29	0.0004655241	0.000000062002
22	37570269	39307893	866	29	0.0002641108	0.000000055277
22	39307894	40545796	569	29	0.0000843471	0.000000043319
22	40545797	42690817	810	29	0.0001062223	0.000000039316
22	42690818	43714199	727	29	0.0001203209	0.000000052694
22	43714200	44995307	1251	29	0.0001388169	0.000000054397
22	44995308	46470494	1099	29	0.0001186622	0.000000054867
22	46470495	47596317	860	29	0.0003737123	0.000000061543
22	47596318	48903702	1513	29	0.0000660226	0.000000051559
22	48903703	49824533	1288	29	0.0003070001	0.000000057981
22	49824534	51243297	683	29	0.0002442031	0.000000054585
