chr	start	end	num_snp	k	local_h2g	var
1	10583	1892606	135	20	0.0003651427	0.000000024565
1	1892607	3582735	745	28	0.0002298852	0.000000064883
1	3582736	4380810	536	28	0.0002213328	0.000000047732
1	4380811	5913892	1866	28	0.0000929513	0.000000057329
1	5913893	7247334	731	28	0.0000829249	0.000000051314
1	7247335	9365198	1235	28	0.0000383626	0.000000053819
1	9365199	10806983	520	28	0.0000564001	0.000000035178
1	10806984	11777840	380	28	0.0000217029	0.000000032667
1	11777841	12779465	562	28	0.0003071923	0.000000036583
1	12779466	14891510	1186	28	0.0001248513	0.000000057554
1	14891511	16897729	1081	28	0.0001756065	0.000000058325
1	16897730	18662898	1112	28	0.0000430154	0.000000054469
1	18662899	20469148	1172	28	0.0000601415	0.000000055822
1	20469149	21736587	789	28	0.0002796742	0.000000057341
1	21736588	23086882	917	28	0.0001770937	0.000000059177
1	23086883	23920589	336	28	0.0001267658	0.000000023980
1	23920590	25516844	869	28	0.0004159416	0.000000064726
1	25516845	27401866	704	28	0.0005828825	0.000000053064
1	27401867	30161880	921	28	-0.0000364744	0.000000052580
1	30161881	32438684	1841	28	0.0002564885	0.000000061586
1	32438685	34799757	1123	28	0.0000994863	0.000000056660
1	34799758	37549182	936	28	0.0001061111	0.000000056222
1	37549183	38731846	589	28	0.0001596556	0.000000043684
1	38731847	40200566	720	28	0.0002688111	0.000000055089
1	40200567	41975326	993	28	0.0001658315	0.000000058125
1	41975327	43758456	1067	28	0.0001460161	0.000000055575
1	43758457	44969182	595	28	0.0001653372	0.000000038656
1	44969183	46899500	783	28	0.0000291298	0.000000033798
1	46899501	48002575	496	28	0.0002355330	0.000000032937
1	48002576	48978187	550	28	0.0002093573	0.000000043798
1	48978188	49894176	449	28	0.0000264751	0.000000026101
1	49894177	51713725	476	28	0.0001951635	0.000000025259
1	51713726	54226261	951	28	0.0004753847	0.000000064854
1	54226262	56413116	1410	28	0.0001785644	0.000000055416
1	56413117	57021727	569	28	0.0001210189	0.000000026330
1	57021728	58865398	1511	28	0.0001648350	0.000000059074
1	58865399	59890408	752	28	0.0002174507	0.000000045164
1	59890409	61922364	1195	28	0.0001081990	0.000000055861
1	61922365	63455088	1059	28	0.0028045799	0.000000110757
1	63455089	65041703	1305	28	0.0000394401	0.000000055340
1	65041704	66939403	1315	28	0.0001382670	0.000000057180
1	66939404	68477894	1317	28	0.0003237872	0.000000063320
1	68477895	69687615	751	28	0.0000754474	0.000000043397
1	69687616	71372469	1083	28	0.0000107934	0.000000054926
1	71372470	71684404	174	13	0.0000706110	0.000000009029
1	71684405	74326906	1694	28	0.0001678010	0.000000048491
1	74326907	76728134	1654	28	0.0001415430	0.000000054960
1	76728135	79661197	1930	28	0.0002419758	0.000000058943
1	79661198	81354190	1181	28	0.0001148175	0.000000056565
1	81354191	83991747	2159	28	0.0001907457	0.000000058958
1	83991748	84844494	554	28	0.0002017479	0.000000033355
1	84844495	86454750	1252	28	0.0001134501	0.000000055953
1	86454751	88128630	1104	28	0.0001196258	0.000000057207
1	88128631	90066302	992	28	0.0001178186	0.000000055143
1	90066303	91886316	1039	28	0.0003125546	0.000000063099
1	91886317	93536458	1032	28	0.0003519557	0.000000053971
1	93536459	94506190	505	28	0.0000602305	0.000000021664
1	94506191	96150892	1094	28	0.0000388672	0.000000054077
1	96150893	97885248	1116	28	0.0001048802	0.000000051751
1	97885249	99800603	1259	28	0.0000832819	0.000000056848
1	99800604	100826404	640	28	0.0001915884	0.000000034604
1	100826405	102041015	872	28	0.0001327838	0.000000048810
1	102041016	102898744	677	28	0.0002045289	0.000000036330
1	102898745	103914210	591	28	0.0000323203	0.000000020675
1	103914211	106087841	1233	28	-0.0000110061	0.000000054250
1	106087842	108409664	1630	28	0.0000651266	0.000000055645
1	108409665	110303930	1159	28	0.0003223993	0.000000050074
1	110303931	111741736	949	28	0.0001129644	0.000000054326
1	111741737	113273305	1280	28	0.0002474981	0.000000058472
1	113273306	114873844	869	28	0.0001886156	0.000000058645
1	114873845	115880592	575	28	0.0001069605	0.000000032896
1	115880593	118839066	1582	28	0.0003038573	0.000000062106
1	118839067	144977493	1315	28	0.0002315578	0.000000045614
1	144977494	148361252	765	28	0.0003486642	0.000000051903
1	148361253	151538880	531	28	-0.0000116361	0.000000026542
1	151538881	153180828	937	28	0.0000997569	0.000000042491
1	153180829	154770402	744	28	0.0004906297	0.000000058563
1	154770403	156336132	430	28	0.0002959787	0.000000037941
1	156336133	158027411	1131	28	0.0002247911	0.000000061532
1	158027412	159913047	1284	28	0.0001101437	0.000000054287
1	159913048	162346720	1693	28	0.0000534198	0.000000042355
1	162346721	165191701	2418	28	0.0000293448	0.000000053218
1	165191702	166460516	978	28	0.0001745821	0.000000058498
1	166460517	169086323	1945	28	0.0001175069	0.000000056381
1	169086324	170557775	1438	28	0.0000537910	0.000000046899
1	170557776	173097906	1747	28	0.0003543360	0.000000057057
1	173097907	175089767	715	28	0.0002510155	0.000000034374
1	175089768	177433380	1491	28	0.0001849504	0.000000058453
1	177433381	178944308	1008	28	0.0001169394	0.000000042388
1	178944309	178954469	3	1	0.0000095949	0.000000000839
1	178954470	181144120	1436	28	0.0001093650	0.000000057376
1	181144121	182755355	1054	28	0.0002831808	0.000000060809
1	182755356	184595512	1246	28	0.0002810945	0.000000060999
1	184595513	186810022	843	28	0.0002358309	0.000000050601
1	186810023	188759944	1474	28	0.0001645983	0.000000059117
1	188759945	189904129	601	23	0.0001507263	0.000000023654
1	189904130	191868929	1496	28	0.0001536247	0.000000053714
1	191868930	194107441	1312	28	0.0001197245	0.000000057734
1	194107442	196176200	1577	28	0.0001979851	0.000000059380
1	196176201	197311513	484	23	0.0001083024	0.000000021391
1	197311514	199239883	1012	28	0.0001293849	0.000000054033
1	199239884	200137648	620	28	0.0003021136	0.000000039477
1	200137649	201589974	1209	28	0.0001289852	0.000000056908
1	201589975	203334733	1013	28	0.0000524416	0.000000054758
1	203334734	204681067	802	28	0.0002623409	0.000000060687
1	204681068	206073264	1023	28	0.0001691082	0.000000056312
1	206073265	208410363	1106	28	0.0000360238	0.000000051336
1	208410364	210787749	1683	28	0.0003593921	0.000000062917
1	210787750	212842329	1260	28	0.0001374154	0.000000055548
1	212842330	214578265	1091	28	0.0000550749	0.000000052443
1	214578266	216243633	1238	28	0.0001524238	0.000000059813
1	216243634	218705512	2264	28	0.0001662316	0.000000056973
1	218705513	219590570	643	28	0.0001343229	0.000000032502
1	219590571	221858230	1572	28	0.0005189690	0.000000060949
1	221858231	222230219	332	26	0.0002943103	0.000000029037
1	222230220	224938519	1052	28	0.0003038536	0.000000062061
1	224938520	226810859	882	28	0.0001671150	0.000000057699
1	226810860	229156247	1347	28	0.0001466150	0.000000057406
1	229156248	230685254	1032	28	0.0011149336	0.000000074432
1	230685255	232090251	1021	28	0.0001745355	0.000000056663
1	232090252	233429283	1097	28	0.0001738789	0.000000058668
1	233429284	234599433	1001	28	0.0001506065	0.000000057890
1	234599434	235819435	696	28	0.0000766582	0.000000052347
1	235819436	237555627	1304	28	0.0002961783	0.000000062755
1	237555628	238567806	853	28	0.0001503752	0.000000059221
1	238567807	239925313	1087	28	0.0002115421	0.000000060224
1	239925314	240564090	640	28	-0.0000468961	0.000000039355
1	240564091	241582219	913	28	0.0001411629	0.000000058798
1	241582220	242071601	363	28	0.0000795566	0.000000027678
1	242071602	244109498	1101	28	0.0000365116	0.000000055615
1	244109499	245506745	888	28	0.0000129023	0.000000055729
1	245506746	247344517	1318	28	0.0003111212	0.000000061713
1	247344518	249239465	816	28	0.0001593548	0.000000054792
2	10133	1781021	1528	28	0.0001722037	0.000000047594
2	1781022	3973778	1791	28	0.0001060420	0.000000056839
2	3973779	5708336	1387	28	0.0001228536	0.000000057104
2	5708337	6836253	1255	28	0.0001080822	0.000000056678
2	6836254	8422146	1315	28	0.0000094989	0.000000054981
2	8422147	10298468	1307	28	0.0001580909	0.000000059350
2	10298469	12419149	1821	28	0.0001040513	0.000000056595
2	12419150	14335307	1552	28	0.0004768459	0.000000067482
2	14335308	16329734	1720	28	0.0001979161	0.000000059954
2	16329735	18647422	1817	28	0.0001069708	0.000000057096
2	18647423	19692403	789	28	0.0001139571	0.000000046493
2	19692404	21050489	1265	28	0.0005222714	0.000000065719
2	21050490	23341382	1560	28	0.0021629300	0.000000095663
2	23341383	24686917	839	28	0.0000258473	0.000000045222
2	24686918	26894984	1006	28	0.0003118709	0.000000058193
2	26894985	28598776	964	28	0.0070288260	0.000000176642
2	28598777	29217558	489	28	0.0004348576	0.000000039032
2	29217559	30463710	1168	28	0.0004208286	0.000000065467
2	30463711	31550449	1124	28	0.0000670295	0.000000055163
2	31550450	33363776	785	28	0.0000801787	0.000000053857
2	33363777	35345027	1737	28	0.0000496597	0.000000055315
2	35345028	36122005	837	28	0.0000127356	0.000000038871
2	36122006	38132711	1845	28	0.0000387507	0.000000053800
2	38132712	39031336	607	28	0.0002433589	0.000000052645
2	39031337	40281482	610	28	0.0001002121	0.000000042562
2	40281483	43309589	2754	28	0.0001924166	0.000000054057
2	43309590	44313802	1004	28	0.0003650527	0.000000041873
2	44313803	46482633	1910	28	0.0001232835	0.000000054292
2	46482634	47318771	762	28	-0.0000049281	0.000000051968
2	47318772	48213000	505	28	0.0001721116	0.000000050281
2	48213001	50022256	1488	28	0.0001409757	0.000000057479
2	50022257	50818927	805	28	0.0002533415	0.000000046542
2	50818928	52491132	1633	28	0.0000118917	0.000000053421
2	52491133	53508451	1090	28	0.0000751453	0.000000055990
2	53508452	54685225	860	28	0.0000942767	0.000000056436
2	54685226	56203344	1188	28	0.0001324045	0.000000052655
2	56203345	57429099	948	28	0.0001470690	0.000000052357
2	57429100	58297314	646	28	0.0002461046	0.000000039771
2	58297315	60291999	1305	28	0.0003860231	0.000000062249
2	60292000	62429043	1043	28	0.0004425585	0.000000061869
2	62429044	64625912	1106	28	0.0000246331	0.000000052632
2	64625913	65933443	858	28	0.0002072668	0.000000057680
2	65933444	67226165	1140	28	0.0003156887	0.000000062828
2	67226166	68010175	921	28	0.0002229804	0.000000051705
2	68010176	69139563	1008	28	0.0001281442	0.000000055377
2	69139564	70755197	945	28	0.0001320554	0.000000056214
2	70755198	73174847	1746	28	0.0001705578	0.000000058721
2	73174848	75630085	1414	28	0.0001599147	0.000000058542
2	75630086	76913660	1063	28	0.0002045426	0.000000058770
2	76913661	78079263	905	28	0.0001625266	0.000000059788
2	78079264	80050402	1987	28	0.0001587761	0.000000058505
2	80050403	81620840	1115	28	0.0001809111	0.000000057797
2	81620841	85140679	2377	28	0.0000288887	0.000000055384
2	85140680	88038506	1195	28	0.0001427212	0.000000057218
2	88038507	89154525	434	28	0.0001525634	0.000000028234
2	89154526	95326451	40	4	0.0000592647	0.000000009388
2	95326452	98995200	833	28	0.0001435112	0.000000050699
2	98995201	101822328	1864	28	0.0000536132	0.000000056125
2	101822329	102688764	589	28	0.0001099231	0.000000031422
2	102688765	103588214	937	28	0.0001389011	0.000000038285
2	103588215	105125033	776	28	0.0002281043	0.000000044649
2	105125034	106210057	837	28	0.0000760376	0.000000049004
2	106210058	107408266	931	28	0.0002414732	0.000000058093
2	107408267	108429176	903	28	0.0000495682	0.000000037314
2	108429177	110572431	1107	28	0.0000928717	0.000000056996
2	110572432	113921855	1350	28	0.0002471650	0.000000059970
2	113921856	116772469	1631	28	-0.0000161723	0.000000053267
2	116772470	118367465	1004	28	0.0000593789	0.000000040344
2	118367466	121303782	1995	28	0.0001231218	0.000000057247
2	121303783	123302905	1200	28	0.0001731809	0.000000059352
2	123302906	124732249	1155	28	0.0000224745	0.000000041736
2	124732250	125840920	867	28	0.0002183330	0.000000050163
2	125840921	127373763	1058	28	0.0001330717	0.000000041245
2	127373764	128034346	546	28	0.0001885765	0.000000036513
2	128034347	129474440	824	28	0.0001452125	0.000000048922
2	129474441	130067169	451	28	0.0001783032	0.000000026214
2	130067170	130658084	446	28	0.0004300600	0.000000034574
2	130658085	133042783	489	28	0.0000798573	0.000000037533
2	133042784	135158577	1713	28	0.0000333817	0.000000054772
2	135158578	137042793	821	28	0.0001208327	0.000000040508
2	137042794	138698116	1201	28	0.0003394225	0.000000062165
2	138698117	140100270	1000	28	0.0002401705	0.000000046844
2	140100271	141805350	1362	28	0.0001813308	0.000000060029
2	141805351	142518601	704	28	0.0000941111	0.000000037456
2	142518602	144519483	1455	28	0.0000667029	0.000000054680
2	144519484	146445569	853	28	0.0002106462	0.000000052076
2	146445570	147277161	374	24	0.0001737728	0.000000022517
2	147277162	150210291	1451	28	0.0002543779	0.000000060669
2	150210292	151731461	1026	28	0.0000918523	0.000000055415
2	151731462	152486781	565	28	0.0003314664	0.000000036456
2	152486782	154005055	994	28	0.0000566809	0.000000052202
2	154005056	155391134	1130	28	0.0001990613	0.000000058899
2	155391135	157560634	1194	28	0.0001522349	0.000000058010
2	157560635	158533217	342	28	0.0003459674	0.000000032339
2	158533218	159577081	698	28	0.0002903014	0.000000045858
2	159577082	161769732	1338	28	0.0002141612	0.000000057910
2	161769733	163503550	696	28	0.0000987689	0.000000034984
2	163503551	164466637	514	28	-0.0000320956	0.000000025505
2	164466638	165178839	403	28	0.0001099969	0.000000024110
2	165178840	167160269	1408	28	0.0002506162	0.000000055549
2	167160270	167355969	167	13	0.0000431550	0.000000009739
2	167355970	169968235	1620	28	0.0001308254	0.000000052740
2	169968236	171226244	946	28	0.0001140626	0.000000056678
2	171226245	173138904	986	28	0.0002366186	0.000000058747
2	173138905	175588928	1585	28	0.0002563240	0.000000060252
2	175588929	177363635	959	28	0.0000472911	0.000000054326
2	177363636	178553182	1009	28	0.0001600224	0.000000051525
2	178553183	181312738	2152	28	0.0001641733	0.000000057114
2	181312739	182266030	685	28	0.0001545422	0.000000035449
2	182266031	184357607	1271	28	0.0000915451	0.000000056291
2	184357608	185280172	608	28	-0.0000051953	0.000000025895
2	185280173	189882064	2429	28	0.0002791619	0.000000061114
2	189882065	191973356	1029	28	0.0002539356	0.000000053187
2	191973357	195861163	1659	28	0.0002049767	0.000000059660
2	195861164	196447455	332	26	0.0002250229	0.000000023320
2	196447456	198078109	864	28	0.0001875822	0.000000043557
2	198078110	199311124	590	28	0.0001326075	0.000000028517
2	199311125	201576283	1214	28	0.0001835196	0.000000058810
2	201576284	202818636	497	28	0.0003509315	0.000000041616
2	202818637	205799240	1508	28	0.0001980895	0.000000050651
2	205799241	206735703	654	28	0.0001894710	0.000000057507
2	206735704	208645398	1139	28	0.0000744008	0.000000054944
2	208645399	209941528	706	28	0.0001801951	0.000000044813
2	209941529	212379517	1656	28	0.0002074796	0.000000058957
2	212379518	214014281	1419	28	0.0003169435	0.000000062295
2	214014282	215573794	1023	28	0.0002355360	0.000000056528
2	215573795	217715660	1448	28	0.0001353686	0.000000056428
2	217715661	218395479	507	28	0.0000915794	0.000000036783
2	218395480	220454550	867	28	0.0003493437	0.000000060980
2	220454551	222521175	1785	28	0.0002729642	0.000000061399
2	222521176	224859418	1641	28	0.0001778464	0.000000059597
2	224859419	225840003	720	28	0.0001761945	0.000000039528
2	225840004	228119841	1619	28	0.0006725838	0.000000067516
2	228119842	229370786	900	28	0.0002157674	0.000000051903
2	229370787	231843388	1802	28	0.0000991510	0.000000056667
2	231843389	233550002	757	28	0.0001694298	0.000000053880
2	233550003	235150986	1387	28	0.0000799246	0.000000055447
2	235150987	236043549	755	28	0.0001145568	0.000000057854
2	236043550	237449031	852	28	0.0002599862	0.000000061242
2	237449032	238760980	1037	28	0.0001710737	0.000000058779
2	238760981	239952642	793	28	0.0001064856	0.000000054180
2	239952643	241560083	1152	28	0.0000905855	0.000000056460
2	241560084	242149920	341	28	0.0000310981	0.000000023205
2	242149921	243188919	243	22	0.0001011653	0.000000019563
3	60157	1441778	1208	28	0.0001082017	0.000000056342
3	1441779	2992119	1638	28	0.0001448380	0.000000057388
3	2992120	4431646	1480	28	0.0001237077	0.000000058162
3	4431647	6083182	1410	28	0.0000454609	0.000000056143
3	6083183	7083386	898	28	0.0000786654	0.000000056925
3	7083387	8648560	1707	28	0.0000704877	0.000000054573
3	8648561	9543182	778	28	0.0000783678	0.000000057191
3	9543183	11019664	897	28	0.0001480551	0.000000057117
3	11019665	13070798	1334	28	0.0005967030	0.000000062356
3	13070799	14816899	1391	28	0.0001422231	0.000000058214
3	14816900	16282441	1097	28	0.0000990516	0.000000045390
3	16282442	17891117	1009	28	0.0003183236	0.000000061889
3	17891118	19125143	745	28	0.0001261534	0.000000042032
3	19125144	20091347	322	28	0.0000917009	0.000000024478
3	20091348	21643706	1296	28	0.0000555531	0.000000054371
3	21643707	22204243	871	28	0.0001742552	0.000000059437
3	22204244	23804864	1123	28	0.0001228331	0.000000057725
3	23804865	25461557	1396	28	0.0003121592	0.000000061006
3	25461558	26877768	957	28	0.0003554069	0.000000063407
3	26877769	27840909	638	28	0.0002121481	0.000000038694
3	27840910	29142259	912	28	0.0001008443	0.000000057399
3	29142260	30717954	1326	28	0.0003599208	0.000000061212
3	30717955	32351714	1226	28	0.0001496209	0.000000057165
3	32351715	33255591	448	28	0.0000941693	0.000000037579
3	33255592	35283457	1206	28	0.0003313217	0.000000063260
3	35283458	36486841	861	28	0.0003855221	0.000000056413
3	36486842	38356115	1012	28	0.0002601201	0.000000059805
3	38356116	40221297	1422	28	0.0001281554	0.000000048910
3	40221298	41064527	298	22	0.0000599612	0.000000019468
3	41064528	42540001	968	28	0.0000505160	0.000000050265
3	42540002	45165152	1259	28	0.0003396159	0.000000061869
3	45165153	46657499	982	28	0.0002373865	0.000000059968
3	46657500	47727211	295	20	0.0001245928	0.000000017438
3	47727212	49316971	339	16	0.0000811185	0.000000014166
3	49316972	51832014	641	27	0.0002100069	0.000000026591
3	51832015	54081389	1128	28	0.0002284123	0.000000046580
3	54081390	55348859	1105	28	0.0000948532	0.000000055925
3	55348860	56433906	703	28	0.0002196426	0.000000048930
3	56433907	58157518	931	28	0.0002039966	0.000000056593
3	58157519	60272905	1757	28	0.0000026832	0.000000052740
3	60272906	62355665	1744	28	0.0002043520	0.000000058984
3	62355666	63669285	1260	28	0.0000589115	0.000000054923
3	63669286	65273537	1339	28	0.0002005168	0.000000055934
3	65273538	66270446	585	28	0.0002519862	0.000000057568
3	66270447	68286913	1330	28	0.0002486745	0.000000060598
3	68286914	69276761	682	28	0.0000515105	0.000000048039
3	69276762	70449027	825	28	0.0000874827	0.000000053194
3	70449028	72529328	1390	28	0.0001883569	0.000000057196
3	72529329	74321816	1430	28	0.0000586551	0.000000055056
3	74321817	75704948	580	28	0.0001065203	0.000000036497
3	75704949	77508834	1103	28	0.0001251332	0.000000059005
3	77508835	79024540	889	28	0.0000444193	0.000000047839
3	79024541	81427309	1276	28	0.0002878724	0.000000054820
3	81427310	82643885	705	28	0.0001452084	0.000000031180
3	82643886	84367478	841	28	0.0001033527	0.000000036732
3	84367479	85582230	628	28	0.0000540333	0.000000028276
3	85582231	87409731	1354	28	0.0001107196	0.000000043144
3	87409732	88298372	505	27	0.0000444611	0.000000018495
3	88298373	94255315	1219	28	-0.0000071830	0.000000046535
3	94255316	95311970	750	26	0.0001122386	0.000000027693
3	95311971	98215949	1518	28	0.0000820656	0.000000057556
3	98215950	99373761	782	28	0.0003214591	0.000000041757
3	99373762	100592216	585	28	0.0002769060	0.000000033988
3	100592217	103084959	1418	28	0.0001823416	0.000000058807
3	103084960	104581612	1147	28	0.0001759363	0.000000048107
3	104581613	106982810	1590	28	0.0001376439	0.000000058952
3	106982811	109522394	1683	28	0.0001917218	0.000000058781
3	109522395	110513769	688	28	0.0001683760	0.000000030032
3	110513770	112815698	1464	28	0.0000976322	0.000000056880
3	112815699	113947862	659	28	0.0001980972	0.000000041923
3	113947863	115447079	759	28	0.0001652072	0.000000052507
3	115447080	116800152	1025	28	0.0003414850	0.000000063737
3	116800153	118530250	1316	28	0.0001551804	0.000000058520
3	118530251	120523054	1154	28	0.0001584915	0.000000056449
3	120523055	121974096	744	28	0.0000592303	0.000000029772
3	121974097	123517767	1082	28	0.0001955207	0.000000052737
3	123517768	124936641	1150	28	0.0002728122	0.000000061360
3	124936642	126214942	887	28	0.0000120110	0.000000045940
3	126214943	128194860	1211	28	0.0000811948	0.000000055666
3	128194861	130244734	745	28	0.0001151870	0.000000043539
3	130244735	131836515	1110	28	0.0000310160	0.000000048860
3	131836516	133252172	1047	28	0.0001929457	0.000000052915
3	133252173	135456905	1602	28	0.0001811240	0.000000057694
3	135456906	137371082	841	28	0.0004797392	0.000000048668
3	137371083	139954596	1646	28	0.0001041165	0.000000052935
3	139954597	141339096	826	28	0.0002044307	0.000000055075
3	141339097	143164627	1076	28	0.0004193717	0.000000065536
3	143164628	144410815	808	28	0.0001728125	0.000000047587
3	144410816	145664618	1030	28	0.0002642078	0.000000048583
3	145664619	146726628	848	28	0.0002276006	0.000000043906
3	146726629	149043236	1377	28	0.0000926720	0.000000057173
3	149043237	150252003	803	28	0.0004735311	0.000000062846
3	150252004	151348729	644	28	0.0002575664	0.000000048796
3	151348730	153256570	1243	28	0.0001917864	0.000000059049
3	153256571	154714217	952	28	0.0000392463	0.000000036434
3	154714218	156008699	674	28	0.0002010988	0.000000044037
3	156008700	157312027	890	28	0.0002531331	0.000000047985
3	157312028	159477889	1402	28	0.0000246024	0.000000053840
3	159477890	161524503	1228	28	0.0001818349	0.000000052486
3	161524504	163253204	1568	28	0.0001581586	0.000000048076
3	163253205	165055468	1160	28	0.0000605329	0.000000037579
3	165055469	167117428	1163	28	0.0003222791	0.000000054014
3	167117429	168580959	745	28	0.0002242146	0.000000043279
3	168580960	170964908	1530	28	0.0003478217	0.000000053180
3	170964909	172295730	886	28	0.0001370435	0.000000057207
3	172295731	173477284	739	28	0.0000534462	0.000000053114
3	173477285	175116538	1303	28	0.0001115853	0.000000056866
3	175116539	176320286	810	28	0.0003346118	0.000000048621
3	176320287	178107164	1089	28	0.0002819876	0.000000061568
3	178107165	179374585	777	28	0.0000271341	0.000000042839
3	179374586	181511165	909	28	0.0001215159	0.000000051042
3	181511166	183769682	1174	28	0.0001634547	0.000000058245
3	183769683	185068254	714	28	0.0002471425	0.000000056659
3	185068255	186890343	1120	28	0.0001781018	0.000000050665
3	186890344	188856213	1471	28	0.0000789063	0.000000056017
3	188856214	190226606	1356	28	0.0000783791	0.000000055947
3	190226607	192343813	1540	28	0.0001483850	0.000000057348
3	192343814	194059670	705	28	0.0002357733	0.000000061223
3	194059671	194786673	366	28	0.0000784164	0.000000033346
3	194786674	195971407	310	28	0.0001724495	0.000000030523
3	195971408	197075986	361	28	0.0002469965	0.000000034198
3	197075987	197946621	326	28	0.0000890831	0.000000028577
4	10240	694714	187	16	0.0000313775	0.000000014124
4	694715	1478710	387	28	0.0003535225	0.000000031534
4	1478711	2842978	426	28	0.0001512272	0.000000037048
4	2842979	3846039	474	28	0.0005454912	0.000000054896
4	3846040	4684115	413	28	0.0001132345	0.000000037624
4	4684116	5502387	684	28	0.0000571667	0.000000054458
4	5502388	6773042	1174	28	0.0000512182	0.000000053052
4	6773043	7539691	661	28	0.0000113496	0.000000056778
4	7539692	8152234	537	28	0.0001308385	0.000000052136
4	8152235	9326478	442	28	0.0000792982	0.000000037595
4	9326479	10699151	1137	28	0.0001596531	0.000000058350
4	10699152	12323033	1365	28	0.0001431722	0.000000057353
4	12323034	14272000	1623	28	0.0000351622	0.000000054797
4	14272001	15147445	719	28	0.0000204582	0.000000044988
4	15147446	15927008	487	28	0.0000668385	0.000000032875
4	15927009	17383321	1217	28	-0.0001017871	0.000000050991
4	17383322	18841873	916	28	0.0001526974	0.000000051953
4	18841874	20544556	1106	28	0.0003131729	0.000000054816
4	20544557	22319346	1401	28	0.0002731550	0.000000060371
4	22319347	24135528	1249	28	0.0000924554	0.000000055862
4	24135529	25609321	1046	28	0.0001385710	0.000000057148
4	25609322	27343721	1001	28	0.0002118437	0.000000058461
4	27343722	27965867	472	28	0.0001744246	0.000000032303
4	27965868	29762207	1376	28	0.0004210344	0.000000066089
4	29762208	30454534	373	28	0.0002182403	0.000000026135
4	30454535	31782980	908	28	0.0002633796	0.000000058841
4	31782981	33172765	807	28	0.0000437158	0.000000040431
4	33172766	35151414	933	28	0.0001429677	0.000000035460
4	35151415	36020435	771	28	0.0000584335	0.000000032857
4	36020436	37255046	1042	28	0.0000459405	0.000000044942
4	37255047	38907021	1360	28	0.0001090606	0.000000055033
4	38907022	40202608	656	28	0.0003345391	0.000000047629
4	40202609	42213057	1261	28	0.0000306774	0.000000055140
4	42213058	43965044	1152	28	0.0003764212	0.000000063426
4	43965045	45189156	973	28	0.0002664076	0.000000038735
4	45189157	47411895	1106	28	0.0002411565	0.000000053221
4	47411896	48123599	457	28	0.0001596536	0.000000025909
4	48123600	53877432	877	28	0.0001723354	0.000000046962
4	53877433	55429555	985	28	0.0002357880	0.000000058775
4	55429556	56547643	725	28	0.0001143521	0.000000045498
4	56547644	58935007	1557	28	0.0000653010	0.000000055341
4	58935008	60741086	1195	28	0.0000694518	0.000000055626
4	60741087	62371762	1052	28	0.0000480329	0.000000048874
4	62371763	64341000	1062	28	0.0001892042	0.000000057428
4	64341001	66600491	1256	28	0.0000796442	0.000000055838
4	66600492	68059496	888	28	0.0001700735	0.000000045897
4	68059497	68854764	495	28	0.0001099527	0.000000027234
4	68854765	71049151	1167	28	0.0003415225	0.000000055306
4	71049152	72140557	493	28	0.0000567252	0.000000022013
4	72140558	74592389	1011	28	0.0002042589	0.000000053257
4	74592390	77130706	1458	28	0.0000492165	0.000000056308
4	77130707	79093978	1306	28	0.0001655646	0.000000058699
4	79093979	80990296	1162	28	0.0000521876	0.000000052729
4	80990297	82125314	527	28	0.0000027034	0.000000023824
4	82125315	83372592	718	28	0.0002281232	0.000000044404
4	83372593	84799655	873	28	0.0001317066	0.000000052083
4	84799656	86930608	1221	28	0.0000541986	0.000000055547
4	86930609	87534647	277	22	0.0003476779	0.000000020888
4	87534648	89238027	1139	28	0.0009706244	0.000000070964
4	89238028	90231563	598	28	0.0003485484	0.000000044270
4	90231564	91560676	770	28	0.0001937652	0.000000042990
4	91560677	94233298	1186	28	0.0000898507	0.000000054609
4	94233299	96182187	1264	28	0.0003041080	0.000000062259
4	96182188	97540702	1136	28	0.0001004776	0.000000056359
4	97540703	99424066	999	28	0.0000885579	0.000000039406
4	99424067	100678359	768	28	0.0003738994	0.000000049647
4	100678360	103221355	1667	28	0.0001991263	0.000000054655
4	103221356	105305293	1052	28	0.0003593496	0.000000054639
4	105305294	107501304	1151	28	0.0001390002	0.000000056817
4	107501305	108815347	746	28	-0.0000183253	0.000000034004
4	108815348	111256566	1449	28	0.0001583859	0.000000057657
4	111256567	113870101	1410	28	0.0000146898	0.000000052929
4	113870102	115666245	1126	28	0.0000902753	0.000000055969
4	115666246	117276928	875	28	0.0000959995	0.000000033536
4	117276929	118479917	1015	28	0.0000436554	0.000000041297
4	118479918	119933511	1080	28	0.0000853122	0.000000044420
4	119933512	120392683	302	19	0.0001052943	0.000000015283
4	120392684	122657986	1550	28	0.0001450429	0.000000057113
4	122657987	124286480	856	28	0.0002387029	0.000000041395
4	124286481	125210861	500	28	0.0003155898	0.000000037370
4	125210862	126480885	841	28	0.0000822074	0.000000044449
4	126480886	127275476	560	28	0.0001116920	0.000000031180
4	127275477	127830292	413	28	-0.0000051666	0.000000021065
4	127830293	128996664	441	21	0.0000979746	0.000000023490
4	128996665	130591884	908	28	0.0001418988	0.000000053982
4	130591885	131283820	449	28	0.0000930630	0.000000026068
4	131283821	132954032	919	28	0.0002427957	0.000000050486
4	132954033	134628433	1118	28	0.0001797403	0.000000047175
4	134628434	136566406	1141	28	0.0004786501	0.000000059649
4	136566407	138541970	1252	28	0.0001140566	0.000000056230
4	138541971	139556510	709	28	0.0001317882	0.000000045414
4	139556511	141084630	806	28	0.0000460420	0.000000053722
4	141084631	143443264	1454	28	0.0000791892	0.000000056046
4	143443265	146178186	1159	28	-0.0000635016	0.000000043883
4	146178187	148521872	1179	28	0.0002332628	0.000000057082
4	148521873	150683579	1120	28	0.0000830549	0.000000057010
4	150683580	152782183	890	28	0.0001572531	0.000000043273
4	152782184	154477640	826	28	0.0003609254	0.000000061168
4	154477641	155056125	389	28	0.0002312114	0.000000032145
4	155056126	157485096	1620	28	0.0001259285	0.000000055226
4	157485097	158743717	659	28	0.0000875323	0.000000037854
4	158743718	161058863	1085	28	-0.0000005613	0.000000050739
4	161058864	161826434	596	28	0.0001650641	0.000000038222
4	161826435	163243678	1041	28	0.0001544349	0.000000053506
4	163243679	164478233	738	28	0.0002473245	0.000000045643
4	164478234	165823447	938	28	0.0001357014	0.000000058599
4	165823448	167018857	709	28	0.0000774740	0.000000049064
4	167018858	167852916	485	28	0.0001529226	0.000000026739
4	167852917	169676824	1195	28	0.0000517029	0.000000054551
4	169676825	170776509	526	28	-0.0000154779	0.000000030743
4	170776510	172558634	1018	28	0.0002165866	0.000000053077
4	172558635	174264131	909	28	0.0000898365	0.000000046509
4	174264132	176570715	1329	28	0.0004386946	0.000000067245
4	176570716	178991909	1706	28	0.0001765615	0.000000058579
4	178991910	180122042	761	28	0.0001547855	0.000000051115
4	180122043	182066806	1656	28	0.0001428608	0.000000057005
4	182066807	183371274	1293	28	0.0000690425	0.000000055502
4	183371275	184929454	990	28	0.0001438788	0.000000060078
4	184929455	186909089	1425	28	0.0002139086	0.000000060736
4	186909090	188472980	1082	28	0.0001377317	0.000000056712
4	188472981	189693510	774	28	0.0001437278	0.000000058963
4	189693511	191043593	603	28	0.0003128432	0.000000052541
5	11940	982251	404	28	0.0000713867	0.000000028433
5	982252	2132441	823	28	0.0001195681	0.000000057259
5	2132442	3361940	1596	28	0.0000081422	0.000000055746
5	3361941	4632109	1089	28	0.0001650292	0.000000059705
5	4632110	5973232	1435	28	0.0001021694	0.000000056863
5	5973233	7143217	1129	28	0.0000767278	0.000000055043
5	7143218	8446335	1208	28	0.0001734104	0.000000059166
5	8446336	9718831	1271	28	0.0002146096	0.000000060960
5	9718832	11173270	1355	28	0.0002196535	0.000000059843
5	11173271	13464831	1153	28	0.0001598801	0.000000059273
5	13464832	14757803	1092	28	0.0002255500	0.000000061710
5	14757804	16963612	1362	28	0.0001189238	0.000000056061
5	16963613	18051591	551	28	0.0001846766	0.000000043871
5	18051592	19917715	1304	28	0.0001083918	0.000000057237
5	19917716	22152072	1063	28	0.0000729019	0.000000049553
5	22152073	23494323	912	28	0.0002888931	0.000000051978
5	23494324	26184850	1791	28	0.0000349086	0.000000054239
5	26184851	26857603	415	28	0.0002096838	0.000000027075
5	26857604	27984512	582	28	0.0003825790	0.000000041392
5	27984513	29714819	1179	28	0.0002254142	0.000000054835
5	29714820	31390248	1383	28	0.0002109032	0.000000059337
5	31390249	33500179	1415	28	0.0001207773	0.000000051067
5	33500180	35048969	1003	28	0.0001686931	0.000000059484
5	35048970	36433953	987	28	0.0000991731	0.000000051825
5	36433954	38802409	1484	28	0.0001296369	0.000000057398
5	38802410	40287728	1124	28	0.0002823486	0.000000056992
5	40287729	41888709	1230	28	0.0001584320	0.000000048616
5	41888710	43983498	897	28	0.0000578600	0.000000037936
5	43983499	50163397	961	28	0.0001706988	0.000000041072
5	50163398	52134621	1344	28	0.0000137610	0.000000052754
5	52134622	53703043	1300	28	0.0003559500	0.000000061939
5	53703044	55417348	1114	28	0.0000642401	0.000000055112
5	55417349	56621101	972	28	0.0007768362	0.000000070983
5	56621102	57340072	582	28	0.0001325731	0.000000030242
5	57340073	58524621	1146	28	0.0003588271	0.000000063789
5	58524622	60935906	1432	28	0.0004067431	0.000000065242
5	60935907	61672994	518	28	-0.0000126527	0.000000025040
5	61672995	63218986	1040	28	0.0000885405	0.000000045562
5	63218987	63968303	353	26	0.0000584886	0.000000019361
5	63968304	65911285	1208	28	0.0000887384	0.000000055245
5	65911286	67850859	1478	28	0.0002289420	0.000000060020
5	67850860	71240455	852	28	0.0002516991	0.000000054580
5	71240456	73759325	1793	28	0.0002007058	0.000000058710
5	73759326	75798865	1459	28	0.0001068820	0.000000046054
5	75798866	77623331	1305	28	0.0000413788	0.000000052287
5	77623332	79393143	1136	28	0.0002214256	0.000000059983
5	79393144	80481470	849	28	-0.0000581105	0.000000050557
5	80481471	82025647	880	28	0.0001617165	0.000000056855
5	82025648	83972688	1026	28	0.0000940670	0.000000056518
5	83972689	85767289	1380	28	0.0002610121	0.000000061771
5	85767290	87389990	631	28	0.0000238480	0.000000033233
5	87389991	88891529	579	28	0.0001791615	0.000000033006
5	88891530	90422653	854	28	0.0002686456	0.000000051812
5	90422654	91840541	645	28	0.0001580370	0.000000036669
5	91840542	93809983	779	28	0.0002739747	0.000000048962
5	93809984	95963518	1289	28	0.0001281357	0.000000057026
5	95963519	97315600	925	28	0.0000499690	0.000000041350
5	97315601	99260991	1115	28	0.0002319620	0.000000056725
5	99260992	101578768	1306	28	0.0004037584	0.000000065652
5	101578769	103320004	1050	28	0.0002531065	0.000000058225
5	103320005	104851482	1030	28	0.0003014127	0.000000054200
5	104851483	105893054	399	28	0.0001186778	0.000000030127
5	105893055	107264195	1162	28	0.0001269199	0.000000056151
5	107264196	108633933	897	28	0.0002218473	0.000000050625
5	108633934	110821143	1452	28	0.0000662320	0.000000056992
5	110821144	111981561	859	28	0.0001285996	0.000000055265
5	111981562	113396284	1156	28	0.0002509480	0.000000060301
5	113396285	114830369	1090	28	0.0000900968	0.000000055534
5	114830370	115831046	881	28	0.0000802448	0.000000052399
5	115831047	117346212	1322	28	-0.0000027878	0.000000053416
5	117346213	118608819	798	28	0.0001905615	0.000000056199
5	118608820	119669041	710	28	0.0003472372	0.000000051253
5	119669042	120452165	557	28	0.0001432645	0.000000034551
5	120452166	122556904	1395	28	0.0000488654	0.000000055160
5	122556905	123798099	983	28	0.0001035135	0.000000054826
5	123798100	125785648	1822	28	0.0000874202	0.000000056161
5	125785649	127344603	813	28	0.0000349856	0.000000048878
5	127344604	129519024	1526	28	0.0000749899	0.000000055615
5	129519025	132139648	1123	28	0.0001536369	0.000000046559
5	132139649	134777400	1505	28	0.0001432913	0.000000056643
5	134777401	136376049	1190	28	0.0000499127	0.000000055733
5	136376050	139265071	1194	28	0.0001996417	0.000000057871
5	139265072	140645970	570	28	0.0000364639	0.000000028033
5	140645971	142981247	1503	28	0.0000555348	0.000000053763
5	142981248	144943353	1422	28	0.0000255087	0.000000054807
5	144943354	147181997	1477	28	0.0001048106	0.000000057471
5	147181998	148662623	1152	28	0.0001402886	0.000000057700
5	148662624	150561297	1406	28	0.0003567128	0.000000062334
5	150561298	152867773	1781	28	0.0000730349	0.000000055292
5	152867774	153773087	940	28	0.0000028658	0.000000037399
5	153773088	155373504	1174	28	0.0002291807	0.000000060459
5	155373505	156628699	847	28	0.0008586254	0.000000059896
5	156628700	158825697	1834	28	0.0003361228	0.000000054087
5	158825698	159973943	713	28	0.0000698250	0.000000052064
5	159973944	161482132	1082	28	0.0001047265	0.000000052563
5	161482133	162743907	866	28	0.0000106023	0.000000045674
5	162743908	163771581	835	28	0.0000871543	0.000000049372
5	163771582	165642394	1188	28	0.0002341574	0.000000061592
5	165642395	166847739	872	28	0.0001766359	0.000000058638
5	166847740	168525317	1279	28	0.0002707613	0.000000059793
5	168525318	169505663	867	28	0.0000738805	0.000000056140
5	169505664	171074291	1197	28	0.0002058570	0.000000059235
5	171074292	172678326	1116	28	0.0000525062	0.000000054308
5	172678327	173642870	1019	28	0.0003797198	0.000000058513
5	173642871	175450594	1485	28	0.0002212932	0.000000063062
5	175450595	177251506	516	28	0.0002074937	0.000000041459
5	177251507	178413463	778	28	0.0002003358	0.000000059364
5	178413464	179401243	589	28	-0.0000822629	0.000000046148
5	179401244	180559932	567	28	0.0002372904	0.000000047888
5	180559933	180885155	80	12	0.0000320660	0.000000009238
6	73924	1452361	1276	28	0.0000968415	0.000000056433
6	1452362	2458935	818	28	0.0000977269	0.000000054887
6	2458936	3573592	1006	28	0.0000305485	0.000000055872
6	3573593	4617816	1080	28	0.0001461621	0.000000058050
6	4617817	5791471	1095	28	0.0001425822	0.000000058194
6	5791472	6785206	1087	28	0.0002882655	0.000000059450
6	6785207	7808935	904	28	0.0001350402	0.000000053165
6	7808936	9020025	1202	28	0.0003156726	0.000000063016
6	9020026	10540316	1306	28	0.0000706296	0.000000056106
6	10540317	11790815	986	28	0.0002665240	0.000000061468
6	11790816	13209387	1392	28	0.0000501674	0.000000041699
6	13209388	14802923	1336	28	0.0002035046	0.000000054576
6	14802924	17386404	1896	28	0.0001840009	0.000000056820
6	17386405	19207486	1428	28	0.0003119012	0.000000062529
6	19207487	21684064	2408	28	0.0001878854	0.000000042798
6	21684065	22748306	1076	28	0.0002990964	0.000000062365
6	22748307	23936618	1150	28	0.0000472295	0.000000054861
6	23936619	24852274	729	28	0.0001718223	0.000000055461
6	24852275	25684586	1114	28	0.0003348884	0.000000047181
6	25684587	26791232	1063	28	0.0001025399	0.000000024727
6	26791233	28017818	547	27	0.0001327677	0.000000019477
6	28017819	28917607	561	26	0.0004213926	0.000000023289
6	28917608	29737970	849	28	0.0002452077	0.000000027273
6	29737971	30798167	1698	28	0.0003718711	0.000000045800
6	30798168	31571217	1563	28	0.0013994374	0.000000068550
6	31571218	32682663	1162	28	0.0014815929	0.000000064572
6	32682664	33236496	1168	28	0.0005830985	0.000000047902
6	33236497	35455755	1285	28	0.0002634814	0.000000051660
6	35455756	37572595	1395	28	0.0003789275	0.000000061085
6	37572596	39295676	1503	28	0.0001467411	0.000000055445
6	39295677	40345114	791	28	0.0000606427	0.000000046351
6	40345115	42038720	1310	28	0.0001247148	0.000000056963
6	42038721	43756168	707	28	0.0001558591	0.000000052313
6	43756169	45406562	1157	28	0.0001889959	0.000000059031
6	45406563	47311897	1490	28	0.0001213733	0.000000057481
6	47311898	48391124	872	28	0.0000815161	0.000000035916
6	48391125	50386144	1437	28	0.0003199763	0.000000052802
6	50386145	52210475	1566	28	0.0001240858	0.000000041093
6	52210476	53279101	809	28	0.0002596407	0.000000052034
6	53279102	55468269	2014	28	0.0003057588	0.000000061647
6	55468270	56105312	638	28	0.0003530969	0.000000029924
6	56105313	57599464	771	28	0.0000835013	0.000000042897
6	57599465	61880511	384	14	0.0001124350	0.000000017386
6	61880512	63552887	1052	28	0.0003147233	0.000000040724
6	63552888	65765741	1212	28	0.0001942640	0.000000051336
6	65765742	67329214	1598	28	0.0002833897	0.000000061427
6	67329215	68849482	1339	28	0.0002371086	0.000000057391
6	68849483	69523447	579	28	0.0000404303	0.000000025058
6	69523448	71609509	1695	28	0.0000279579	0.000000055052
6	71609510	73450096	1605	28	0.0000652754	0.000000045053
6	73450097	75462002	1223	28	0.0000706677	0.000000055830
6	75462003	77414880	1021	28	0.0000999237	0.000000044325
6	77414881	78957727	1357	28	0.0001118811	0.000000043067
6	78957728	80691169	1315	28	0.0005100551	0.000000066491
6	80691170	81929221	1051	28	0.0000349151	0.000000029253
6	81929222	83127148	835	28	0.0001614062	0.000000044149
6	83127149	85209988	1173	28	0.0001289948	0.000000055873
6	85209989	87069499	1384	28	0.0003956871	0.000000057459
6	87069500	88822139	1195	28	0.0001229043	0.000000056614
6	88822140	89973051	880	28	0.0000938539	0.000000052549
6	89973052	91843195	1454	28	0.0000662356	0.000000056104
6	91843196	93428643	1260	28	0.0003018571	0.000000062667
6	93428644	94118141	699	28	0.0000724318	0.000000035183
6	94118142	94441174	203	11	0.0000573988	0.000000009161
6	94441175	97093510	1919	28	0.0001027344	0.000000056840
6	97093511	97842283	549	28	0.0000930964	0.000000024763
6	97842284	100630145	1807	28	0.0002271752	0.000000059820
6	100630146	102636771	1295	28	0.0000886303	0.000000055922
6	102636772	103983394	927	28	0.0001437946	0.000000038820
6	103983395	106056732	1368	28	0.0000279242	0.000000054314
6	106056733	107450305	1175	28	0.0001947065	0.000000059186
6	107450306	108464379	601	28	0.0000535706	0.000000037873
6	108464380	110304246	1040	28	0.0004302319	0.000000059035
6	110304247	112345013	1175	28	0.0002314661	0.000000060662
6	112345014	114220832	1374	28	0.0001424158	0.000000058230
6	114220833	116131395	1139	28	0.0002566152	0.000000053347
6	116131396	117672971	1025	28	0.0001578043	0.000000047534
6	117672972	118963114	1008	28	0.0000691180	0.000000026921
6	118963115	119963277	788	28	0.0000653140	0.000000029783
6	119963278	120512127	503	26	0.0000719059	0.000000020271
6	120512128	121905675	1056	28	-0.0000310479	0.000000034497
6	121905676	123856180	1425	28	0.0001026204	0.000000058328
6	123856181	125424382	1241	28	0.0001514863	0.000000058122
6	125424383	127540460	1051	28	0.0002501876	0.000000049527
6	127540461	129861030	1481	28	0.0000218701	0.000000055225
6	129861031	130935453	1035	28	0.0004193805	0.000000064509
6	130935454	132765668	1348	28	0.0002853266	0.000000060939
6	132765669	134244242	1286	28	0.0001931433	0.000000052240
6	134244243	136224176	1229	28	0.0001102410	0.000000056959
6	136224177	137614217	634	28	0.0002414257	0.000000048294
6	137614218	138822628	921	28	0.0001431347	0.000000058552
6	138822629	139845435	693	28	0.0007314429	0.000000066230
6	139845436	142288478	1354	28	0.0001988683	0.000000058546
6	142288479	145319809	2127	28	0.0001016286	0.000000055102
6	145319810	146665423	885	28	0.0000370497	0.000000026676
6	146665424	148920351	1825	28	0.0000829254	0.000000055734
6	148920352	150253403	1052	28	0.0001190119	0.000000057968
6	150253404	151912702	1639	28	0.0001993394	0.000000059334
6	151912703	153094495	1021	28	0.0003342369	0.000000060926
6	153094496	154974119	1774	28	0.0003681043	0.000000063243
6	154974120	156763325	1367	28	0.0000076047	0.000000053673
6	156763326	158218718	629	28	0.0002515164	0.000000051370
6	158218719	160580496	2068	28	0.0002311458	0.000000058150
6	160580497	162169563	1503	28	0.0004667169	0.000000053864
6	162169564	162931202	696	28	0.0000824544	0.000000049800
6	162931203	164383520	1396	28	0.0001023673	0.000000055702
6	164383521	165586863	1288	28	0.0000786602	0.000000058082
6	165586864	167024732	1518	28	0.0003487350	0.000000062856
6	167024733	168042834	868	28	0.0002096436	0.000000058967
6	168042835	169382049	1223	28	0.0001174903	0.000000058451
6	169382050	170330172	814	28	0.0001770031	0.000000044138
6	170330173	171051269	471	28	0.0000985692	0.000000034100
7	16161	972751	149	20	0.0001946059	0.000000018537
7	972752	1353066	129	18	0.0001436184	0.000000017284
7	1353067	2062397	232	28	0.0002115555	0.000000027256
7	2062398	2772226	331	28	0.0000546999	0.000000029538
7	2772227	4573427	1704	28	0.0000318365	0.000000054190
7	4573428	5416231	307	28	0.0000964487	0.000000035122
7	5416232	5854525	154	19	0.0002580314	0.000000020544
7	5854526	6573856	227	28	0.0001145603	0.000000022152
7	6573857	7808751	851	28	0.0002089730	0.000000060469
7	7808752	9123422	1529	28	0.0001627343	0.000000059482
7	9123423	9987498	847	28	0.0001914264	0.000000059933
7	9987499	11299197	1160	28	0.0001423570	0.000000058307
7	11299198	12635460	1611	28	0.0001444874	0.000000057459
7	12635461	13884201	1326	28	0.0000872248	0.000000056672
7	13884202	15143656	1743	28	0.0000242462	0.000000029723
7	15143657	16902068	1585	28	0.0003449674	0.000000063035
7	16902069	19481546	2012	28	0.0000785456	0.000000054937
7	19481547	20124907	570	28	0.0001291732	0.000000038171
7	20124908	22507628	2315	28	0.0000617386	0.000000055003
7	22507629	23471441	567	28	0.0003455303	0.000000051037
7	23471442	25077258	1313	28	0.0000311281	0.000000054233
7	25077259	25909554	946	28	0.0002533275	0.000000057759
7	25909555	28360308	2143	28	0.0002819033	0.000000049725
7	28360309	31137288	2078	28	-0.0000012351	0.000000053161
7	31137289	33555767	2045	28	0.0003298592	0.000000063216
7	33555768	36213537	2030	28	-0.0000056910	0.000000053087
7	36213538	37555183	1142	28	0.0000440499	0.000000055306
7	37555184	38966702	1283	28	0.0000909839	0.000000055983
7	38966703	39862669	615	28	0.0002877512	0.000000041432
7	39862670	42001810	1287	28	0.0001008872	0.000000056508
7	42001811	43159073	857	28	0.0000782123	0.000000050786
7	43159074	44763827	1049	28	0.0006187555	0.000000059105
7	44763828	45952921	680	28	0.0003737165	0.000000053083
7	45952922	46986719	1010	28	0.0000995699	0.000000047182
7	46986720	49212277	1794	28	0.0002026433	0.000000058320
7	49212278	51675321	1905	28	0.0001894951	0.000000058093
7	51675322	53176311	1574	28	0.0002508828	0.000000060169
7	53176312	54222975	895	28	0.0001967060	0.000000044253
7	54222976	55691583	1127	28	0.0002203943	0.000000060176
7	55691584	57382637	596	28	0.0001315584	0.000000033317
7	57382638	63307358	418	25	0.0000368248	0.000000026599
7	63307359	63641124	145	9	0.0000127721	0.000000006902
7	63641125	65689808	713	28	0.0002736026	0.000000038860
7	65689809	68234073	1540	28	0.0001773558	0.000000057975
7	68234074	69085363	509	28	0.0002157214	0.000000035740
7	69085364	71874884	1571	28	0.0002302904	0.000000059586
7	71874885	73334601	397	28	0.0042214055	0.000000126102
7	73334602	76458563	568	28	0.0002739669	0.000000050451
7	76458564	78093858	1167	28	0.0002175312	0.000000058572
7	78093859	79888068	1424	28	0.0000361259	0.000000055223
7	79888069	82022685	1525	28	0.0000836164	0.000000055631
7	82022686	83801202	1416	28	0.0000593717	0.000000055689
7	83801203	85572181	1045	28	0.0003246873	0.000000049487
7	85572182	87825003	1197	28	0.0002711883	0.000000056347
7	87825004	90661783	2561	28	0.0001047370	0.000000057155
7	90661784	92493751	714	28	0.0002405945	0.000000045121
7	92493752	93966600	760	28	-0.0000081132	0.000000046086
7	93966601	96073507	1311	28	0.0002553130	0.000000060469
7	96073508	97099569	613	28	0.0001723858	0.000000040922
7	97099570	98715473	797	28	0.0001585468	0.000000050119
7	98715474	100196650	367	28	0.0000799698	0.000000021481
7	100196651	101199252	384	28	0.0001205712	0.000000031777
7	101199253	103197509	694	28	0.0001465232	0.000000048152
7	103197510	104159524	942	28	0.0001053248	0.000000054586
7	104159525	105682904	834	28	0.0001938167	0.000000057327
7	105682905	107780177	1404	28	0.0005463188	0.000000067744
7	107780178	109647593	1237	28	0.0001370311	0.000000055843
7	109647594	112618683	1616	28	0.0001603082	0.000000057846
7	112618684	113712386	544	28	0.0001268765	0.000000030545
7	113712387	116780177	1608	28	0.0003325740	0.000000055382
7	116780178	118351580	893	28	0.0002179284	0.000000037584
7	118351581	121045272	1098	28	0.0002391030	0.000000049609
7	121045273	121933629	439	28	0.0003334478	0.000000031977
7	121933630	124156804	1598	28	0.0002496436	0.000000060761
7	124156805	124167551	9	2	0.0000219011	0.000000001319
7	124167552	126519169	1809	28	0.0000396749	0.000000055823
7	126519170	126869220	380	22	0.0000267213	0.000000015726
7	126869221	128778385	1061	28	0.0003601397	0.000000060728
7	128778386	130422413	734	28	0.0004358974	0.000000058044
7	130422414	132805847	1710	28	0.0002111894	0.000000058699
7	132805848	134307595	1012	28	0.0001032883	0.000000048038
7	134307596	135591082	959	28	0.0001827662	0.000000056890
7	135591083	136876561	945	28	0.0002146552	0.000000052761
7	136876562	138744678	1090	28	0.0002727374	0.000000061457
7	138744679	139933176	493	28	0.0001249451	0.000000036617
7	139933177	140235209	168	28	0.0001026748	0.000000016556
7	140235210	141226556	519	28	0.0001682536	0.000000034178
7	141226557	142656309	683	28	0.0001552973	0.000000034766
7	142656310	144968288	1123	28	0.0001427114	0.000000057585
7	144968289	146427959	1042	28	0.0000641296	0.000000048050
7	146427960	147815317	1416	28	0.0003050517	0.000000062921
7	147815318	149840657	1037	28	0.0003413183	0.000000063531
7	149840658	150711504	589	28	0.0002253759	0.000000036390
7	150711505	152249805	710	28	0.0002125799	0.000000062043
7	152249806	153674018	950	28	0.0000070102	0.000000056198
7	153674019	154964729	951	28	0.0001486231	0.000000060669
7	154964730	156065249	870	28	0.0001404246	0.000000061976
7	156065250	157634596	915	28	0.0000267687	0.000000051686
7	157634597	159128574	819	28	0.0003511641	0.000000064325
8	10422	1044216	689	28	-0.0000300254	0.000000052178
8	1044217	1163244	125	15	0.0001408241	0.000000014518
8	1163245	2042941	721	28	0.0000989780	0.000000055035
8	2042942	2573278	557	28	0.0000824964	0.000000048885
8	2573279	3392925	1108	28	0.0001362618	0.000000056540
8	3392926	3783016	865	28	0.0002014571	0.000000059873
8	3783017	4480475	1270	28	0.0002421973	0.000000059189
8	4480476	5146926	955	28	0.0000604875	0.000000055263
8	5146927	6142796	1741	28	0.0000200986	0.000000053855
8	6142797	7153078	913	28	0.0002518040	0.000000062517
8	7153079	9154693	1126	28	0.0003537157	0.000000058714
8	9154694	9640786	583	28	0.0006048154	0.000000036748
8	9640787	10463196	922	28	0.0005782755	0.000000065080
8	10463197	11278997	856	28	0.0004352980	0.000000048176
8	11278998	13491774	1470	28	0.0005322030	0.000000065351
8	13491775	13944991	692	28	0.0001324828	0.000000046335
8	13944992	15991659	2223	28	0.0001295256	0.000000057013
8	15991660	17387875	1143	28	0.0000835091	0.000000056064
8	17387876	17836398	524	28	0.0001192611	0.000000041046
8	17836399	19492839	1819	28	0.0006155850	0.000000067634
8	19492840	20060855	763	28	0.0083320471	0.000000224957
8	20060856	21661736	1536	28	0.0000227692	0.000000055062
8	21661737	22897056	691	28	0.0002043783	0.000000059278
8	22897057	24674717	1258	28	0.0002297426	0.000000058281
8	24674718	25483453	527	28	0.0002654344	0.000000036232
8	25483454	26682524	1146	28	0.0005146284	0.000000064720
8	26682525	28162391	1490	28	0.0001587410	0.000000058151
8	28162392	29327895	650	28	0.0000544704	0.000000037997
8	29327896	31133728	1057	28	0.0001574042	0.000000057245
8	31133729	31548359	271	27	0.0004253981	0.000000027760
8	31548360	32977217	1035	28	0.0001556759	0.000000052233
8	32977218	35317231	1431	28	0.0004148857	0.000000058918
8	35317232	37379388	802	28	0.0004415430	0.000000053970
8	37379389	38938805	540	28	0.0000727556	0.000000036758
8	38938806	40703336	1163	28	0.0002282582	0.000000059613
8	40703337	41721453	734	28	0.0000913388	0.000000051115
8	41721454	42773822	300	27	0.0001102555	0.000000022338
8	42773823	46841314	106	10	0.0000377612	0.000000008149
8	46841315	50082469	822	28	0.0002590843	0.000000048921
8	50082470	53302929	2229	28	0.0001689057	0.000000059534
8	53302930	54418043	807	28	0.0002192540	0.000000042571
8	54418044	55945580	1011	28	0.0002379079	0.000000053578
8	55945581	56956382	720	28	0.0002156554	0.000000043414
8	56956383	59068650	1609	28	0.0002003848	0.000000058503
8	59068651	59728099	617	28	0.0002733661	0.000000038209
8	59728100	62329098	1754	28	0.0001623489	0.000000058806
8	62329099	63349305	753	28	0.0000907083	0.000000033868
8	63349306	65232871	1282	28	0.0001127160	0.000000055059
8	65232872	66489089	732	28	0.0001252691	0.000000040947
8	66489090	69863056	1745	28	0.0002361415	0.000000059767
8	69863057	70867978	890	28	0.0001889531	0.000000057389
8	70867979	72289453	981	28	0.0003085682	0.000000053847
8	72289454	73817198	1495	28	0.0002024897	0.000000059070
8	73817199	75445063	1145	28	0.0003012370	0.000000061052
8	75445064	76456541	697	28	0.0001926512	0.000000035925
8	76456542	79132860	1824	28	0.0002973478	0.000000061555
8	79132861	81956394	1547	28	0.0002067139	0.000000059516
8	81956395	82693738	506	28	0.0003044056	0.000000033503
8	82693739	84225588	1180	28	0.0000674032	0.000000042446
8	84225589	85955618	955	28	0.0001403756	0.000000041118
8	85955619	87411708	511	28	0.0000089059	0.000000023564
8	87411709	89085480	1094	28	0.0000518829	0.000000050600
8	89085481	90638161	950	28	0.0001692972	0.000000045170
8	90638162	93554385	1512	28	0.0002432484	0.000000061481
8	93554386	95005526	771	28	0.0003111821	0.000000053410
8	95005527	96534805	1142	28	0.0002667455	0.000000058674
8	96534806	99401580	2056	28	0.0001605772	0.000000057339
8	99401581	101620957	810	28	0.0001627120	0.000000041456
8	101620958	104123305	1894	28	0.0001232666	0.000000056502
8	104123306	104988751	700	28	0.0000102075	0.000000024691
8	104988752	107410753	1817	28	0.0000471081	0.000000054457
8	107410754	108648176	1091	28	0.0000907439	0.000000048532
8	108648177	109248172	509	28	0.0001563691	0.000000023675
8	109248173	110484313	946	28	0.0000529253	0.000000032810
8	110484314	111850846	734	28	0.0002280596	0.000000034904
8	111850847	113064319	743	28	0.0003049750	0.000000030770
8	113064320	116096494	2138	28	0.0000644673	0.000000056012
8	116096495	119685456	2547	28	-0.0000217445	0.000000051606
8	119685457	121201699	1212	28	0.0001650720	0.000000056535
8	121201700	124861458	2674	28	0.0000188690	0.000000053700
8	124861459	125683718	574	28	0.0003034871	0.000000043150
8	125683719	126410916	473	28	0.0003114140	0.000000039210
8	126410917	128659110	1863	28	0.0035651548	0.000000145477
8	128659111	130381138	1454	28	0.0000064256	0.000000052922
8	130381139	131639624	936	28	0.0001568311	0.000000055647
8	131639625	133351143	1606	28	0.0002675417	0.000000061686
8	133351144	134570000	1376	28	0.0002239696	0.000000059849
8	134570001	136035604	1573	28	0.0000938244	0.000000054816
8	136035605	137524150	1264	28	0.0000418795	0.000000055255
8	137524151	139254829	1740	28	0.0000499483	0.000000058892
8	139254830	140725642	1409	28	0.0001755339	0.000000060008
8	140725643	143044913	1476	28	0.0001172888	0.000000057237
8	143044914	144236880	680	28	0.0001751098	0.000000050111
8	144236881	146303866	561	28	0.0001757720	0.000000053296
9	10023	1079706	1008	28	0.0000448218	0.000000053458
9	1079707	1916876	1204	28	0.0003565419	0.000000063885
9	1916877	3190063	1436	28	0.0000896930	0.000000056678
9	3190064	4495327	1414	28	0.0000507095	0.000000047524
9	4495328	4884925	426	28	-0.0000230745	0.000000032018
9	4884926	6557588	1038	28	0.0000458885	0.000000053290
9	6557589	7154922	583	28	0.0000533869	0.000000045472
9	7154923	8456298	1804	28	0.0001158589	0.000000057054
9	8456299	9166402	770	28	0.0001494873	0.000000057530
9	9166403	10879252	2032	28	0.0001994734	0.000000059319
9	10879253	12276488	1420	28	0.0000289985	0.000000054942
9	12276489	14836362	2532	28	0.0000776664	0.000000055917
9	14836363	16659654	1644	28	0.0002958904	0.000000057069
9	16659655	18661050	2025	28	0.0005323195	0.000000067526
9	18661051	20463533	1585	28	0.0001178936	0.000000057149
9	20463534	22206558	1499	28	0.0001264467	0.000000049356
9	22206559	24158517	1339	28	0.0002205185	0.000000059283
9	24158518	25330809	702	28	0.0001230760	0.000000055214
9	25330810	26111756	592	28	0.0000257411	0.000000051832
9	26111757	28224282	1929	28	0.0001119266	0.000000057136
9	28224283	28811583	615	28	0.0000673477	0.000000028432
9	28811584	30387391	1521	28	0.0001160134	0.000000056952
9	30387392	31310382	807	28	0.0002686633	0.000000040502
9	31310383	32019367	639	28	0.0001160064	0.000000026960
9	32019368	33578333	1267	28	0.0001529604	0.000000058525
9	33578334	34642242	563	28	0.0004509372	0.000000034541
9	34642243	36743282	1007	28	0.0003540243	0.000000062058
9	36743283	38641598	1356	28	0.0000041913	0.000000053728
9	38641599	65472189	186	26	0.0000229538	0.000000015644
9	65472190	72512710	1085	28	0.0000631329	0.000000052927
9	72512711	72753754	212	15	0.0000575848	0.000000010035
9	72753755	74253039	1212	28	0.0000643708	0.000000055061
9	74253040	76203945	1214	28	0.0001121940	0.000000056923
9	76203946	76973080	518	28	0.0001115029	0.000000024737
9	76973081	78900182	1681	28	0.0001414973	0.000000051579
9	78900183	79471207	483	28	0.0001425062	0.000000041136
9	79471208	81079054	1137	28	0.0001618117	0.000000057310
9	81079055	82590927	1265	28	0.0001640276	0.000000057025
9	82590928	84211232	1637	28	0.0002911871	0.000000063027
9	84211233	85440800	639	28	0.0002560273	0.000000050959
9	85440801	86938195	1283	28	0.0004184881	0.000000064978
9	86938196	88109332	957	28	0.0000748927	0.000000052603
9	88109333	88590416	202	18	0.0001637273	0.000000016819
9	88590417	90136245	1186	28	0.0001327458	0.000000057134
9	90136246	92528697	1645	28	0.0002985984	0.000000062092
9	92528698	94167202	1221	28	0.0004377206	0.000000066042
9	94167203	96671697	1585	28	0.0001253036	0.000000057214
9	96671698	98922039	1235	28	0.0001804638	0.000000056485
9	98922040	101592858	1538	28	0.0002158632	0.000000058471
9	101592859	104624436	2131	28	0.0002797733	0.000000061659
9	104624437	105967975	1512	28	0.0000841733	0.000000056633
9	105967976	107581748	1656	28	0.0001127061	0.000000057246
9	107581749	109298753	1248	28	0.0001633296	0.000000052343
9	109298754	110695061	1071	28	0.0000563555	0.000000054720
9	110695062	112778023	2275	28	0.0003005915	0.000000061247
9	112778024	114831081	1780	28	0.0001954441	0.000000058625
9	114831082	115693144	681	28	0.0002431276	0.000000038952
9	115693145	117019800	1170	28	0.0000857420	0.000000056570
9	117019801	117921959	886	28	0.0001970268	0.000000057407
9	117921960	121321536	3029	28	0.0000893182	0.000000055934
9	121321537	122260296	794	28	0.0000724076	0.000000044340
9	122260297	124871321	1579	28	0.0001153653	0.000000056339
9	124871322	126971886	1210	28	0.0001991212	0.000000058275
9	126971887	129059664	952	28	0.0001068774	0.000000055913
9	129059665	130055509	619	28	0.0002032955	0.000000042622
9	130055510	132165469	906	28	0.0003630366	0.000000062464
9	132165470	133223216	596	28	0.0003215543	0.000000054224
9	133223217	134127887	540	28	0.0001857397	0.000000050735
9	134127888	135298841	730	28	0.0000052194	0.000000048876
9	135298842	137041121	1447	28	0.0000905663	0.000000052132
9	137041122	137589363	368	28	0.0000868043	0.000000038794
9	137589364	138938977	1130	28	0.0002824438	0.000000065938
9	138938978	139500341	199	27	0.0000728051	0.000000020090
9	139500342	141144795	357	28	0.0003243784	0.000000042626
10	60523	751338	224	18	0.0000642345	0.000000021270
10	751339	1523543	622	28	0.0000544451	0.000000045612
10	1523544	2254499	935	28	0.0000411558	0.000000055771
10	2254500	3352698	1278	28	-0.0000020983	0.000000055048
10	3352699	4572273	1237	28	0.0001421115	0.000000057200
10	4572274	5983761	1381	28	0.0003981703	0.000000064300
10	5983762	7171483	1243	28	0.0001105261	0.000000056469
10	7171484	8774664	1579	28	-0.0000318366	0.000000053170
10	8774665	10249395	1226	28	0.0000190159	0.000000055079
10	10249396	12586796	2019	28	0.0001463202	0.000000054889
10	12586797	13321599	752	28	0.0001405689	0.000000057661
10	13321600	15026067	1635	28	0.0000557513	0.000000055043
10	15026068	16551766	1105	28	0.0001502485	0.000000059155
10	16551767	18537266	1510	28	0.0001745195	0.000000057107
10	18537267	19716877	1263	28	0.0003070507	0.000000060867
10	19716878	22772282	2024	28	0.0000230049	0.000000053903
10	22772283	23175131	274	20	-0.0000087939	0.000000016921
10	23175132	25578595	1539	28	0.0002047203	0.000000059575
10	25578596	26888683	1266	28	0.0000270077	0.000000050649
10	26888684	29323235	1920	28	0.0000530091	0.000000055085
10	29323236	29783691	527	28	0.0002393737	0.000000039589
10	29783692	30458837	713	28	0.0001401722	0.000000051842
10	30458838	31907518	1025	28	0.0000878483	0.000000057128
10	31907519	33707967	1315	28	0.0003993835	0.000000062696
10	33707968	35109354	1026	28	0.0001635008	0.000000056582
10	35109355	36572507	905	28	0.0002219538	0.000000052704
10	36572508	37790028	751	28	0.0002041961	0.000000044345
10	37790029	42372578	579	18	0.0001046017	0.000000017439
10	42372579	43894770	674	28	0.0001674831	0.000000040960
10	43894771	44730074	865	28	0.0002068091	0.000000029993
10	44730075	48760449	1557	28	0.0001018250	0.000000050645
10	48760450	50840914	1278	28	0.0003571025	0.000000062820
10	50840915	53616628	1469	28	0.0002676342	0.000000061160
10	53616629	55103571	1482	28	0.0002209999	0.000000060112
10	55103572	57031139	1958	28	0.0000971277	0.000000057214
10	57031140	57662145	512	25	0.0000737534	0.000000018457
10	57662146	58959527	1239	28	0.0001088786	0.000000035275
10	58959528	60289986	1113	28	0.0001632616	0.000000042229
10	60289987	61891408	1142	28	0.0000317165	0.000000054050
10	61891409	62659678	654	28	0.0001558590	0.000000034959
10	62659679	63341694	324	26	0.0000793929	0.000000019974
10	63341695	65794113	1867	28	0.0006787395	0.000000063874
10	65794114	67549614	1247	28	0.0002125630	0.000000055272
10	67549615	69900147	2003	28	0.0002084845	0.000000059808
10	69900148	70195990	191	14	0.0001364039	0.000000013176
10	70195991	72220849	1531	28	0.0001555523	0.000000054511
10	72220850	73508511	1346	28	0.0001327098	0.000000058052
10	73508512	75422549	688	28	0.0002373292	0.000000038256
10	75422550	78706813	1593	28	0.0001754619	0.000000057558
10	78706814	80876748	1892	28	0.0002975270	0.000000061876
10	80876749	82414678	984	28	0.0001612145	0.000000056602
10	82414679	84383744	1573	28	0.0000588170	0.000000055626
10	84383745	85458702	1144	28	0.0001368983	0.000000045570
10	85458703	87937576	2184	28	0.0000883925	0.000000057384
10	87937577	89127063	481	28	0.0002549788	0.000000036060
10	89127064	91013380	1402	28	0.0001911369	0.000000057919
10	91013381	92006580	834	28	0.0000608990	0.000000045080
10	92006581	93335046	1002	28	0.0000611688	0.000000050565
10	93335047	95396367	1252	28	0.0007361800	0.000000067006
10	95396368	96221242	540	28	0.0002230961	0.000000033882
10	96221243	97822356	1026	28	0.0000805740	0.000000047249
10	97822357	100241301	1502	28	0.0001707487	0.000000057811
10	100241302	100668399	336	18	0.0000973063	0.000000016745
10	100668400	102949238	1286	28	0.0001668619	0.000000055803
10	102949239	104380409	560	28	0.0001124054	0.000000022479
10	104380410	106695047	1576	28	0.0001275571	0.000000043722
10	106695048	108726685	1592	28	0.0002275722	0.000000061615
10	108726686	110317704	1450	28	-0.0000484363	0.000000052653
10	110317705	112561492	1613	28	0.0002362244	0.000000061558
10	112561493	115328431	2048	28	0.0001941805	0.000000054068
10	115328432	116421405	907	28	0.0002363563	0.000000059724
10	116421406	119523933	1995	28	0.0001309012	0.000000057644
10	119523934	120591352	752	28	0.0002420337	0.000000056791
10	120591353	122407322	1233	28	0.0000696895	0.000000055476
10	122407323	123231464	731	28	0.0000097625	0.000000048288
10	123231465	123900544	488	28	0.0001216720	0.000000037336
10	123900545	125869345	1456	28	0.0000244799	0.000000052139
10	125869346	128001097	1783	28	0.0000485156	0.000000054514
10	128001098	129154361	944	28	0.0001351388	0.000000057886
10	129154362	130844283	1690	28	0.0001443670	0.000000057456
10	130844284	131741326	813	28	0.0001845186	0.000000055191
10	131741327	132580244	896	28	0.0000146216	0.000000050168
10	132580245	134336328	1714	28	0.0001918801	0.000000058958
10	134336329	134494672	58	6	0.0001102331	0.000000006653
10	134494673	135523864	433	28	0.0000893854	0.000000038458
11	70855	1213589	352	28	0.0001841704	0.000000032665
11	1213590	3665480	1841	28	0.0001339023	0.000000048726
11	3665481	4746708	848	28	0.0000527311	0.000000053159
11	4746709	6322868	2117	28	0.0000338462	0.000000055208
11	6322869	7436700	1001	28	0.0002161418	0.000000059983
11	7436701	8333273	826	28	0.0002718010	0.000000058996
11	8333274	9087316	625	28	0.0000524208	0.000000027204
11	9087317	10952026	1395	28	0.0002294743	0.000000047865
11	10952027	12564228	1965	28	0.0002422060	0.000000059878
11	12564229	13373123	784	28	0.0003686879	0.000000055675
11	13373124	15742551	1626	28	-0.0000010673	0.000000053492
11	15742552	17578401	1301	28	0.0001361126	0.000000044177
11	17578402	19569534	1468	28	0.0001312568	0.000000057227
11	19569535	21017137	1371	28	0.0001313452	0.000000058242
11	21017138	22374141	1180	28	0.0000910052	0.000000055799
11	22374142	24088516	1486	28	0.0001366361	0.000000058595
11	24088517	26045752	1745	28	0.0001891564	0.000000060808
11	26045753	27020460	813	28	0.0001060856	0.000000042672
11	27020461	28481592	832	28	0.0005156028	0.000000045117
11	28481593	30141356	972	28	0.0004634056	0.000000057207
11	30141357	32276900	1283	28	0.0002609796	0.000000060543
11	32276901	33958738	999	28	0.0001034180	0.000000056390
11	33958739	35502604	1563	28	0.0002254531	0.000000060206
11	35502605	37116814	1357	28	0.0000580976	0.000000055324
11	37116815	39382002	1477	28	0.0002698103	0.000000058572
11	39382003	42310002	2226	28	0.0000709432	0.000000056752
11	42310003	44693798	1912	28	0.0001758787	0.000000057688
11	44693799	47006136	1505	28	0.0002483420	0.000000047009
11	47006137	49866049	1335	28	0.0005755402	0.000000041430
11	49866050	54695472	434	10	0.0001021721	0.000000013107
11	54695473	55082656	34	5	0.0000292580	0.000000003062
11	55082657	58457494	2696	28	0.0003192662	0.000000064613
11	58457495	58780548	179	10	0.0001261636	0.000000010231
11	58780549	62223770	1831	28	0.0012097296	0.000000083267
11	62223771	63804568	455	28	0.0001156558	0.000000031054
11	63804569	65898630	707	28	0.0005325188	0.000000060152
11	65898631	68005824	464	28	0.0002802064	0.000000038112
11	68005825	69516129	840	28	0.0003928094	0.000000061689
11	69516130	70926291	847	28	0.0001750879	0.000000059014
11	70926292	72286016	583	28	0.0001204411	0.000000035697
11	72286017	74412350	1065	28	0.0000921895	0.000000050102
11	74412351	76797208	1268	28	0.0003032918	0.000000061017
11	76797209	78355057	780	28	0.0002370083	0.000000041976
11	78355058	80722372	2063	28	0.0000524035	0.000000055252
11	80722373	81266711	635	28	0.0001032975	0.000000037340
11	81266712	84381271	2570	28	0.0000811492	0.000000056361
11	84381272	86619300	1514	28	0.0002280014	0.000000060135
11	86619301	87430234	719	28	0.0001640338	0.000000037362
11	87430235	89208935	1171	28	0.0002549305	0.000000060193
11	89208936	90966489	983	28	0.0001701192	0.000000043270
11	90966490	92077143	829	28	0.0001012774	0.000000040981
11	92077144	93276156	818	28	0.0002847004	0.000000047260
11	93276157	94242259	548	28	0.0001738319	0.000000030723
11	94242260	95726040	1136	28	0.0001709197	0.000000058918
11	95726041	97057057	948	28	-0.0000040983	0.000000054164
11	97057058	98705064	1361	28	0.0001715084	0.000000058007
11	98705065	100417168	1765	28	0.0000046298	0.000000053622
11	100417169	101331120	1074	28	0.0000896044	0.000000039436
11	101331121	103959635	2428	28	0.0001690918	0.000000058037
11	103959636	104873283	660	28	0.0002270084	0.000000028875
11	104873284	106520893	1137	28	0.0001087609	0.000000048486
11	106520894	107844199	980	28	0.0000747622	0.000000055403
11	107844200	108437036	213	13	0.0001201102	0.000000012967
11	108437037	109866115	719	28	0.0001064924	0.000000044459
11	109866116	111114396	991	28	0.0002896550	0.000000058350
11	111114397	112459487	687	28	0.0002672259	0.000000043192
11	112459488	114257727	1492	28	0.0002827550	0.000000060535
11	114257728	114830665	486	28	0.0001146261	0.000000026324
11	114830666	116383347	1161	28	0.0001653462	0.000000058503
11	116383348	117747109	1164	28	0.0151286889	0.000000423621
11	117747110	119215475	814	28	0.0002108141	0.000000058119
11	119215476	120766805	1066	28	0.0002681845	0.000000060301
11	120766806	121175942	397	28	0.0000416236	0.000000023518
11	121175943	122591909	923	28	0.0002082496	0.000000058845
11	122591910	123500116	662	28	0.0000786844	0.000000054205
11	123500117	124495527	981	28	0.0001710314	0.000000044260
11	124495528	126311319	1399	28	0.0002292934	0.000000057193
11	126311320	127316678	1035	28	0.0002333513	0.000000059885
11	127316679	128188536	631	28	0.0002619567	0.000000042332
11	128188537	130342574	1434	28	0.0001567925	0.000000057496
11	130342575	131074611	708	28	0.0000964842	0.000000053086
11	131074612	133000045	1962	28	0.0000588682	0.000000056239
11	133000046	134205992	903	28	0.0000322164	0.000000054918
11	134205993	134946451	827	28	0.0001950186	0.000000058239
12	61107	1080330	515	28	0.0003688572	0.000000047380
12	1080331	2544785	824	28	0.0001889654	0.000000060994
12	2544786	3677036	864	28	0.0000641458	0.000000054868
12	3677037	4417678	624	28	0.0001325734	0.000000050860
12	4417679	5321471	868	28	0.0002869975	0.000000061368
12	5321472	6419752	993	28	0.0002170744	0.000000058411
12	6419753	8377535	814	28	0.0001981439	0.000000058000
12	8377536	9031394	230	28	-0.0000190610	0.000000018236
12	9031395	10481533	1038	28	0.0001968117	0.000000058982
12	10481534	11754845	737	28	0.0000462629	0.000000041065
12	11754846	12733527	726	28	0.0000098022	0.000000054109
12	12733528	15241483	1909	28	0.0001266128	0.000000057425
12	15241484	16310459	464	28	0.0000599469	0.000000031611
12	16310460	18087872	1285	28	0.0002302930	0.000000060117
12	18087873	20863942	2213	28	0.0001269597	0.000000055125
12	20863943	23820633	2119	28	0.0004321258	0.000000064128
12	23820634	25371082	1423	28	0.0000717131	0.000000055306
12	25371083	27799772	2147	28	0.0003892627	0.000000060988
12	27799773	29651254	1522	28	0.0003065544	0.000000061557
12	29651255	30512405	1166	28	0.0001241634	0.000000055616
12	30512406	32165591	1327	28	0.0001251084	0.000000055567
12	32165592	33076988	826	28	0.0001467908	0.000000049782
12	33076989	37856716	1021	28	0.0002575600	0.000000040643
12	37856717	39227168	456	17	0.0001598807	0.000000019750
12	39227169	40816184	1296	28	0.0002120803	0.000000054478
12	40816185	41658585	805	28	0.0000181891	0.000000033280
12	41658586	43984473	2099	28	0.0000412445	0.000000055248
12	43984474	46024228	1085	28	0.0001149105	0.000000048126
12	46024229	47714792	906	28	0.0002592385	0.000000056695
12	47714793	49001865	997	28	0.0000465664	0.000000053785
12	49001866	51776493	1023	28	0.0004038211	0.000000060387
12	51776494	53039003	1066	28	0.0002457250	0.000000059631
12	53039004	54778822	962	28	0.0003269956	0.000000060921
12	54778823	55665836	571	28	0.0002996860	0.000000039679
12	55665837	57548859	646	28	0.0003382692	0.000000043368
12	57548860	59308665	834	28	0.0003889575	0.000000050884
12	59308666	61123728	1082	28	0.0001464328	0.000000050867
12	61123729	64032460	2322	28	0.0001998632	0.000000059673
12	64032461	65559694	712	28	0.0002143509	0.000000049244
12	65559695	67181143	1000	28	0.0001906423	0.000000055600
12	67181144	67909728	702	28	0.0002167240	0.000000036901
12	67909729	69826541	1469	28	0.0002556417	0.000000060562
12	69826542	70957986	1100	28	0.0001662746	0.000000052729
12	70957987	72645074	1183	28	0.0000841982	0.000000053023
12	72645075	73818453	728	28	0.0002075172	0.000000040360
12	73818454	76511313	1737	28	0.0001229546	0.000000057755
12	76511314	78570569	1607	28	0.0001099119	0.000000056670
12	78570570	80448149	904	28	0.0001336835	0.000000050644
12	80448150	81467766	737	28	0.0003159728	0.000000039535
12	81467767	83502665	1289	28	0.0001610381	0.000000058232
12	83502666	84303843	615	28	0.0001636859	0.000000027608
12	84303844	85990425	1031	28	0.0000466390	0.000000035432
12	85990426	89682121	1948	28	0.0001394838	0.000000058325
12	89682122	92066154	1580	28	0.0001606344	0.000000051895
12	92066155	94514566	1772	28	0.0000263085	0.000000054588
12	94514567	96020784	1150	28	0.0000856060	0.000000055217
12	96020785	97108838	842	28	0.0001029547	0.000000053668
12	97108839	99305986	1740	28	0.0001557471	0.000000057797
12	99305987	101447640	1368	28	-0.0000397724	0.000000052152
12	101447641	101862689	261	21	0.0001832660	0.000000020209
12	101862690	102964985	724	28	0.0000638714	0.000000031924
12	102964986	104848695	1451	28	0.0001714813	0.000000057979
12	104848696	106436212	1449	28	0.0001730480	0.000000059057
12	106436213	106958747	404	28	0.0002647248	0.000000034791
12	106958748	109025900	1353	28	0.0003635638	0.000000063313
12	109025901	110336718	892	28	0.0002860477	0.000000041460
12	110336719	113263517	1082	28	0.0003104161	0.000000036169
12	113263518	113986708	362	28	0.0002013544	0.000000029560
12	113986709	115036601	1046	28	0.0002405563	0.000000059439
12	115036602	115503215	444	28	0.0001144413	0.000000020870
12	115503216	117087470	1269	28	0.0001571060	0.000000055660
12	117087471	118135374	780	28	0.0001728151	0.000000059425
12	118135375	119754109	1224	28	0.0002021423	0.000000058919
12	119754110	122007650	1223	28	0.0001256844	0.000000048300
12	122007651	124977979	1062	28	0.0007235566	0.000000066810
12	124977980	126445504	1100	28	0.0002387803	0.000000059323
12	126445505	127875097	1324	28	0.0003828634	0.000000065491
12	127875098	129237296	1336	28	0.0001828889	0.000000060493
12	129237297	130377920	1219	28	0.0002209329	0.000000060338
12	130377921	131786750	1358	28	0.0000152344	0.000000055225
12	131786751	132807033	613	28	0.0001691841	0.000000046874
12	132807034	133841510	318	28	0.0004210046	0.000000033581
13	19020013	20686719	704	28	0.0000120102	0.000000040186
13	20686720	22242173	1089	28	0.0000555505	0.000000058137
13	22242174	23594701	1248	28	0.0000585613	0.000000059399
13	23594702	24531936	972	28	0.0001547958	0.000000058331
13	24531937	25784361	1171	28	0.0000243043	0.000000056504
13	25784362	27284361	1122	28	0.0003108876	0.000000063453
13	27284362	29257550	1563	28	0.0002222619	0.000000061431
13	29257551	30483266	1016	28	0.0001334007	0.000000058934
13	30483267	32301814	1451	28	0.0000476501	0.000000056907
13	32301815	33776902	1148	28	0.0001135856	0.000000055686
13	33776903	35026463	974	28	0.0002591980	0.000000058027
13	35026464	36046366	459	28	0.0000150076	0.000000029307
13	36046367	37498184	1232	28	0.0000745122	0.000000057837
13	37498185	38878162	1356	28	0.0000770069	0.000000056266
13	38878163	41069262	1770	28	0.0001989449	0.000000060887
13	41069263	43101026	1253	28	0.0001243482	0.000000057577
13	43101027	44901408	1580	28	0.0003859858	0.000000066452
13	44901409	46495213	952	28	0.0000556345	0.000000057198
13	46495214	47431078	680	28	0.0002580194	0.000000046654
13	47431079	49383961	1370	28	0.0001517943	0.000000059591
13	49383962	51591090	1372	28	0.0004390533	0.000000062755
13	51591091	53339621	681	28	0.0000959986	0.000000052297
13	53339622	54682863	1143	28	0.0002909266	0.000000063406
13	54682864	55817130	843	28	0.0001550385	0.000000038248
13	55817131	57554216	929	28	0.0001908828	0.000000034330
13	57554217	58410625	541	28	0.0001760038	0.000000023102
13	58410626	59302270	667	28	0.0001642508	0.000000027291
13	59302271	60854777	1277	28	0.0001837633	0.000000061129
13	60854778	61591948	669	28	0.0001536457	0.000000036439
13	61591949	63971558	1860	28	0.0001044027	0.000000058575
13	63971559	65200601	1042	28	0.0001040743	0.000000035585
13	65200602	67844452	1661	28	0.0000832474	0.000000057256
13	67844453	70724515	2549	28	0.0002512670	0.000000062803
13	70724516	71526790	707	28	0.0001286887	0.000000049631
13	71526791	73934088	1711	28	0.0001245091	0.000000057949
13	73934089	75670142	1449	28	0.0000059997	0.000000054055
13	75670143	77410554	1603	28	0.0003002568	0.000000063481
13	77410555	78808812	960	28	0.0001339329	0.000000047688
13	78808813	80585675	1201	28	-0.0000171723	0.000000054526
13	80585676	82581813	1520	28	0.0000219333	0.000000056012
13	82581814	84133143	1105	28	0.0000363724	0.000000039083
13	84133144	85610915	1060	28	0.0001636097	0.000000051113
13	85610916	88559881	2102	28	0.0000206473	0.000000056014
13	88559882	90521310	1308	28	0.0000631881	0.000000051040
13	90521311	93129690	2041	28	0.0000546999	0.000000056757
13	93129691	93586454	285	22	0.0001181818	0.000000020281
13	93586455	96087557	2119	28	0.0002585990	0.000000061454
13	96087558	97519209	740	28	0.0001022058	0.000000041675
13	97519210	98938918	816	28	0.0003749193	0.000000065167
13	98938919	100574094	1480	28	0.0000346588	0.000000057009
13	100574095	102300522	1494	28	0.0001319216	0.000000059210
13	102300523	104066709	1807	28	-0.0000079178	0.000000055247
13	104066710	104844113	734	28	0.0002090704	0.000000048701
13	104844114	106247553	1423	28	0.0000722484	0.000000058434
13	106247554	106749999	595	28	0.0001735386	0.000000041030
13	106750000	108189876	1226	28	0.0001790557	0.000000059635
13	108189877	109121209	922	28	0.0001695629	0.000000061460
13	109121210	109815111	737	28	0.0001530187	0.000000045431
13	109815112	111232072	1588	28	0.0002012509	0.000000047333
13	111232073	112247591	811	28	0.0003627631	0.000000063322
13	112247592	113572487	906	28	0.0001511306	0.000000060722
13	113572488	115109852	554	28	0.0001282251	0.000000044417
14	19002084	21589401	967	28	0.0001782946	0.000000058947
14	21589402	23018664	1416	28	0.0002685143	0.000000060766
14	23018665	24905122	1139	28	0.0000925958	0.000000056696
14	24905123	26135685	1233	28	0.0001078753	0.000000057052
14	26135686	28466532	1588	28	0.0000897373	0.000000057573
14	28466533	29972144	879	28	0.0001681564	0.000000049928
14	29972145	32383264	1197	28	0.0001788975	0.000000054999
14	32383265	34846250	2137	28	0.0001662525	0.000000059000
14	34846251	35859592	460	28	0.0002493347	0.000000034396
14	35859593	38667724	1595	28	0.0000762969	0.000000055452
14	38667725	40341989	1131	28	0.0001791888	0.000000059227
14	40341990	41615501	1073	28	0.0001134331	0.000000037465
14	41615502	43137388	944	28	0.0002195152	0.000000045645
14	43137389	44543226	933	28	0.0000241906	0.000000048282
14	44543227	46081895	774	28	0.0001601945	0.000000042207
14	46081896	46749129	506	22	-0.0000091841	0.000000015607
14	46749130	48573585	1512	28	0.0000638002	0.000000055758
14	48573586	49005470	287	18	0.0000400332	0.000000013656
14	49005471	50507759	948	28	0.0002193097	0.000000060473
14	50507760	51493571	677	28	0.0003101980	0.000000051976
14	51493572	53474382	1566	28	0.0003352292	0.000000062316
14	53474383	53997830	393	26	0.0002486082	0.000000025147
14	53997831	55233680	780	28	0.0001608220	0.000000057421
14	55233681	56216879	552	28	0.0001888130	0.000000033356
14	56216880	57481261	1279	28	0.0002022007	0.000000060323
14	57481262	59448335	1432	28	0.0002369697	0.000000060947
14	59448336	61680423	1372	28	0.0001493956	0.000000057427
14	61680424	63790014	1598	28	0.0001722545	0.000000057513
14	63790015	65220297	629	28	0.0002929553	0.000000045377
14	65220298	66399554	746	28	0.0000718356	0.000000047774
14	66399555	67992316	678	28	0.0001745091	0.000000035114
14	67992317	71131956	2188	28	0.0002071666	0.000000058050
14	71131957	72889614	1396	28	0.0000698860	0.000000055691
14	72889615	76444766	2012	28	0.0003053226	0.000000060596
14	76444767	77229471	605	28	0.0003389973	0.000000052963
14	77229472	78561944	1072	28	0.0004128987	0.000000063848
14	78561945	80186578	1204	28	0.0004061824	0.000000063991
14	80186579	81579713	1142	28	0.0001988488	0.000000059439
14	81579714	83138096	1023	28	-0.0000133925	0.000000050499
14	83138097	84241632	929	28	0.0000457977	0.000000047403
14	84241633	85746318	1128	28	0.0002675844	0.000000060391
14	85746319	86647001	627	28	0.0000544066	0.000000037878
14	86647002	87635340	704	28	0.0001983372	0.000000044090
14	87635341	89497642	1288	28	0.0001693082	0.000000059397
14	89497643	91296859	1280	28	0.0001558556	0.000000057625
14	91296860	93132298	1237	28	0.0001008017	0.000000054629
14	93132299	94325284	726	28	0.0002360928	0.000000051831
14	94325285	95750866	1502	28	0.0001215069	0.000000056848
14	95750867	96262414	657	28	-0.0000290209	0.000000043465
14	96262415	98341161	1537	28	0.0002465455	0.000000062263
14	98341162	99138531	848	28	0.0001112114	0.000000042484
14	99138532	101534306	1553	28	0.0004095528	0.000000063599
14	101534307	103012101	724	28	0.0000979900	0.000000055800
14	103012102	105001722	876	28	0.0001358838	0.000000058715
14	105001723	106340357	258	28	0.0001521056	0.000000026587
14	106340358	107289453	250	17	0.0000087085	0.000000023421
15	20001200	21131603	11	2	0.0000669615	0.000000003997
15	21131604	24195126	540	28	0.0000802754	0.000000046121
15	24195127	25108589	629	28	0.0001982011	0.000000040793
15	25108590	27298111	1630	28	0.0002747907	0.000000063641
15	27298112	29338501	1009	28	-0.0000070043	0.000000056034
15	29338502	30165567	573	28	0.0003532463	0.000000049251
15	30165568	31591820	509	28	0.0002273610	0.000000045129
15	31591821	32441810	480	28	0.0001098603	0.000000031748
15	32441811	34015424	1280	28	0.0001999777	0.000000061625
15	34015425	35083250	710	28	0.0000300090	0.000000049034
15	35083251	37456501	1831	28	0.0002056110	0.000000061413
15	37456502	38530776	712	28	0.0000147693	0.000000046970
15	38530777	40384131	1555	28	0.0001391648	0.000000059693
15	40384132	41177513	381	28	0.0004280641	0.000000037402
15	41177514	42776398	758	28	0.0003399337	0.000000054629
15	42776399	44198048	388	20	0.0006845580	0.000000036493
15	44198049	46618786	929	28	0.0003793409	0.000000061860
15	46618787	48136047	1291	28	0.0002023280	0.000000060832
15	48136048	50008042	914	28	0.0001511335	0.000000050109
15	50008043	51677559	1211	28	0.0002132207	0.000000052689
15	51677560	53069095	748	28	0.0003432880	0.000000048514
15	53069096	54508527	1327	28	0.0003077926	0.000000064281
15	54508528	55136268	565	28	0.0001311269	0.000000041284
15	55136269	56901772	1062	28	0.0002344775	0.000000061525
15	56901773	58441365	1224	28	0.0001655160	0.000000056786
15	58441366	59694115	916	28	0.0017363874	0.000000094761
15	59694116	61265835	1170	28	0.0001707309	0.000000059557
15	61265836	63215221	1732	28	0.0000998637	0.000000051175
15	63215222	65104667	951	28	0.0006260673	0.000000062775
15	65104668	67094766	987	28	0.0004373339	0.000000067242
15	67094767	69017998	1483	28	0.0001750212	0.000000044925
15	69017999	70133340	539	28	0.0002105218	0.000000043583
15	70133341	71922648	1199	28	0.0001262760	0.000000059455
15	71922649	73628713	705	28	0.0004782910	0.000000045166
15	73628714	76398623	1118	28	0.0002544647	0.000000049039
15	76398624	78516052	1028	28	0.0000680052	0.000000055566
15	78516053	80860977	1950	28	0.0000388418	0.000000051326
15	80860978	84260467	1458	28	0.0001258013	0.000000056788
15	84260468	86652904	1657	28	0.0000451222	0.000000050764
15	86652905	88369942	1450	28	0.0001421682	0.000000059826
15	88369943	90475550	1214	28	0.0001624097	0.000000060943
15	90475551	92164391	1195	28	0.0002677457	0.000000057592
15	92164392	93780901	1342	28	0.0000780863	0.000000058422
15	93780902	94924329	1117	28	0.0000310351	0.000000056961
15	94924330	96141595	1072	28	0.0003020837	0.000000063458
15	96141596	98030909	1330	28	0.0000368620	0.000000056078
15	98030910	99244058	1074	28	0.0001967555	0.000000062796
15	99244059	100636846	1001	28	0.0002942670	0.000000064271
15	100636847	101552693	655	28	0.0000666943	0.000000055014
15	101552694	102520965	677	28	0.0004531397	0.000000071415
16	60054	1207205	417	28	0.0001189654	0.000000048795
16	1207206	2764828	551	28	0.0003921472	0.000000055339
16	2764829	4001195	425	28	0.0001852734	0.000000044567
16	4001196	5118344	571	28	0.0002116109	0.000000055382
16	5118345	5891579	673	28	0.0001963412	0.000000061811
16	5891580	6893550	1205	28	0.0001261898	0.000000058393
16	6893551	7529120	888	28	0.0002371958	0.000000062292
16	7529121	8338518	999	28	0.0002605999	0.000000063571
16	8338519	9799418	1304	28	0.0001303908	0.000000058548
16	9799419	10426031	737	28	0.0002543994	0.000000052114
16	10426032	11520160	743	28	0.0001223179	0.000000057407
16	11520161	12613097	709	28	0.0002541742	0.000000061384
16	12613098	13154436	619	28	0.0000475394	0.000000043340
16	13154437	14464001	1045	28	0.0003154308	0.000000063438
16	14464002	16154059	413	28	0.0003096818	0.000000041615
16	16154060	17644748	670	28	0.0002334939	0.000000059642
16	17644749	18643606	339	28	0.0000450572	0.000000026180
16	18643607	20150570	883	28	0.0001806530	0.000000052698
16	20150571	22448903	716	28	0.0000333448	0.000000044674
16	22448904	24136874	886	28	0.0000532125	0.000000057558
16	24136875	25986861	1292	28	0.0001236191	0.000000058549
16	25986862	27445754	1156	28	0.0002240274	0.000000060136
16	27445755	29036612	596	28	0.0001604487	0.000000036414
16	29036613	31382942	401	28	0.0004068088	0.000000037145
16	31382943	46399472	213	21	0.0001117252	0.000000017620
16	46399473	49007925	584	28	0.0002322570	0.000000038182
16	49007926	52035822	1910	28	0.0000768051	0.000000057058
16	52035823	53382571	857	28	0.0000833437	0.000000047360
16	53382572	55903773	2365	28	0.0002002976	0.000000049204
16	55903774	57664329	1120	28	0.0008867185	0.000000071212
16	57664330	59045404	922	28	0.0001344120	0.000000051729
16	59045405	60745693	1081	28	0.0002189089	0.000000062317
16	60745694	62229848	786	28	0.0000464699	0.000000040519
16	62229849	63691588	977	28	0.0001519478	0.000000061360
16	63691589	65938565	1694	28	0.0001467933	0.000000059599
16	65938566	68841362	1236	28	0.0001797317	0.000000052745
16	68841363	71054027	588	28	0.0003047314	0.000000050187
16	71054028	72935149	811	28	0.0002279164	0.000000048573
16	72935150	74971502	1233	28	0.0002435502	0.000000060897
16	74971503	75977953	429	28	0.0003899026	0.000000039123
16	75977954	77523677	1370	28	0.0001019670	0.000000057140
16	77523678	78456291	1117	28	0.0001794819	0.000000060147
16	78456292	79134814	934	28	0.0003131788	0.000000064921
16	79134815	80297373	1311	28	0.0000997533	0.000000057325
16	80297374	81772535	1351	28	0.0002211905	0.000000060372
16	81772536	82747727	982	28	0.0000936349	0.000000057028
16	82747728	83477207	1049	28	0.0002076741	0.000000060258
16	83477208	84445882	1251	28	0.0001122178	0.000000059136
16	84445883	85148684	782	28	0.0000816097	0.000000058366
16	85148685	86156598	822	28	0.0003254085	0.000000067182
16	86156599	86815410	868	28	0.0001520466	0.000000061133
16	86815411	87647348	624	28	0.0000704858	0.000000058051
16	87647349	89041164	576	28	0.0002371066	0.000000062999
16	89041165	90292811	490	28	0.0002789937	0.000000045586
17	56	1172398	457	28	0.0000961190	0.000000052469
17	1172399	1928730	387	28	0.0002584765	0.000000041821
17	1928731	3702311	1047	28	0.0001193759	0.000000059891
17	3702312	4696260	546	28	0.0002718796	0.000000056809
17	4696261	5741333	719	28	0.0001092851	0.000000046488
17	5741334	7317397	1023	28	0.0000907897	0.000000059166
17	7317398	8306424	400	28	0.0002957589	0.000000041898
17	8306425	9965920	1157	28	0.0001164774	0.000000059779
17	9965921	11102814	867	28	0.0003184270	0.000000065959
17	11102815	12534768	971	28	-0.0000003653	0.000000056527
17	12534769	13180371	565	28	0.0002476763	0.000000048108
17	13180372	13894636	692	28	0.0000684486	0.000000055753
17	13894637	15019096	1246	28	0.0000377846	0.000000057359
17	15019097	16412341	550	28	0.0000877532	0.000000042194
17	16412342	18856319	944	28	0.0002218022	0.000000059349
17	18856320	21290356	686	28	0.0003969719	0.000000055146
17	21290357	27334243	983	28	0.0000724783	0.000000058089
17	27334244	29786490	718	28	0.0001968472	0.000000037095
17	29786491	31538424	933	28	0.0000408020	0.000000055793
17	31538425	32912797	1538	28	0.0001055250	0.000000057520
17	32912798	34469035	921	28	0.0002690652	0.000000054708
17	34469036	36809343	791	28	0.0000561998	0.000000055767
17	36809344	38877403	798	28	0.0001799979	0.000000045214
17	38877404	39899809	584	28	0.0001121729	0.000000032774
17	39899810	41772086	491	28	0.0004539979	0.000000040344
17	41772087	43056904	514	28	0.0005819003	0.000000045898
17	43056905	45876021	1237	28	0.0004004593	0.000000056581
17	45876022	47517399	862	28	0.0003066274	0.000000053313
17	47517400	49898956	1247	28	0.0002612485	0.000000063022
17	49898957	50719054	589	28	0.0001991428	0.000000034192
17	50719055	51826117	813	28	0.0000587325	0.000000034792
17	51826118	53599431	1189	28	0.0001082291	0.000000058722
17	53599432	55357540	1140	28	0.0000958842	0.000000057492
17	55357541	57487511	1088	28	-0.0000226095	0.000000052368
17	57487512	59312754	399	28	0.0001738451	0.000000024518
17	59312755	61545588	772	28	0.0000696491	0.000000054915
17	61545589	63148127	490	28	0.0000780454	0.000000032380
17	63148128	64800429	1408	28	0.0002216810	0.000000056443
17	64800430	67858769	1698	28	0.0003185633	0.000000060505
17	67858770	69387816	1499	28	0.0000952790	0.000000047026
17	69387817	72672202	2457	28	-0.0000201982	0.000000055839
17	72672203	74375559	625	28	0.0002324741	0.000000054846
17	74375560	76263412	1183	28	0.0003020053	0.000000065598
17	76263413	77298635	702	28	0.0003243380	0.000000066226
17	77298636	78837587	947	28	0.0001274556	0.000000060491
17	78837588	80034407	391	28	0.0002419002	0.000000042951
17	80034408	81194907	720	28	0.0001965970	0.000000039771
18	10644	912485	667	28	0.0000962139	0.000000058780
18	912486	1942910	796	28	0.0002982930	0.000000052144
18	1942911	3891657	1448	28	0.0001846769	0.000000061333
18	3891658	5834179	1493	28	0.0001902434	0.000000061907
18	5834180	7090484	1023	28	0.0002095059	0.000000062646
18	7090485	8498930	1035	28	0.0001553453	0.000000059835
18	8498931	11075912	2230	28	0.0000929968	0.000000058235
18	11075913	11905439	521	28	0.0001185302	0.000000043908
18	11905440	14440798	1291	28	0.0004006856	0.000000066434
18	14440799	19485843	332	22	0.0002822746	0.000000027272
18	19485844	20649471	638	28	0.0004738528	0.000000048829
18	20649472	22996650	1456	28	0.0002171212	0.000000059227
18	22996651	24026190	619	28	0.0002338506	0.000000044800
18	24026191	25927681	1479	28	0.0002089483	0.000000061453
18	25927682	26875586	626	28	0.0002362460	0.000000033875
18	26875587	27866477	689	28	0.0001914537	0.000000035549
18	27866478	30264065	1789	28	0.0001684990	0.000000060354
18	30264066	31780066	844	28	0.0001204227	0.000000038312
18	31780067	33861963	1310	28	0.0001025637	0.000000059206
18	33861964	35075249	884	28	0.0000795269	0.000000056550
18	35075250	36365489	1059	28	0.0000511347	0.000000049666
18	36365490	37684366	799	28	0.0002908966	0.000000042723
18	37684367	39892647	1765	28	0.0001948979	0.000000061132
18	39892648	42922105	2105	28	0.0000875251	0.000000056132
18	42922106	44299245	1179	28	0.0001784435	0.000000060505
18	44299246	45939731	1067	28	0.0003208663	0.000000063767
18	45939732	47730583	1366	28	0.0001988888	0.000000052450
18	47730584	51062184	2433	28	0.0000436804	0.000000056610
18	51062185	51554174	463	21	0.0000420475	0.000000018254
18	51554175	55213837	2130	28	0.0001660839	0.000000059659
18	55213838	56530219	1056	28	0.0000440349	0.000000056613
18	56530220	57630482	1026	28	0.0000923636	0.000000058671
18	57630483	59020750	1121	28	0.0001741392	0.000000046756
18	59020751	60277714	1159	28	0.0001866030	0.000000061375
18	60277715	61820251	1166	28	0.0001094572	0.000000058529
18	61820252	63463401	1259	28	0.0003617357	0.000000067025
18	63463402	64252800	717	28	0.0000393693	0.000000028054
18	64252801	66125816	1671	28	0.0002242496	0.000000061410
18	66125817	67175819	718	28	0.0002520459	0.000000050312
18	67175820	68621178	923	28	0.0001356221	0.000000058754
18	68621179	69621617	915	28	0.0000780635	0.000000056687
18	69621618	71038473	1246	28	0.0001198501	0.000000060232
18	71038474	71971461	980	28	0.0002739461	0.000000065841
18	71971462	73526986	1309	28	0.0002251755	0.000000062369
18	73526987	74813814	1089	28	0.0000260685	0.000000057023
18	74813815	75976316	1161	28	0.0001907874	0.000000061469
18	75976317	77149990	921	28	0.0000502025	0.000000058589
18	77149991	78017157	487	28	0.0001486556	0.000000042319
19	80840	610728	125	25	0.0000715269	0.000000020067
19	610729	2098395	437	28	0.0002969143	0.000000074065
19	2098396	3019659	357	28	0.0000706483	0.000000038362
19	3019660	4348966	471	28	0.0001828642	0.000000062020
19	4348967	5811851	591	28	0.0001538622	0.000000063311
19	5811852	6684884	313	28	0.0000340059	0.000000032601
19	6684885	8347512	814	28	0.0006334164	0.000000076783
19	8347513	9238392	379	28	0.0002555529	0.000000032107
19	9238393	11284027	755	28	0.0000871164	0.000000046054
19	11284028	13471126	680	28	0.0001959615	0.000000054502
19	13471127	14486346	325	28	0.0000659856	0.000000031041
19	14486347	15648609	533	28	0.0001490881	0.000000046495
19	15648610	16374415	634	28	0.0001416798	0.000000040651
19	16374416	18409861	813	28	0.0001039962	0.000000060038
19	18409862	19877470	650	28	0.0028569368	0.000000101384
19	19877471	20905756	320	28	0.0002845325	0.000000029581
19	20905757	22732895	830	28	0.0005957603	0.000000053683
19	22732896	23467745	316	18	-0.0000517392	0.000000013306
19	23467746	28557892	725	28	0.0001216626	0.000000035471
19	28557893	29790946	1170	28	0.0001776441	0.000000060683
19	29790947	30727953	675	28	0.0001086014	0.000000048686
19	30727954	32746519	1198	28	0.0000580882	0.000000057202
19	32746520	34262951	897	28	0.0004854960	0.000000067381
19	34262952	36469294	1096	28	0.0001910654	0.000000059577
19	36469295	37527032	435	27	0.0000455509	0.000000022175
19	37527033	40170618	1009	28	0.0001983560	0.000000060166
19	40170619	40984600	302	28	0.0000301682	0.000000020498
19	40984601	42131572	452	28	-0.0000016206	0.000000034599
19	42131573	43862454	460	28	0.0002787205	0.000000039553
19	43862455	44744107	487	28	-0.0000130531	0.000000029072
19	44744108	46102696	621	28	0.0018145211	0.000000091751
19	46102697	47150081	568	28	0.0003379762	0.000000046345
19	47150082	49282226	905	28	0.0006315212	0.000000074305
19	49282227	51532566	916	28	0.0001734139	0.000000064919
19	51532567	52985289	1117	28	0.0000223126	0.000000056537
19	52985290	54602361	902	28	0.0000422060	0.000000065563
19	54602362	55728079	567	28	0.0000826587	0.000000055800
19	55728080	57521334	1058	28	0.0001722251	0.000000065083
19	57521335	59118838	807	28	0.0003122995	0.000000064009
20	60479	697599	401	28	0.0002228180	0.000000044766
20	697600	2469500	1750	28	-0.0000105751	0.000000055021
20	2469501	3828412	858	28	0.0002645712	0.000000064471
20	3828413	5477849	1384	28	0.0001026771	0.000000059161
20	5477850	7084072	1475	28	0.0000925774	0.000000058471
20	7084073	8117010	1008	28	0.0000609024	0.000000048354
20	8117011	9730920	1517	28	0.0000258409	0.000000055368
20	9730921	11249535	1496	28	0.0001735448	0.000000056850
20	11249536	12447498	1054	28	0.0000613871	0.000000056975
20	12447499	13689863	1113	28	0.0001371698	0.000000060446
20	13689864	15958358	1990	28	0.0002757650	0.000000063536
20	15958359	17487231	1796	28	0.0001464815	0.000000059314
20	17487232	18972202	1149	28	0.0002206378	0.000000060552
20	18972203	20959709	1738	28	0.0001018037	0.000000058946
20	20959710	22491455	852	28	0.0001590665	0.000000044761
20	22491456	23293789	806	28	0.0001758023	0.000000047315
20	23293790	24717723	1099	28	0.0000053852	0.000000056015
20	24717724	25344230	563	28	0.0001238569	0.000000026632
20	25344231	31614822	1095	28	0.0003254535	0.000000063548
20	31614823	32813440	448	28	0.0002604763	0.000000033388
20	32813441	34960445	732	28	0.0003622422	0.000000035876
20	34960446	36909529	876	28	0.0002763283	0.000000058757
20	36909530	38436760	1059	28	0.0002131464	0.000000060643
20	38436761	39610855	941	28	0.0002306101	0.000000056464
20	39610856	40585688	638	28	0.0001229106	0.000000030810
20	40585689	41615459	1030	28	0.0001130470	0.000000059563
20	41615460	42680175	686	28	0.0002894003	0.000000057511
20	42680176	44839055	1408	28	0.0010070112	0.000000076975
20	44839056	47199979	1889	28	0.0002231496	0.000000061810
20	47199980	49239657	1389	28	0.0002239103	0.000000060584
20	49239658	52472548	2503	28	0.0001379734	0.000000057709
20	52472549	54055265	1277	28	0.0001212622	0.000000058779
20	54055266	56447958	2144	28	0.0002071207	0.000000061182
20	56447959	58406571	1511	28	0.0000706586	0.000000057042
20	58406572	59561723	1035	28	0.0001568082	0.000000061987
20	59561724	61301854	1343	28	0.0001547526	0.000000061725
20	61301855	62190179	487	28	0.0000396862	0.000000045756
20	62190180	62965162	360	28	0.0002070665	0.000000033183
21	9411243	15950981	555	28	0.0001890008	0.000000046180
21	15950982	18053164	1304	28	0.0001679448	0.000000060330
21	18053165	19480374	884	28	-0.0000399706	0.000000054802
21	19480375	20962338	1268	28	0.0000582171	0.000000058361
21	20962339	22072763	850	28	0.0000842819	0.000000057565
21	22072764	23362874	1139	28	0.0001835468	0.000000060377
21	23362875	24696230	863	28	0.0001223814	0.000000050725
21	24696231	26469121	1445	28	0.0002548881	0.000000062911
21	26469122	27271018	450	28	0.0002839825	0.000000034867
21	27271019	29125225	1682	28	-0.0000022400	0.000000055308
21	29125226	31197024	1459	28	0.0001444201	0.000000059320
21	31197025	32668641	1052	28	0.0000007865	0.000000042047
21	32668642	34376998	1051	28	0.0000822787	0.000000056391
21	34376999	35225464	467	28	0.0004504129	0.000000046675
21	35225465	36524372	1035	28	0.0001000233	0.000000053523
21	36524373	37870778	926	28	0.0001346928	0.000000057760
21	37870779	38711703	579	28	0.0002670408	0.000000041871
21	38711704	40482901	1528	28	0.0002944825	0.000000062374
21	40482902	41389526	888	28	0.0000653752	0.000000053966
21	41389527	43321527	1671	28	0.0000783488	0.000000057134
21	43321528	44506267	1166	28	0.0002056981	0.000000061461
21	44506268	46177104	975	28	0.0002528114	0.000000060232
21	46177105	47492225	860	28	0.0001931073	0.000000057859
21	47492226	48119751	387	28	0.0000054589	0.000000026617
22	16050408	17674294	363	28	0.0002216065	0.000000038937
22	17674295	18296087	405	28	0.0001143645	0.000000037660
22	18296088	19912357	920	28	0.0003282831	0.000000069508
22	19912358	22357324	942	28	0.0001150157	0.000000060487
22	22357325	23712646	721	28	0.0000546384	0.000000054743
22	23712647	24984203	626	28	0.0001838894	0.000000045180
22	24984204	26791627	1308	28	0.0000668420	0.000000056836
22	26791628	27834751	1307	28	0.0000760403	0.000000057730
22	27834752	29651798	1006	28	0.0001873806	0.000000057020
22	29651799	31439917	919	28	0.0000264192	0.000000053017
22	31439918	32664985	563	28	0.0000174001	0.000000033613
22	32664986	34494913	1726	28	0.0002471654	0.000000061854
22	34494914	35530984	1105	28	0.0003774012	0.000000061808
22	35530985	37570268	1529	28	0.0001532662	0.000000059249
22	37570269	39307893	864	28	0.0006251808	0.000000071394
22	39307894	40545796	568	28	0.0002062288	0.000000051463
22	40545797	42690817	810	28	0.0002125530	0.000000046612
22	42690818	43714199	727	28	0.0002369135	0.000000061915
22	43714200	44995307	1246	28	-0.0000382747	0.000000054931
22	44995308	46470494	1097	28	0.0000253829	0.000000058122
22	46470495	47596317	857	28	0.0001347411	0.000000060760
22	47596318	48903702	1512	28	0.0001070412	0.000000058465
22	48903703	49824533	1288	28	0.0001354366	0.000000059192
22	49824534	51243297	681	28	0.0001479181	0.000000057263
