chr	start	end	num_snp	k	local_h2g	var
1	10583	1892606	1837	15	0.0006903711	0.000000298877
1	1892607	3582735	3415	15	0.0011356316	0.000000324801
1	3582736	4380810	1848	15	0.0001395641	0.000000266807
1	4380811	5913892	4136	15	-0.0000052780	0.000000258374
1	5913893	7247334	2251	15	0.0003467909	0.000000278872
1	7247335	9365198	3621	15	0.0007490663	0.000000302294
1	9365199	10806983	1740	15	0.0002296216	0.000000272050
1	10806984	11777840	1462	15	-0.0000368975	0.000000256533
1	11777841	12779465	1592	15	0.0003466613	0.000000278865
1	12779466	14891510	3044	15	0.0001549626	0.000000267704
1	14891511	16897729	4445	15	0.0000406110	0.000000261046
1	16897730	18662898	3184	15	0.0001004885	0.000000264532
1	18662899	20469148	3849	15	0.0004016902	0.000000282069
1	20469149	21736587	2213	15	0.0004456379	0.000000284628
1	21736588	23086882	2931	15	0.0006486854	0.000000296450
1	23086883	23920589	1117	15	0.0002504222	0.000000239452
1	23920590	25516844	2637	15	0.0001140776	0.000000265323
1	25516845	27401866	2195	15	0.0001887871	0.000000269673
1	27401867	30161880	3179	15	0.0002005928	0.000000270360
1	30161881	32438684	4442	15	0.0002095583	0.000000270882
1	32438685	34799757	2790	15	0.0004476154	0.000000284743
1	34799758	37549182	3068	15	0.0002254551	0.000000271808
1	37549183	38731846	1986	15	0.0001753010	0.000000268888
1	38731847	40200566	2271	15	0.0001473884	0.000000267263
1	40200567	41975326	3138	15	0.0002139602	0.000000271139
1	41975327	43758456	2724	15	0.0000764370	0.000000263132
1	43758457	44969182	1565	15	0.0000106925	0.000000259304
1	44969183	46899500	2673	15	0.0001849206	0.000000269448
1	46899501	48002575	1729	15	0.0002380181	0.000000272539
1	48002576	48978187	1274	15	0.0004023751	0.000000282109
1	48978188	49894176	831	15	0.0001484879	0.000000175557
1	49894177	51713725	1430	15	-0.0000006192	0.000000183845
1	51713726	54226261	2684	15	0.0002180105	0.000000271374
1	54226262	56413116	4066	15	0.0003372448	0.000000278317
1	56413117	57021727	1162	15	0.0002867393	0.000000209106
1	57021728	58865398	3462	15	0.0001009904	0.000000264561
1	58865399	59890408	1870	15	0.0001743379	0.000000268832
1	59890409	61922364	2622	15	0.0002703578	0.000000274422
1	61922365	63455088	2660	15	-0.0000328827	0.000000256767
1	63455089	65041703	3138	15	0.0001587719	0.000000267925
1	65041704	66939403	3098	15	0.0002656763	0.000000274150
1	66939404	68477894	3085	15	0.0016973965	0.000000357509
1	68477895	69687615	1877	15	0.0003078412	0.000000276605
1	69687616	71372469	2889	15	0.0001727054	0.000000268737
1	71372470	71684404	534	15	0.0000443225	0.000000064084
1	71684405	74326906	3488	15	-0.0000926396	0.000000253287
1	74326907	76728134	4002	15	0.0004326473	0.000000283871
1	76728135	79661197	4865	15	0.0001198752	0.000000265661
1	79661198	81354190	3101	15	0.0000464378	0.000000261385
1	81354191	83991747	5202	15	0.0004484864	0.000000284793
1	83991748	84844494	1257	15	0.0000360232	0.000000218021
1	84844495	86454750	2958	15	0.0001402388	0.000000266846
1	86454751	88128630	3057	15	0.0000856678	0.000000263669
1	88128631	90066302	2548	15	0.0002330747	0.000000272251
1	90066303	91886316	2794	15	0.0003044317	0.000000276406
1	91886317	93536458	2605	15	0.0000333626	0.000000260624
1	93536459	94506190	1482	15	0.0002445329	0.000000185589
1	94506191	96150892	2846	15	0.0001305287	0.000000266281
1	96150893	97885248	2866	15	0.0002713202	0.000000274478
1	97885249	99800603	2960	15	0.0001062234	0.000000264866
1	99800604	100826404	1436	15	0.0001182003	0.000000240244
1	100826405	102041015	2180	15	0.0004289009	0.000000283653
1	102041016	102898744	1642	15	0.0000795539	0.000000217578
1	102898745	103914210	1809	15	0.0001506037	0.000000168470
1	103914211	106087841	4063	15	0.0000574668	0.000000262027
1	106087842	108409664	3824	15	0.0002148492	0.000000271190
1	108409665	110303930	3016	15	0.0000050941	0.000000258978
1	110303931	111741736	2562	15	0.0002415312	0.000000272744
1	111741737	113273305	2967	15	0.0002230882	0.000000271670
1	113273306	114873844	2437	15	0.0000795466	0.000000263313
1	114873845	115880592	1474	15	-0.0000073734	0.000000258252
1	115880593	118839066	4233	15	0.0000113433	0.000000259342
1	118839067	144977493	3223	15	0.0001672389	0.000000268418
1	144977494	148361252	2348	15	0.0001818912	0.000000269271
1	148361253	151538880	2297	15	0.0006475224	0.000000296382
1	151538881	153180828	2540	15	0.0004746425	0.000000286316
1	153180829	154770402	2249	15	0.0001384228	0.000000266741
1	154770403	156336132	1425	15	0.0002636669	0.000000274033
1	156336133	158027411	2835	15	0.0001151918	0.000000265388
1	158027412	159913047	3794	15	0.0005262438	0.000000289321
1	159913048	162346720	4094	15	0.0005499537	0.000000290701
1	162346721	165191701	5344	15	0.0000467234	0.000000261401
1	165191702	166460516	2383	15	0.0002341885	0.000000272316
1	166460517	169086323	5018	15	-0.0000122966	0.000000257965
1	169086324	170557775	3305	15	0.0002568768	0.000000273637
1	170557776	173097906	4604	15	-0.0000396851	0.000000256371
1	173097907	175089767	2528	15	0.0002194254	0.000000271457
1	175089768	177433380	3741	15	0.0002392299	0.000000272610
1	177433381	178944308	2214	15	0.0000202314	0.000000259859
1	178944309	178954469	16	2	0.0000386430	0.000000007522
1	178954470	181144120	4435	15	0.0002202930	0.000000271507
1	181144121	182755355	2751	15	0.0000953713	0.000000264234
1	182755356	184595512	2956	15	0.0004305370	0.000000283748
1	184595513	186810022	2652	15	0.0001027476	0.000000264663
1	186810023	188759944	4767	15	0.0002123797	0.000000271047
1	188759945	189904129	1565	15	0.0001096502	0.000000167207
1	189904130	191868929	3519	15	0.0001704204	0.000000268604
1	191868930	194107441	3394	15	0.0001811334	0.000000269227
1	194107442	196176200	4316	15	0.0002550838	0.000000273533
1	196176201	197311513	1551	15	-0.0000323424	0.000000192346
1	197311514	199239883	2519	15	0.0001251953	0.000000265970
1	199239884	200137648	1972	15	0.0005116926	0.000000288474
1	200137649	201589974	2995	15	0.0011976863	0.000000328414
1	201589975	203334733	2603	15	0.0002733881	0.000000274599
1	203334734	204681067	2378	15	0.0001279675	0.000000266132
1	204681068	206073264	2309	15	0.0006937169	0.000000299072
1	206073265	208410363	2778	15	0.0006249217	0.000000295066
1	208410364	210787749	3933	15	0.0003115492	0.000000276821
1	210787750	212842329	3601	15	0.0000929872	0.000000264095
1	212842330	214578265	2577	15	0.0002422454	0.000000272785
1	214578266	216243633	2831	15	0.0001617024	0.000000268096
1	216243634	218705512	4664	15	0.0002078363	0.000000270782
1	218705513	219590570	1786	15	0.0000726529	0.000000246770
1	219590571	221858230	3814	15	0.0002286579	0.000000271994
1	221858231	222230219	681	15	0.0002297727	0.000000163185
1	222230220	224938519	4116	15	0.0000737835	0.000000262977
1	224938520	226810859	2877	15	0.0002008941	0.000000270378
1	226810860	229156247	4334	15	0.0001869819	0.000000269568
1	229156248	230685254	2592	15	0.0001874844	0.000000269597
1	230685255	232090251	2719	15	0.0000753720	0.000000263070
1	232090252	233429283	2675	15	0.0001895256	0.000000269716
1	233429284	234599433	2615	15	0.0001347828	0.000000266529
1	234599434	235819435	2145	15	0.0000952540	0.000000264227
1	235819436	237555627	3730	15	0.0003483654	0.000000278964
1	237555628	238567806	2135	15	0.0002178693	0.000000271366
1	238567807	239925313	2673	15	0.0002577499	0.000000273688
1	239925314	240564090	1675	15	0.0002615359	0.000000273909
1	240564091	241582219	2166	15	0.0000704781	0.000000262785
1	241582220	242071601	1025	15	0.0000938054	0.000000252316
1	242071602	244109498	3857	15	-0.0000311428	0.000000256868
1	244109499	245506745	2784	15	-0.0000002996	0.000000258664
1	245506746	247344517	4630	15	0.0001101624	0.000000265095
1	247344518	249239465	3775	15	0.0000505379	0.000000261624
2	10133	1781021	4791	15	-0.0000771862	0.000000254187
2	1781022	3973778	4998	15	0.0002483791	0.000000273143
2	3973779	5708336	3430	15	0.0003717294	0.000000280324
2	5708337	6836253	2664	15	0.0000757366	0.000000263091
2	6836254	8422146	2736	15	0.0002772010	0.000000274821
2	8422147	10298468	3690	15	0.0001903747	0.000000269765
2	10298469	12419149	5185	15	0.0003414802	0.000000278563
2	12419150	14335307	3781	15	0.0001502039	0.000000267426
2	14335308	16329734	3794	15	0.0000942016	0.000000264166
2	16329735	18647422	4151	15	0.0000427687	0.000000261171
2	18647423	19692403	1722	15	0.0000729763	0.000000262930
2	19692404	21050489	2900	15	0.0000306709	0.000000260467
2	21050490	23341382	2903	15	0.0000710436	0.000000262818
2	23341383	24686917	2302	15	0.0000412302	0.000000261082
2	24686918	26894984	2885	15	0.0002573260	0.000000273663
2	26894985	28598776	1787	15	0.0005649224	0.000000291573
2	28598777	29217558	1129	15	0.0003184598	0.000000277223
2	29217559	30463710	2368	15	0.0000525998	0.000000261744
2	30463711	31550449	2454	15	0.0003213337	0.000000277390
2	31550450	33363776	2430	15	0.0000233013	0.000000260038
2	33363777	35345027	4749	15	0.0000670548	0.000000262585
2	35345028	36122005	2280	15	0.0000984654	0.000000264414
2	36122006	38132711	4272	15	0.0003356926	0.000000278226
2	38132712	39031336	1656	15	0.0001338786	0.000000266476
2	39031337	40281482	1492	15	0.0001235420	0.000000265874
2	40281483	43309589	6399	15	0.0003160610	0.000000277083
2	43309590	44313802	2029	15	0.0003576723	0.000000279506
2	44313803	46482633	4398	15	-0.0000239145	0.000000257289
2	46482634	47318771	1739	15	0.0002281410	0.000000271964
2	47318772	48213000	1670	15	0.0002673010	0.000000274244
2	48213001	50022256	3726	15	-0.0000702122	0.000000254593
2	50022257	50818927	1735	15	0.0001431559	0.000000267016
2	50818928	52491132	3077	15	0.0001544811	0.000000267676
2	52491133	53508451	2595	15	0.0002747371	0.000000274677
2	53508452	54685225	2234	15	0.0000134533	0.000000259464
2	54685226	56203344	2889	15	0.0003035429	0.000000276354
2	56203345	57429099	2243	15	0.0002379527	0.000000272536
2	57429100	58297314	1913	15	0.0003416222	0.000000253839
2	58297315	60291999	2858	15	0.0002180696	0.000000271378
2	60292000	62429043	2764	15	0.0006927716	0.000000299017
2	62429044	64625912	2851	15	0.0001229521	0.000000265840
2	64625913	65933443	2215	15	0.0001165646	0.000000265468
2	65933444	67226165	2100	15	0.0001508121	0.000000267462
2	67226166	68010175	1849	15	0.0003722608	0.000000280355
2	68010176	69139563	2215	15	0.0000187111	0.000000259771
2	69139564	70755197	2378	15	0.0000776398	0.000000263202
2	70755198	73174847	3980	15	0.0002215818	0.000000271582
2	73174848	75630085	3446	15	0.0000512162	0.000000261663
2	75630086	76913660	2666	15	-0.0000169529	0.000000257694
2	76913661	78079263	2671	15	0.0000974341	0.000000264354
2	78079264	80050402	4197	15	-0.0000106372	0.000000258062
2	80050403	81620840	2541	15	0.0001227662	0.000000265829
2	81620841	85140679	6392	15	0.0000519909	0.000000261708
2	85140680	88038506	3658	15	0.0002071555	0.000000270742
2	88038507	89154525	1222	15	0.0000327341	0.000000232847
2	89154526	95326451	920	15	0.0001931563	0.000000238538
2	95326452	98995200	2690	15	0.0004197231	0.000000283119
2	98995201	101822328	4330	15	0.0003226063	0.000000277464
2	101822329	102688764	1508	15	0.0003734413	0.000000280424
2	102688765	103588214	1823	15	0.0005279128	0.000000284410
2	103588215	105125033	1653	15	0.0000766364	0.000000263143
2	105125034	106210057	1999	15	-0.0000093017	0.000000258140
2	106210058	107408266	2495	15	0.0000242348	0.000000260092
2	107408267	108429176	2038	15	0.0001754701	0.000000268898
2	108429177	110572431	3074	15	0.0002764452	0.000000274777
2	110572432	113921855	3798	15	0.0000421602	0.000000261136
2	113921856	116772469	4367	15	0.0000036902	0.000000258896
2	116772470	118367465	2717	15	0.0001490182	0.000000267357
2	118367466	121303782	4924	15	0.0002040526	0.000000270562
2	121303783	123302905	3033	15	0.0002626868	0.000000273976
2	123302906	124732249	2987	15	0.0002444812	0.000000272916
2	124732250	125840920	2102	15	0.0002036237	0.000000270537
2	125840921	127373763	3207	15	0.0000681478	0.000000262649
2	127373764	128034346	1589	15	0.0003342345	0.000000278141
2	128034347	129474440	2588	15	0.0004667624	0.000000285858
2	129474441	130067169	1265	15	-0.0000090708	0.000000192539
2	130067170	130658084	1066	15	0.0002638422	0.000000180003
2	130658085	133042783	3286	15	0.0000487880	0.000000261522
2	133042784	135158577	3712	15	0.0000142043	0.000000259508
2	135158578	137042793	2107	15	0.0002192389	0.000000271446
2	137042794	138698116	3274	15	0.0002002410	0.000000270340
2	138698117	140100270	2358	15	0.0001309990	0.000000266308
2	140100271	141805350	3506	15	0.0000952200	0.000000264225
2	141805351	142518601	1738	15	0.0000260600	0.000000258946
2	142518602	144519483	3332	15	0.0002674989	0.000000274256
2	144519484	146445569	1763	15	0.0005369569	0.000000289945
2	146445570	147277161	849	15	0.0000699414	0.000000139437
2	147277162	150210291	3507	15	0.0001553863	0.000000267728
2	150210292	151731461	2314	15	0.0000141637	0.000000259506
2	151731462	152486781	1427	15	0.0001218080	0.000000220623
2	152486782	154005055	2479	15	0.0001572258	0.000000267835
2	154005056	155391134	2802	15	0.0001537773	0.000000267635
2	155391135	157560634	3081	15	-0.0000034092	0.000000258483
2	157560635	158533217	761	15	0.0002785294	0.000000191496
2	158533218	159577081	1912	15	-0.0000547638	0.000000255493
2	159577082	161769732	4064	15	0.0005013379	0.000000287871
2	161769733	163503550	1729	15	0.0004199348	0.000000283131
2	163503551	164466637	1264	15	0.0000987410	0.000000202843
2	164466638	165178839	837	15	0.0000812068	0.000000152431
2	165178840	167160269	3106	15	0.0001331749	0.000000266435
2	167160270	167355969	403	15	0.0002895316	0.000000078615
2	167355970	169968235	4394	15	0.0002998015	0.000000276137
2	169968236	171226244	2757	15	0.0001381813	0.000000266726
2	171226245	173138904	3256	15	0.0000295459	0.000000260401
2	173138905	175588928	4230	15	0.0001259869	0.000000266016
2	175588929	177363635	2688	15	0.0000493610	0.000000261555
2	177363636	178553182	2006	15	0.0001114100	0.000000265168
2	178553183	181312738	5037	15	0.0004095120	0.000000282524
2	181312739	182266030	1825	15	0.0001656733	0.000000257116
2	182266031	184357607	3296	15	0.0002983429	0.000000276052
2	184357608	185280172	2040	15	0.0002339550	0.000000240304
2	185280173	189882064	6385	15	0.0001686041	0.000000268498
2	189882065	191973356	2708	15	0.0001732549	0.000000268769
2	191973357	195861163	4145	15	0.0001552905	0.000000267723
2	195861164	196447455	825	15	0.0001284979	0.000000135940
2	196447456	198078109	2195	15	0.0002021243	0.000000270449
2	198078110	199311124	1443	15	0.0003916869	0.000000242851
2	199311125	201576283	2563	15	0.0012244127	0.000000329971
2	201576284	202818636	1388	15	0.0002765925	0.000000274785
2	202818637	205799240	3657	15	0.0001945292	0.000000270007
2	205799241	206735703	1463	15	0.0000741143	0.000000262996
2	206735704	208645398	3253	15	-0.0000248275	0.000000257236
2	208645399	209941528	2032	15	0.0004899361	0.000000287207
2	209941529	212379517	4367	15	0.0000577464	0.000000262043
2	212379518	214014281	3493	15	0.0001167046	0.000000265476
2	214014282	215573794	2564	15	0.0003051766	0.000000276450
2	215573795	217715660	3600	15	-0.0000071894	0.000000258263
2	217715661	218395479	1212	15	0.0002410676	0.000000272717
2	218395480	220454550	2436	15	0.0006352797	0.000000295669
2	220454551	222521175	4018	15	0.0004187082	0.000000283060
2	222521176	224859418	4068	15	-0.0000442978	0.000000256102
2	224859419	225840003	1820	15	0.0000075474	0.000000259121
2	225840004	228119841	3915	15	0.0001097947	0.000000265074
2	228119842	229370786	3128	15	0.0001922588	0.000000269875
2	229370787	231843388	4952	15	0.0000097818	0.000000259251
2	231843389	233550002	2783	15	0.0002839427	0.000000275213
2	233550003	235150986	3154	15	-0.0000102781	0.000000258083
2	235150987	236043549	2276	15	-0.0000575881	0.000000255328
2	236043550	237449031	2648	15	0.0000198740	0.000000259838
2	237449032	238760980	2880	15	0.0001063085	0.000000264871
2	238760981	239952642	2751	15	0.0004168856	0.000000282954
2	239952643	241560083	4230	15	0.0000632166	0.000000262362
2	241560084	242149920	1403	15	0.0006663267	0.000000297477
2	242149921	243188919	2050	15	0.0006464477	0.000000296319
3	60157	1441778	3125	15	0.0002375070	0.000000272510
3	1441779	2992119	4906	15	0.0001903463	0.000000269764
3	2992120	4431646	3637	15	0.0001832615	0.000000269351
3	4431647	6083182	3874	15	0.0000445842	0.000000261277
3	6083183	7083386	2401	15	0.0001502287	0.000000267428
3	7083387	8648560	4019	15	0.0003221074	0.000000277435
3	8648561	9543182	1921	15	0.0001235915	0.000000265877
3	9543183	11019664	2682	15	0.0002901499	0.000000275575
3	11019665	13070798	3626	15	0.0000832942	0.000000263531
3	13070799	14816899	3780	15	0.0000051814	0.000000258983
3	14816900	16282441	2570	15	0.0001319688	0.000000266365
3	16282442	17891117	2480	15	0.0000894833	0.000000263891
3	17891118	19125143	1899	15	0.0005173652	0.000000288804
3	19125144	20091347	1150	15	0.0001767089	0.000000226784
3	20091348	21643706	3763	15	-0.0000035377	0.000000258475
3	21643707	22204243	2108	15	0.0000404550	0.000000261037
3	22204244	23804864	3318	15	0.0000098900	0.000000259257
3	23804865	25461557	3472	15	0.0000943887	0.000000264177
3	25461558	26877768	2373	15	0.0000721875	0.000000262884
3	26877769	27840909	1823	15	0.0002018687	0.000000270435
3	27840910	29142259	2145	15	0.0003546634	0.000000279331
3	29142260	30717954	3474	15	0.0003512394	0.000000279131
3	30717955	32351714	3006	15	0.0002092939	0.000000270867
3	32351715	33255591	1742	15	0.0000857465	0.000000263674
3	33255592	35283457	3330	15	0.0002401841	0.000000272665
3	35283458	36486841	2017	15	0.0000728508	0.000000261670
3	36486842	38356115	2495	15	0.0001828553	0.000000269328
3	38356116	40221297	3380	15	0.0002552243	0.000000273541
3	40221298	41064527	714	15	0.0001537754	0.000000150151
3	41064528	42540001	2928	15	0.0002555653	0.000000273561
3	42540002	45165152	3190	15	0.0001096348	0.000000265064
3	45165153	46657499	3068	15	0.0003781358	0.000000280697
3	46657500	47727211	973	15	0.0004966416	0.000000214936
3	47727212	49316971	1017	15	0.0011440159	0.000000219287
3	49316972	51832014	2130	15	0.0013901482	0.000000338361
3	51832015	54081389	2706	15	0.0004344482	0.000000283976
3	54081390	55348859	2560	15	0.0001610222	0.000000268056
3	55348860	56433906	1747	15	0.0001755705	0.000000268903
3	56433907	58157518	2886	15	0.0003863303	0.000000281175
3	58157519	60272905	4336	15	0.0000511210	0.000000261658
3	60272906	62355665	4372	15	-0.0000723627	0.000000254468
3	62355666	63669285	2843	15	0.0000876375	0.000000263784
3	63669286	65273537	3133	15	0.0001853165	0.000000269471
3	65273538	66270446	1808	15	0.0000683704	0.000000262662
3	66270447	68286913	3673	15	0.0003593520	0.000000279604
3	68286914	69276761	1723	15	0.0002262933	0.000000271857
3	69276762	70449027	2231	15	0.0001139627	0.000000265316
3	70449028	72529328	3297	15	0.0001444762	0.000000267093
3	72529329	74321816	3269	15	0.0001165181	0.000000265465
3	74321817	75704948	2566	15	0.0002738182	0.000000274624
3	75704949	77508834	3033	15	0.0001733981	0.000000268777
3	77508835	79024540	2164	15	0.0000732844	0.000000262948
3	79024541	81427309	3655	15	-0.0000061057	0.000000258326
3	81427310	82643885	1755	15	0.0002265724	0.000000238067
3	82643886	84367478	2556	15	-0.0000571797	0.000000255352
3	84367479	85582230	2223	15	0.0002127144	0.000000261091
3	85582231	87409731	3205	15	0.0003113554	0.000000276809
3	87409732	88298372	1670	15	0.0005174411	0.000000205325
3	88298373	94255315	3528	15	0.0002946186	0.000000275835
3	94255316	95311970	2082	15	0.0000281710	0.000000218160
3	95311971	98215949	4521	15	0.0000429663	0.000000261183
3	98215950	99373761	2257	15	0.0002327695	0.000000272234
3	99373762	100592216	1425	15	0.0001406072	0.000000235485
3	100592217	103084959	4405	15	0.0001875257	0.000000269599
3	103084960	104581612	3525	15	0.0000284450	0.000000260337
3	104581613	106982810	4460	15	0.0000969524	0.000000264326
3	106982811	109522394	4197	15	0.0000367148	0.000000260819
3	109522395	110513769	1883	15	0.0002171621	0.000000212037
3	110513770	112815698	3860	15	0.0000213149	0.000000259922
3	112815699	113947862	1704	15	0.0002254268	0.000000271806
3	113947863	115447079	1690	15	0.0001022014	0.000000264632
3	115447080	116800152	2577	15	0.0006358863	0.000000295705
3	116800153	118530250	3015	15	-0.0000800296	0.000000254022
3	118530251	120523054	3436	15	-0.0000176142	0.000000257656
3	120523055	121974096	2526	15	0.0001129651	0.000000265258
3	121974097	123517767	2490	15	0.0001225587	0.000000265817
3	123517768	124936641	2699	15	0.0002046568	0.000000270597
3	124936642	126214942	3332	15	0.0001676883	0.000000268444
3	126214943	128194860	3139	15	0.0002373007	0.000000272498
3	128194861	130244734	3242	15	0.0000851350	0.000000263638
3	130244735	131836515	2861	15	0.0001260657	0.000000266021
3	131836516	133252172	2939	15	0.0001675222	0.000000268435
3	133252173	135456905	3699	15	0.0000421267	0.000000261134
3	135456906	137371082	2570	15	0.0000662427	0.000000262538
3	137371083	139954596	3843	15	0.0001462986	0.000000267199
3	139954597	141339096	2081	15	-0.0000092098	0.000000258145
3	141339097	143164627	3197	15	0.0002062199	0.000000270688
3	143164628	144410815	1978	15	0.0002285802	0.000000271990
3	144410816	145664618	2778	15	0.0001944563	0.000000270003
3	145664619	146726628	2145	15	0.0001643353	0.000000268249
3	146726629	149043236	3873	15	0.0000337175	0.000000260644
3	149043237	150252003	2130	15	0.0000722999	0.000000262891
3	150252004	151348729	1676	15	0.0002164486	0.000000271283
3	151348730	153256570	3476	15	0.0002125423	0.000000271056
3	153256571	154714217	2749	15	0.0000958194	0.000000264260
3	154714218	156008699	1935	15	0.0002442345	0.000000272901
3	156008700	157312027	2120	15	0.0001663439	0.000000268366
3	157312028	159477889	3766	15	0.0001579541	0.000000267878
3	159477890	161524503	2975	15	0.0000880284	0.000000263806
3	161524504	163253204	4842	15	0.0001007386	0.000000264546
3	163253205	165055468	3581	15	0.0001348531	0.000000266533
3	165055469	167117428	3767	15	-0.0000190905	0.000000257570
3	167117429	168580959	2041	15	0.0000728966	0.000000262925
3	168580960	170964908	3695	15	0.0000976056	0.000000264364
3	170964909	172295730	2491	15	-0.0000316501	0.000000256838
3	172295731	173477284	1849	15	0.0001984204	0.000000270234
3	173477285	175116538	3327	15	0.0000887410	0.000000263848
3	175116539	176320286	2271	15	0.0003059643	0.000000276495
3	176320287	178107164	3167	15	-0.0000004544	0.000000258655
3	178107165	179374585	2290	15	0.0000681026	0.000000262646
3	179374586	181511165	2637	15	0.0002307460	0.000000272116
3	181511166	183769682	3496	15	0.0002897450	0.000000275551
3	183769683	185068254	2271	15	0.0002960634	0.000000275919
3	185068255	186890343	3175	15	0.0001730478	0.000000268757
3	186890344	188856213	3274	15	0.0002601330	0.000000273827
3	188856214	190226606	3344	15	-0.0000640007	0.000000254955
3	190226607	192343813	4699	15	0.0001370749	0.000000266662
3	192343814	194059670	3484	15	-0.0000195891	0.000000257541
3	194059671	194786673	2335	15	-0.0000097978	0.000000258111
3	194786674	195971407	2421	15	0.0001647596	0.000000268274
3	195971408	197075986	2136	15	0.0000197647	0.000000259832
3	197075987	197946621	1527	15	0.0001173253	0.000000265512
4	10240	694714	884	15	0.0002247590	0.000000185568
4	694715	1478710	1682	15	0.0001182197	0.000000265564
4	1478711	2842978	2358	15	0.0001803391	0.000000269181
4	2842979	3846039	1855	15	0.0003502287	0.000000279073
4	3846040	4684115	2761	15	0.0001241519	0.000000265910
4	4684116	5502387	1980	15	0.0001326288	0.000000266403
4	5502388	6773042	3323	15	0.0000601638	0.000000262184
4	6773043	7539691	2263	15	0.0003334092	0.000000278093
4	7539692	8152234	1820	15	0.0003028927	0.000000276317
4	8152235	9326478	2631	15	-0.0000744529	0.000000254346
4	9326479	10699151	3566	15	-0.0000268181	0.000000257120
4	10699152	12323033	3768	15	0.0000854026	0.000000263654
4	12323034	14272000	3948	15	0.0001881841	0.000000269638
4	14272001	15147445	1757	15	0.0003029174	0.000000276318
4	15147446	15927008	1331	15	0.0001953456	0.000000265677
4	15927009	17383321	2917	15	0.0002105133	0.000000270938
4	17383322	18841873	2513	15	0.0003083661	0.000000276635
4	18841874	20544556	3590	15	-0.0000187648	0.000000257589
4	20544557	22319346	3642	15	0.0001355452	0.000000266573
4	22319347	24135528	3140	15	0.0001932347	0.000000269932
4	24135529	25609321	2728	15	0.0001197627	0.000000265654
4	25609322	27343721	2629	15	0.0001330715	0.000000266429
4	27343722	27965867	1249	15	0.0002716054	0.000000230507
4	27965868	29762207	4014	15	0.0000927740	0.000000264083
4	29762208	30454534	1130	15	0.0001181890	0.000000168253
4	30454535	31782980	2699	15	-0.0000185004	0.000000257604
4	31782981	33172765	3185	15	0.0000716560	0.000000262853
4	33172766	35151414	2985	15	0.0000509621	0.000000261648
4	35151415	36020435	2367	15	0.0001527167	0.000000267573
4	36020436	37255046	2975	15	0.0001443183	0.000000267084
4	37255047	38907021	3866	15	0.0002318023	0.000000272177
4	38907022	40202608	2537	15	0.0000122940	0.000000259397
4	40202609	42213057	3928	15	0.0001961023	0.000000270099
4	42213058	43965044	3469	15	0.0001560809	0.000000267769
4	43965045	45189156	2685	15	0.0000664747	0.000000262551
4	45189157	47411895	3019	15	0.0001780872	0.000000269050
4	47411896	48123599	1290	15	0.0000397763	0.000000190189
4	48123600	53877432	2811	15	0.0001694260	0.000000268546
4	53877433	55429555	2639	15	0.0001684038	0.000000268486
4	55429556	56547643	2204	15	0.0002591831	0.000000273772
4	56547644	58935007	5196	15	0.0001781244	0.000000269052
4	58935008	60741086	4116	15	0.0000700015	0.000000262757
4	60741087	62371762	3389	15	0.0003924499	0.000000281531
4	62371763	64341000	3745	15	0.0002286777	0.000000271995
4	64341001	66600491	4385	15	0.0001663408	0.000000268366
4	66600492	68059496	2736	15	0.0000398466	0.000000261001
4	68059497	68854764	1574	15	0.0001243712	0.000000210747
4	68854765	71049151	4219	15	0.0001610701	0.000000268059
4	71049152	72140557	1920	15	0.0001701854	0.000000245703
4	72140558	74592389	3396	15	0.0002677589	0.000000274271
4	74592390	77130706	4569	15	0.0002344173	0.000000272330
4	77130707	79093978	3919	15	0.0000174721	0.000000259698
4	79093979	80990296	3181	15	0.0005001541	0.000000287802
4	80990297	82125314	1415	15	0.0002176953	0.000000213819
4	82125315	83372592	2137	15	0.0002400057	0.000000272655
4	83372593	84799655	2724	15	0.0003411966	0.000000278547
4	84799656	86930608	3484	15	0.0001405660	0.000000266865
4	86930609	87534647	737	15	0.0000760912	0.000000109190
4	87534648	89238027	3188	15	0.0003383334	0.000000278380
4	89238028	90231563	1768	15	0.0001868113	0.000000269558
4	90231564	91560676	2034	15	0.0000573908	0.000000262023
4	91560677	94233298	3811	15	0.0000506995	0.000000261633
4	94233299	96182187	3319	15	0.0000289219	0.000000260365
4	96182188	97540702	2828	15	0.0000117081	0.000000259363
4	97540703	99424066	3284	15	0.0001902688	0.000000269759
4	99424067	100678359	2322	15	0.0002059492	0.000000270672
4	100678360	103221355	4683	15	0.0004455698	0.000000284624
4	103221356	105305293	3070	15	0.0005402846	0.000000290138
4	105305294	107501304	3221	15	0.0003084062	0.000000276638
4	107501305	108815347	1895	15	0.0002172060	0.000000271328
4	108815348	111256566	4228	15	0.0002138773	0.000000271134
4	111256567	113870101	3957	15	0.0002134731	0.000000271110
4	113870102	115666245	3319	15	-0.0000097830	0.000000258112
4	115666246	117276928	2930	15	0.0003217741	0.000000277416
4	117276929	118479917	2489	15	0.0001010400	0.000000264564
4	118479918	119933511	2884	15	0.0002511894	0.000000273306
4	119933512	120392683	1249	15	0.0002684506	0.000000189785
4	120392684	122657986	4841	15	0.0001255555	0.000000265991
4	122657987	124286480	2392	15	0.0009560340	0.000000314345
4	124286481	125210861	1731	15	0.0002066382	0.000000270712
4	125210862	126480885	2451	15	0.0003587867	0.000000279571
4	126480886	127275476	1760	15	0.0001865628	0.000000269543
4	127275477	127830292	1178	15	0.0002531437	0.000000196832
4	127830293	128996664	1030	15	0.0000994583	0.000000174954
4	128996665	130591884	2483	15	0.0002623504	0.000000273956
4	130591885	131283820	1171	15	0.0003643889	0.000000203274
4	131283821	132954032	3184	15	0.0001619587	0.000000268111
4	132954033	134628433	3418	15	0.0002276399	0.000000271935
4	134628434	136566406	3534	15	0.0001198755	0.000000265661
4	136566407	138541970	4271	15	0.0000884413	0.000000263830
4	138541971	139556510	2034	15	0.0000931683	0.000000264106
4	139556511	141084630	2478	15	0.0002852717	0.000000275291
4	141084631	143443264	3928	15	-0.0000408468	0.000000256303
4	143443265	146178186	3798	15	0.0000478560	0.000000261467
4	146178187	148521872	3468	15	-0.0000564951	0.000000255392
4	148521873	150683579	2894	15	0.0000402150	0.000000261023
4	150683580	152782183	2646	15	0.0002318485	0.000000272180
4	152782184	154477640	2504	15	0.0001110108	0.000000265145
4	154477641	155056125	1241	15	0.0001633004	0.000000250199
4	155056126	157485096	4827	15	0.0000596558	0.000000262154
4	157485097	158743717	2154	15	0.0001890890	0.000000269691
4	158743718	161058863	3497	15	0.0001294486	0.000000266218
4	161058864	161826434	1892	15	0.0002768702	0.000000274801
4	161826435	163243678	3895	15	0.0003602878	0.000000279658
4	163243679	164478233	2188	15	0.0000476488	0.000000261455
4	164478234	165823447	3002	15	-0.0000534317	0.000000255570
4	165823448	167018857	2467	15	0.0002978734	0.000000276024
4	167018858	167852916	1713	15	0.0002213242	0.000000234156
4	167852917	169676824	3448	15	0.0003337656	0.000000278114
4	169676825	170776509	1656	15	0.0001087755	0.000000265014
4	170776510	172558634	3140	15	-0.0000379865	0.000000256469
4	172558635	174264131	2248	15	0.0000871617	0.000000263756
4	174264132	176570715	3998	15	0.0002616616	0.000000273916
4	176570716	178991909	5010	15	0.0000883012	0.000000263822
4	178991910	180122042	2354	15	0.0000290098	0.000000260370
4	180122043	182066806	5032	15	0.0001300062	0.000000266251
4	182066807	183371274	3400	15	0.0001599828	0.000000267996
4	183371275	184929454	3742	15	0.0001553421	0.000000267726
4	184929455	186909089	4984	15	0.0000449257	0.000000261297
4	186909090	188472980	3579	15	0.0000941812	0.000000264165
4	188472981	189693510	3882	15	0.0001923326	0.000000269879
4	189693511	191043593	3238	15	0.0003173324	0.000000277157
5	11940	982251	2235	15	0.0005237458	0.000000289175
5	982252	2132441	3128	15	0.0001201418	0.000000265676
5	2132442	3361940	3797	15	0.0000355531	0.000000260751
5	3361941	4632109	2758	15	0.0001085640	0.000000265002
5	4632110	5973232	3091	15	0.0001417918	0.000000266937
5	5973233	7143217	2715	15	0.0000326593	0.000000260583
5	7143218	8446335	3016	15	0.0001195115	0.000000265639
5	8446336	9718831	2938	15	0.0001143784	0.000000265341
5	9718832	11173270	3120	15	0.0002741626	0.000000274644
5	11173271	13464831	3421	15	0.0001799130	0.000000269156
5	13464832	14757803	2383	15	0.0005855853	0.000000292776
5	14757804	16963612	3185	15	0.0001904953	0.000000269772
5	16963613	18051591	1678	15	0.0003481745	0.000000278953
5	18051592	19917715	3888	15	0.0000568261	0.000000261990
5	19917716	22152072	3182	15	0.0003561845	0.000000279419
5	22152073	23494323	2324	15	0.0001598866	0.000000267990
5	23494324	26184850	5423	15	0.0004138779	0.000000282778
5	26184851	26857603	1355	15	0.0001196993	0.000000198848
5	26857604	27984512	1941	15	0.0002176952	0.000000271356
5	27984513	29714819	3590	15	0.0000232397	0.000000260034
5	29714820	31390248	3392	15	-0.0000108016	0.000000258052
5	31390249	33500179	4022	15	0.0001487210	0.000000267340
5	33500180	35048969	2928	15	0.0003077906	0.000000276602
5	35048970	36433953	2261	15	0.0003804611	0.000000280833
5	36433954	38802409	3588	15	0.0001030149	0.000000264679
5	38802410	40287728	2759	15	0.0004681968	0.000000285941
5	40287729	41888709	3168	15	0.0009564199	0.000000314367
5	41888710	43983498	2781	15	0.0002471137	0.000000273069
5	43983499	50163397	4359	15	0.0001766778	0.000000268968
5	50163398	52134621	3347	15	0.0001986733	0.000000270249
5	52134622	53703043	3342	15	0.0003309589	0.000000277951
5	53703044	55417348	3239	15	0.0002406589	0.000000272693
5	55417349	56621101	2207	15	0.0006948912	0.000000299140
5	56621102	57340072	1283	15	0.0000567638	0.000000208585
5	57340073	58524621	2808	15	0.0000500622	0.000000261596
5	58524622	60935906	3214	15	0.0002283185	0.000000271975
5	60935907	61672994	1032	15	0.0001401491	0.000000193141
5	61672995	63218986	2820	15	0.0001749595	0.000000268868
5	63218987	63968303	944	15	0.0000342216	0.000000138439
5	63968304	65911285	3077	15	0.0000595410	0.000000262148
5	65911286	67850859	3306	15	0.0001676607	0.000000268443
5	67850860	71240455	2511	15	-0.0000364066	0.000000256561
5	71240456	73759325	4330	15	0.0000691865	0.000000262709
5	73759326	75798865	3636	15	0.0002771809	0.000000274820
5	75798866	77623331	3229	15	0.0000093071	0.000000259223
5	77623332	79393143	2973	15	0.0002236075	0.000000271700
5	79393144	80481470	2439	15	0.0003183748	0.000000277218
5	80481471	82025647	2155	15	0.0000414063	0.000000261092
5	82025648	83972688	2624	15	0.0000622589	0.000000262306
5	83972689	85767289	4500	15	-0.0000169601	0.000000257694
5	85767290	87389990	1582	15	0.0000193554	0.000000259808
5	87389991	88891529	1311	15	0.0000508539	0.000000241821
5	88891530	90422653	1823	15	0.0000337916	0.000000260649
5	90422654	91840541	1738	15	0.0000633908	0.000000262372
5	91840542	93809983	1656	15	0.0001167707	0.000000265480
5	93809984	95963518	2960	15	0.0002256612	0.000000271820
5	95963519	97315600	2961	15	0.0006041017	0.000000293854
5	97315601	99260991	3698	15	0.0002322025	0.000000272201
5	99260992	101578768	3577	15	0.0001799116	0.000000269156
5	101578769	103320004	2577	15	0.0001431776	0.000000267017
5	103320005	104851482	2658	15	-0.0000241270	0.000000257276
5	104851483	105893054	1387	15	0.0004180572	0.000000258282
5	105893055	107264195	2628	15	0.0001156245	0.000000265413
5	107264196	108633933	2659	15	0.0001174607	0.000000265520
5	108633934	110821143	3547	15	0.0003013290	0.000000276225
5	110821144	111981561	2184	15	0.0004014459	0.000000282055
5	111981562	113396284	2852	15	0.0001151106	0.000000265383
5	113396285	114830369	3023	15	0.0002761027	0.000000274757
5	114830370	115831046	2263	15	0.0000395740	0.000000260985
5	115831047	117346212	3076	15	-0.0000434136	0.000000256153
5	117346213	118608819	2168	15	0.0001919621	0.000000269858
5	118608820	119669041	1947	15	0.0002307307	0.000000272115
5	119669042	120452165	1489	15	0.0000415613	0.000000218342
5	120452166	122556904	3847	15	0.0003227072	0.000000277470
5	122556905	123798099	2228	15	0.0003264898	0.000000277690
5	123798100	125785648	4366	15	-0.0000228623	0.000000257350
5	125785649	127344603	2211	15	0.0005116859	0.000000288473
5	127344604	129519024	4128	15	0.0001670273	0.000000268406
5	129519025	132139648	2710	15	0.0005347397	0.000000289815
5	132139649	134777400	3754	15	0.0001696275	0.000000268557
5	134777401	136376049	2715	15	0.0002220778	0.000000271611
5	136376050	139265071	2942	15	-0.0000399925	0.000000256353
5	139265072	140645970	1615	15	0.0000316478	0.000000260524
5	140645971	142981247	3609	15	0.0001252886	0.000000265976
5	142981248	144943353	3175	15	0.0001646679	0.000000268269
5	144943354	147181997	3495	15	0.0000224951	0.000000259991
5	147181998	148662623	2521	15	0.0000681584	0.000000262650
5	148662624	150561297	3303	15	0.0004659912	0.000000285813
5	150561298	152867773	4515	15	0.0000912847	0.000000263996
5	152867774	153773087	1921	15	0.0002389541	0.000000272594
5	153773088	155373504	2847	15	-0.0000978209	0.000000252986
5	155373505	156628699	1883	15	0.0002246472	0.000000271761
5	156628700	158825697	4163	15	0.0000740284	0.000000262991
5	158825698	159973943	2088	15	0.0009660140	0.000000314926
5	159973944	161482132	2638	15	0.0000846208	0.000000263608
5	161482133	162743907	2114	15	-0.0000051837	0.000000258379
5	162743908	163771581	2072	15	0.0001294028	0.000000266215
5	163771582	165642394	3040	15	0.0001809308	0.000000269216
5	165642395	166847739	1990	15	0.0001089476	0.000000265024
5	166847740	168525317	2778	15	0.0000001647	0.000000258691
5	168525318	169505663	1833	15	0.0002578355	0.000000273693
5	169505664	171074291	2860	15	0.0000031002	0.000000258862
5	171074292	172678326	2924	15	-0.0000639334	0.000000254959
5	172678327	173642870	2175	15	0.0001518701	0.000000267523
5	173642871	175450594	3595	15	-0.0000280049	0.000000257051
5	175450595	177251506	1969	15	0.0003736210	0.000000280435
5	177251507	178413463	3040	15	0.0000025306	0.000000258828
5	178413464	179401243	2014	15	0.0000613935	0.000000262256
5	179401244	180559932	2800	15	0.0004031858	0.000000282156
5	180559933	180885155	314	15	0.0000076087	0.000000089293
6	73924	1452361	2948	15	0.0001708371	0.000000268628
6	1452362	2458935	1800	15	0.0001787196	0.000000269087
6	2458936	3573592	2669	15	0.0000385638	0.000000260926
6	3573593	4617816	2565	15	-0.0000623045	0.000000255054
6	4617817	5791471	2489	15	0.0001536280	0.000000267626
6	5791472	6785206	2464	15	0.0001295844	0.000000266226
6	6785207	7808935	2421	15	0.0002153115	0.000000271217
6	7808936	9020025	2774	15	0.0000351716	0.000000260729
6	9020026	10540316	3154	15	0.0001903285	0.000000269763
6	10540317	11790815	2226	15	0.0002060010	0.000000270675
6	11790816	13209387	2550	15	0.0002348693	0.000000272356
6	13209388	14802923	2839	15	0.0003338648	0.000000278120
6	14802924	17386404	4519	15	0.0001407800	0.000000266878
6	17386405	19207486	3695	15	0.0000417298	0.000000261111
6	19207487	21684064	4864	15	0.0001346229	0.000000266519
6	21684065	22748306	2432	15	0.0004196009	0.000000283112
6	22748307	23936618	2719	15	-0.0000001618	0.000000258672
6	23936619	24852274	1935	15	0.0000604099	0.000000262198
6	24852275	25684586	2034	15	0.0003089988	0.000000276672
6	25684587	26791232	2114	15	0.0001084484	0.000000253168
6	26791233	28017818	1775	15	0.0002594780	0.000000214491
6	28017819	28917607	904	15	0.0005797741	0.000000116789
6	28917608	29737970	165	15	0.0007032073	0.000000068383
6	29737971	30798167	331	15	0.0008539840	0.000000135486
6	30798168	31571217	978	15	0.0024623291	0.000000400782
6	31571218	32682663	4639	15	0.0068121034	0.000000654662
6	32682664	33236496	422	15	0.0015668835	0.000000211528
6	33236497	35455755	3627	15	0.0002228936	0.000000271659
6	35455756	37572595	3651	15	0.0002183995	0.000000271397
6	37572596	39295676	3577	15	0.0000420820	0.000000261131
6	39295677	40345114	1654	15	-0.0000537040	0.000000255554
6	40345115	42038720	3102	15	0.0004321333	0.000000283841
6	42038721	43756168	2277	15	0.0002635187	0.000000274024
6	43756169	45406562	2857	15	-0.0000047255	0.000000258406
6	45406563	47311897	3095	15	0.0001381170	0.000000266723
6	47311898	48391124	2114	15	0.0005057954	0.000000288130
6	48391125	50386144	3656	15	0.0001126251	0.000000265239
6	50386145	52210475	3215	15	0.0000657370	0.000000262509
6	52210476	53279101	2114	15	0.0002366402	0.000000272459
6	53279102	55468269	4707	15	0.0003949811	0.000000281678
6	55468270	56105312	1549	15	0.0003257150	0.000000176389
6	56105313	57599464	1765	15	0.0000445709	0.000000261276
6	57599465	61880511	2259	15	0.0001757498	0.000000213727
6	61880512	63552887	3423	15	-0.0000339624	0.000000256704
6	63552888	65765741	3633	15	0.0000886993	0.000000263845
6	65765742	67329214	4058	15	0.0001423431	0.000000266969
6	67329215	68849482	4121	15	0.0001603286	0.000000268016
6	68849483	69523447	1740	15	0.0000935942	0.000000197335
6	69523448	71609509	3938	15	0.0001152612	0.000000265392
6	71609510	73450096	3575	15	0.0000536002	0.000000261802
6	73450097	75462002	3967	15	0.0001062049	0.000000264865
6	75462003	77414880	2703	15	0.0003817386	0.000000280907
6	77414881	78957727	3534	15	-0.0000339704	0.000000256703
6	78957728	80691169	3460	15	0.0000504795	0.000000261620
6	80691170	81929221	3072	15	0.0001148973	0.000000265371
6	81929222	83127148	1942	15	0.0001538533	0.000000267639
6	83127149	85209988	2669	15	0.0001920145	0.000000269861
6	85209989	87069499	3828	15	0.0004288040	0.000000283648
6	87069500	88822139	3230	15	0.0000983304	0.000000264406
6	88822140	89973051	2104	15	0.0001281569	0.000000266143
6	89973052	91843195	3141	15	0.0003128231	0.000000276895
6	91843196	93428643	2647	15	0.0001338764	0.000000266476
6	93428644	94118141	1638	15	0.0002307368	0.000000258429
6	94118142	94441174	460	15	0.0000054266	0.000000053980
6	94441175	97093510	4350	15	0.0004310278	0.000000283777
6	97093511	97842283	1228	15	0.0000326965	0.000000162205
6	97842284	100630145	4265	15	0.0000740795	0.000000262994
6	100630146	102636771	2833	15	0.0002131717	0.000000271093
6	102636772	103983394	2663	15	0.0003300602	0.000000277898
6	103983395	106056732	3852	15	0.0001014409	0.000000264587
6	106056733	107450305	2946	15	0.0001227737	0.000000265829
6	107450306	108464379	1492	15	0.0000023543	0.000000258818
6	108464380	110304246	2634	15	0.0000852829	0.000000263647
6	110304247	112345013	3154	15	0.0006559922	0.000000296875
6	112345014	114220832	2916	15	0.0002605829	0.000000273853
6	114220833	116131395	3373	15	0.0001103419	0.000000265106
6	116131396	117672971	2404	15	0.0006045984	0.000000293883
6	117672972	118963114	2003	15	0.0001603682	0.000000268018
6	118963115	119963277	1727	15	0.0003073119	0.000000269079
6	119963278	120512127	1101	15	-0.0000069318	0.000000127079
6	120512128	121905675	2695	15	0.0002104420	0.000000270934
6	121905676	123856180	3665	15	-0.0000673740	0.000000254758
6	123856181	125424382	2527	15	0.0000565587	0.000000261974
6	125424383	127540460	2122	15	0.0000427848	0.000000261172
6	127540461	129861030	3166	15	0.0001456682	0.000000267162
6	129861031	130935453	2330	15	0.0001237986	0.000000265889
6	130935454	132765668	3054	15	0.0000064839	0.000000259059
6	132765669	134244242	2534	15	0.0002351353	0.000000272371
6	134244243	136224176	2740	15	0.0000514880	0.000000261679
6	136224177	137614217	1286	15	0.0000784796	0.000000263250
6	137614218	138822628	2293	15	0.0003727826	0.000000280386
6	138822629	139845435	1960	15	0.0002669526	0.000000274224
6	139845436	142288478	3234	15	0.0002094888	0.000000270878
6	142288479	145319809	4372	15	0.0002594138	0.000000273785
6	145319810	146665423	1829	15	0.0000982262	0.000000209817
6	146665424	148920351	3955	15	0.0003599941	0.000000279641
6	148920352	150253403	2593	15	0.0007816600	0.000000304192
6	150253404	151912702	4105	15	0.0000771611	0.000000263174
6	151912703	153094495	2357	15	0.0001566848	0.000000267804
6	153094496	154974119	4281	15	0.0000979951	0.000000264387
6	154974120	156763325	3350	15	0.0001836781	0.000000269375
6	156763326	158218718	2173	15	0.0001693108	0.000000268539
6	158218719	160580496	5338	15	0.0003119268	0.000000276843
6	160580497	162169563	3541	15	0.0001615000	0.000000268084
6	162169564	162931202	1813	15	0.0001756687	0.000000268909
6	162931203	164383520	3351	15	0.0000320509	0.000000260547
6	164383521	165586863	3138	15	-0.0000364115	0.000000256561
6	165586864	167024732	3634	15	0.0001320813	0.000000266371
6	167024733	168042834	2414	15	0.0003718327	0.000000280330
6	168042835	169382049	4011	15	0.0002533997	0.000000273435
6	169382050	170330172	2134	15	0.0001115676	0.000000265177
6	170330173	171051269	1529	15	0.0002207420	0.000000271533
7	16161	972751	2700	15	0.0000077706	0.000000259134
7	972752	1353066	1075	15	0.0001081188	0.000000264976
7	1353067	2062397	1462	15	0.0003404891	0.000000278506
7	2062398	2772226	1477	15	0.0005054028	0.000000288107
7	2772227	4573427	4769	15	0.0009065826	0.000000311465
7	4573428	5416231	2075	15	-0.0000453628	0.000000256040
7	5416232	5854525	766	15	0.0000907543	0.000000263965
7	5854526	6573856	1330	15	0.0003684951	0.000000280136
7	6573857	7808751	3351	15	-0.0000027137	0.000000258523
7	7808752	9123422	3321	15	0.0005188212	0.000000288889
7	9123423	9987498	2665	15	-0.0000464222	0.000000255978
7	9987499	11299197	3307	15	0.0001364433	0.000000266625
7	11299198	12635460	4098	15	0.0004169984	0.000000282960
7	12635461	13884201	3396	15	-0.0000243305	0.000000257265
7	13884202	15143656	2436	15	0.0001144034	0.000000265342
7	15143657	16902068	3721	15	0.0002070371	0.000000270735
7	16902069	19481546	4172	15	0.0001504418	0.000000267440
7	19481547	20124907	1476	15	0.0000917080	0.000000263394
7	20124908	22507628	5373	15	0.0001327698	0.000000266411
7	22507629	23471441	1621	15	0.0001933377	0.000000269938
7	23471442	25077258	3563	15	0.0000127073	0.000000259421
7	25077259	25909554	1876	15	0.0003980039	0.000000281854
7	25909555	28360308	4104	15	0.0001670502	0.000000268407
7	28360309	31137288	5191	15	-0.0000041835	0.000000258438
7	31137289	33555767	5294	15	0.0001114924	0.000000265173
7	33555768	36213537	4830	15	0.0002209683	0.000000271547
7	36213538	37555183	2630	15	0.0001576701	0.000000267861
7	37555184	38966702	3382	15	0.0006327219	0.000000295520
7	38966703	39862669	1575	15	0.0002289849	0.000000272013
7	39862670	42001810	2914	15	0.0004746106	0.000000286315
7	42001811	43159073	2148	15	0.0000551321	0.000000261891
7	43159074	44763827	2784	15	0.0001685923	0.000000268497
7	44763828	45952921	2299	15	0.0001766898	0.000000268969
7	45952922	46986719	2296	15	0.0002023686	0.000000270464
7	46986720	49212277	5031	15	-0.0000422224	0.000000256223
7	49212278	51675321	4884	15	0.0001872765	0.000000269585
7	51675322	53176311	4386	15	0.0000391966	0.000000260963
7	53176312	54222975	2604	15	0.0002024465	0.000000269841
7	54222976	55691583	3287	15	0.0001069344	0.000000264907
7	55691584	57382637	3510	15	0.0000655643	0.000000262498
7	57382638	63307358	3229	15	0.0000329122	0.000000260597
7	63307359	63641124	624	15	0.0003900818	0.000000090504
7	63641125	65689808	3204	15	0.0000575928	0.000000262034
7	65689809	68234073	6490	15	0.0000978650	0.000000264379
7	68234074	69085363	1745	15	-0.0000499863	0.000000255771
7	69085364	71874884	4594	15	0.0000336301	0.000000260639
7	71874885	73334601	1420	15	0.0004073606	0.000000282399
7	73334602	76458563	3377	15	0.0004029782	0.000000282144
7	76458564	78093858	3422	15	0.0000361211	0.000000260784
7	78093859	79888068	3401	15	-0.0000476295	0.000000255908
7	79888069	82022685	3356	15	0.0000734815	0.000000262959
7	82022686	83801202	3617	15	0.0002626095	0.000000273971
7	83801203	85572181	2749	15	0.0001262463	0.000000266032
7	85572182	87825003	3137	15	0.0001398062	0.000000266821
7	87825004	90661783	5665	15	-0.0000215541	0.000000257426
7	90661784	92493751	2014	15	0.0004222363	0.000000283265
7	92493752	93966600	1764	15	0.0000096191	0.000000259241
7	93966601	96073507	3026	15	0.0000360471	0.000000260780
7	96073508	97099569	1629	15	0.0002623896	0.000000273958
7	97099570	98715473	3025	15	0.0000144170	0.000000259521
7	98715474	100196650	1407	15	0.0010325988	0.000000297677
7	100196651	101199252	2018	15	0.0005962915	0.000000293399
7	101199253	103197509	2863	15	0.0002648227	0.000000274100
7	103197510	104159524	2317	15	0.0000799169	0.000000263334
7	104159525	105682904	2400	15	0.0000462041	0.000000261371
7	105682905	107780177	3507	15	0.0016208011	0.000000353050
7	107780178	109647593	3234	15	0.0000411470	0.000000261077
7	109647594	112618683	3857	15	0.0000060353	0.000000259033
7	112618684	113712386	1445	15	0.0000152351	0.000000216814
7	113712387	116780177	3643	15	0.0000990040	0.000000264445
7	116780178	118351580	1810	15	0.0003863822	0.000000265016
7	118351581	121045272	2833	15	0.0002028877	0.000000270494
7	121045273	121933629	1453	15	0.0001015000	0.000000215301
7	121933630	124156804	3825	15	-0.0000021782	0.000000258554
7	124156805	124167551	27	3	0.0000030563	0.000000005904
7	124167552	126519169	4745	15	0.0000462168	0.000000261372
7	126519170	126869220	501	15	0.0002944111	0.000000094573
7	126869221	128778385	3192	15	0.0004993793	0.000000287757
7	128778386	130422413	2561	15	0.0000298222	0.000000260417
7	130422414	132805847	4106	15	0.0001979625	0.000000270207
7	132805848	134307595	2304	15	0.0000370845	0.000000260214
7	134307596	135591082	2367	15	0.0001595042	0.000000267968
7	135591083	136876561	2347	15	0.0002096858	0.000000270890
7	136876562	138744678	3031	15	-0.0000068406	0.000000258283
7	138744679	139933176	1513	15	0.0001123960	0.000000265225
7	139933177	140235209	791	15	0.0003165422	0.000000213728
7	140235210	141226556	1213	15	0.0002377228	0.000000233910
7	141226557	142656309	2267	15	-0.0000062093	0.000000258320
7	142656310	144968288	3209	15	0.0000565577	0.000000261974
7	144968289	146427959	2759	15	0.0001721496	0.000000268704
7	146427960	147815317	3164	15	0.0001067184	0.000000264895
7	147815318	149840657	3846	15	-0.0000743043	0.000000254355
7	149840658	150711504	2204	15	0.0001875156	0.000000269599
7	150711505	152249805	2344	15	0.0003582513	0.000000279540
7	152249806	153674018	3504	15	0.0000216496	0.000000259942
7	153674019	154964729	2871	15	-0.0000094238	0.000000258132
7	154964730	156065249	2875	15	0.0000312884	0.000000260503
7	156065250	157634596	3392	15	0.0001717860	0.000000268683
7	157634597	159128574	3553	15	0.0000706755	0.000000262796
8	10422	1044216	2448	15	0.0002888788	0.000000275501
8	1044217	1163244	498	15	0.0001326799	0.000000159209
8	1163245	2042941	2754	15	0.0000683291	0.000000262659
8	2042942	2573278	1900	15	0.0000424474	0.000000261153
8	2573279	3392925	3304	15	0.0000916555	0.000000264018
8	3392926	3783016	2079	15	0.0002111109	0.000000270973
8	3783017	4480475	3124	15	0.0000511212	0.000000261658
8	4480476	5146926	2479	15	0.0000283449	0.000000260331
8	5146927	6142796	4328	15	-0.0000853902	0.000000253709
8	6142797	7153078	2917	15	0.0003373988	0.000000278326
8	7153079	9154693	3099	15	0.0003582025	0.000000279537
8	9154694	9640786	1255	15	0.0001220668	0.000000259543
8	9640787	10463196	2143	15	0.0002461955	0.000000273015
8	10463197	11278997	1899	15	-0.0000120245	0.000000257981
8	11278998	13491774	5288	15	0.0001517569	0.000000267517
8	13491775	13944991	2176	15	0.0000923261	0.000000264057
8	13944992	15991659	5962	15	0.0000276413	0.000000260290
8	15991660	17387875	3037	15	0.0001397101	0.000000266815
8	17387876	17836398	1368	15	0.0001778189	0.000000269034
8	17836399	19492839	4271	15	0.0001035998	0.000000264713
8	19492840	20060855	1423	15	-0.0000024573	0.000000258538
8	20060856	21661736	3389	15	0.0000528173	0.000000261756
8	21661737	22897056	2072	15	0.0000734928	0.000000262960
8	22897057	24674717	3455	15	0.0000570248	0.000000262001
8	24674718	25483453	1542	15	0.0004737393	0.000000276900
8	25483454	26682524	2843	15	0.0001306230	0.000000266286
8	26682525	28162391	3435	15	0.0000484836	0.000000261504
8	28162392	29327895	1688	15	0.0001346508	0.000000266521
8	29327896	31133728	2791	15	-0.0000142036	0.000000257854
8	31133729	31548359	883	15	0.0001561879	0.000000141760
8	31548360	32977217	2354	15	0.0002524217	0.000000273378
8	32977218	35317231	3525	15	0.0001430972	0.000000267013
8	35317232	37379388	1731	15	0.0000915971	0.000000264014
8	37379389	38938805	1688	15	0.0005699654	0.000000291866
8	38938806	40703336	3917	15	0.0003820158	0.000000280923
8	40703337	41721453	2095	15	0.0002472373	0.000000273076
8	41721454	42773822	984	15	0.0002643705	0.000000217111
8	42773823	46841314	568	15	0.0000493907	0.000000135598
8	46841315	50082469	2799	15	0.0004015018	0.000000282058
8	50082470	53302929	5649	15	0.0001366577	0.000000266638
8	53302930	54418043	2299	15	0.0001219404	0.000000265781
8	54418044	55945580	2376	15	0.0000701437	0.000000262765
8	55945581	56956382	1788	15	0.0001855534	0.000000269485
8	56956383	59068650	4297	15	0.0000196492	0.000000259825
8	59068651	59728099	1379	15	0.0002737919	0.000000242015
8	59728100	62329098	3995	15	0.0002215077	0.000000271578
8	62329099	63349305	1944	15	0.0000689281	0.000000252106
8	63349306	65232871	2893	15	0.0001175706	0.000000265526
8	65232872	66489089	1812	15	0.0002773582	0.000000274830
8	66489090	69863056	4477	15	0.0000016894	0.000000258779
8	69863057	70867978	1931	15	0.0005834504	0.000000292652
8	70867979	72289453	2407	15	0.0003223589	0.000000277450
8	72289454	73817198	3295	15	0.0002548838	0.000000273521
8	73817199	75445063	2757	15	0.0000261630	0.000000260204
8	75445064	76456541	1669	15	0.0002345909	0.000000262364
8	76456542	79132860	4632	15	0.0002514929	0.000000273324
8	79132861	81956394	4075	15	0.0001891329	0.000000269693
8	81956395	82693738	1098	15	0.0003315334	0.000000205945
8	82693739	84225588	3221	15	0.0001816850	0.000000269259
8	84225589	85955618	2921	15	0.0001041031	0.000000264742
8	85955619	87411708	1353	15	0.0002478465	0.000000210907
8	87411709	89085480	2943	15	0.0001526844	0.000000267571
8	89085481	90638161	2650	15	0.0001016086	0.000000264597
8	90638162	93554385	3423	15	0.0001277685	0.000000266120
8	93554386	95005526	1702	15	0.0000791262	0.000000263288
8	95005527	96534805	2943	15	-0.0000658274	0.000000254848
8	96534806	99401580	4930	15	-0.0000945401	0.000000253177
8	99401581	101620957	1926	15	-0.0000445522	0.000000256087
8	101620958	104123305	4443	15	0.0000880305	0.000000263807
8	104123306	104988751	2023	15	0.0000415981	0.000000197211
8	104988752	107410753	4183	15	0.0000678692	0.000000262633
8	107410754	108648176	2255	15	0.0002276096	0.000000271933
8	108648177	109248172	1082	15	0.0000682799	0.000000136159
8	109248173	110484313	2131	15	0.0002050232	0.000000262505
8	110484314	111850846	1555	15	0.0001065542	0.000000223903
8	111850847	113064319	1600	15	0.0002355023	0.000000175036
8	113064320	116096494	5388	15	0.0003060270	0.000000276499
8	116096495	119685456	4757	15	0.0001087896	0.000000265015
8	119685457	121201699	2718	15	0.0000388506	0.000000260943
8	121201700	124861458	6165	15	0.0001928987	0.000000269912
8	124861459	125683718	1532	15	0.0000635290	0.000000262380
8	125683719	126410916	1349	15	0.0003237105	0.000000277529
8	126410917	128659110	4495	15	-0.0000098111	0.000000258110
8	128659111	130381138	3205	15	0.0001499531	0.000000267412
8	130381139	131639624	2407	15	0.0003971969	0.000000281807
8	131639625	133351143	3817	15	0.0003308686	0.000000277945
8	133351144	134570000	2584	15	0.0001517929	0.000000267519
8	134570001	136035604	3598	15	0.0000339785	0.000000260659
8	136035605	137524150	2779	15	0.0004358181	0.000000284056
8	137524151	139254829	4298	15	0.0001239695	0.000000265899
8	139254830	140725642	2976	15	-0.0000417169	0.000000256252
8	140725643	143044913	4107	15	0.0004170637	0.000000282964
8	143044914	144236880	3028	15	0.0000299773	0.000000260426
8	144236881	146303866	2837	15	0.0003375283	0.000000278333
9	10023	1079706	2906	15	0.0004255432	0.000000283458
9	1079707	1916876	2379	15	0.0000851903	0.000000263641
9	1916877	3190063	3195	15	0.0000109281	0.000000259317
9	3190064	4495327	2761	15	0.0000790367	0.000000263283
9	4495328	4884925	998	15	0.0005994799	0.000000293585
9	4884926	6557588	2609	15	0.0011362851	0.000000324839
9	6557589	7154922	1776	15	0.0002395932	0.000000272631
9	7154923	8456298	3590	15	0.0001230625	0.000000265846
9	8456299	9166402	1656	15	0.0000497599	0.000000261578
9	9166403	10879252	4405	15	0.0000500592	0.000000261596
9	10879253	12276488	3636	15	0.0001036982	0.000000264719
9	12276489	14836362	5483	15	0.0001465935	0.000000267216
9	14836363	16659654	3686	15	0.0001424569	0.000000266975
9	16659655	18661050	4660	15	0.0001366672	0.000000266638
9	18661051	20463533	3656	15	0.0001244142	0.000000265925
9	20463534	22206558	2930	15	0.0003660150	0.000000279992
9	22206559	24158517	2936	15	0.0000043541	0.000000258935
9	24158518	25330809	1745	15	-0.0000304898	0.000000256280
9	25330810	26111756	1463	15	0.0000933316	0.000000264115
9	26111757	28224282	4182	15	0.0000859090	0.000000263683
9	28224283	28811583	1242	15	0.0002383840	0.000000272561
9	28811584	30387391	3743	15	0.0000934980	0.000000264125
9	30387392	31310382	2003	15	0.0004973565	0.000000285132
9	31310383	32019367	1749	15	0.0000056169	0.000000192813
9	32019368	33578333	3453	15	0.0001231868	0.000000265853
9	33578334	34642242	2013	15	0.0003912833	0.000000279583
9	34642243	36743282	2796	15	0.0000330489	0.000000260605
9	36743283	38641598	3427	15	0.0000404380	0.000000261036
9	38641599	65472189	1876	15	0.0001069694	0.000000264909
9	65472190	72512710	3106	15	0.0002291294	0.000000272022
9	72512711	72753754	468	15	0.0003637245	0.000000080069
9	72753755	74253039	2740	15	0.0002621761	0.000000273946
9	74253040	76203945	3013	15	0.0001523481	0.000000267551
9	76203946	76973080	1094	15	0.0000491398	0.000000155473
9	76973081	78900182	3827	15	-0.0000167793	0.000000257704
9	78900183	79471207	1287	15	0.0001166401	0.000000265472
9	79471208	81079054	2784	15	0.0000559669	0.000000261940
9	81079055	82590927	2470	15	0.0000646659	0.000000262446
9	82590928	84211232	4057	15	0.0001333599	0.000000266446
9	84211233	85440800	1474	15	0.0000949095	0.000000264207
9	85440801	86938195	2810	15	0.0001502533	0.000000267429
9	86938196	88109332	2049	15	0.0002172431	0.000000271330
9	88109333	88590416	430	15	0.0001916986	0.000000096932
9	88590417	90136245	2697	15	0.0003491475	0.000000279010
9	90136246	92528697	4757	15	-0.0000574025	0.000000255339
9	92528698	94167202	3059	15	0.0005106082	0.000000288410
9	94167203	96671697	4329	15	0.0004919153	0.000000287322
9	96671698	98922039	3635	15	0.0002357551	0.000000272408
9	98922040	101592858	3963	15	-0.0000103864	0.000000258076
9	101592859	104624436	4645	15	0.0003514673	0.000000279145
9	104624437	105967975	3698	15	0.0000683202	0.000000262659
9	105967976	107581748	3490	15	0.0001541047	0.000000267654
9	107581749	109298753	2974	15	0.0004772015	0.000000286465
9	109298754	110695061	2505	15	0.0003610299	0.000000279701
9	110695062	112778023	4593	15	0.0000589066	0.000000262111
9	112778024	114831081	4510	15	-0.0000006786	0.000000258642
9	114831082	115693144	1631	15	0.0002761369	0.000000266644
9	115693145	117019800	2575	15	0.0002398189	0.000000272644
9	117019801	117921959	1699	15	0.0005263943	0.000000289330
9	117921960	121321536	6421	15	0.0003051088	0.000000276446
9	121321537	122260296	1492	15	0.0000596599	0.000000262155
9	122260297	124871321	3298	15	0.0001131516	0.000000265269
9	124871322	126971886	2984	15	-0.0001127848	0.000000252114
9	126971887	129059664	2336	15	0.0000405610	0.000000261043
9	129059665	130055509	1461	15	0.0000834094	0.000000263537
9	130055510	132165469	2332	15	0.0001664288	0.000000268371
9	132165470	133223216	1923	15	0.0001759242	0.000000268924
9	133223217	134127887	1619	15	0.0001267740	0.000000266062
9	134127888	135298841	2000	15	-0.0000525383	0.000000255622
9	135298842	137041121	3910	15	0.0001357981	0.000000266588
9	137041122	137589363	1115	15	0.0002059686	0.000000270673
9	137589364	138938977	3372	15	-0.0000389459	0.000000256414
9	138938978	139500341	1017	15	0.0016564709	0.000000355126
9	139500342	141144795	2412	15	-0.0000318483	0.000000256827
10	60523	751338	645	15	0.0001894657	0.000000213937
10	751339	1523543	1849	15	0.0002573477	0.000000273665
10	1523544	2254499	2102	15	-0.0000043581	0.000000258427
10	2254500	3352698	3120	15	0.0001638275	0.000000268220
10	3352699	4572273	2698	15	0.0002161415	0.000000271266
10	4572274	5983761	3978	15	0.0000113447	0.000000259342
10	5983762	7171483	3053	15	0.0002037177	0.000000270542
10	7171484	8774664	3892	15	0.0000000873	0.000000258686
10	8774665	10249395	3052	15	0.0000156886	0.000000259595
10	10249396	12586796	4942	15	0.0000837106	0.000000263555
10	12586797	13321599	1957	15	-0.0000805760	0.000000253990
10	13321600	15026067	3937	15	0.0000865135	0.000000263718
10	15026068	16551766	2978	15	-0.0000302242	0.000000256921
10	16551767	18537266	3653	15	0.0001944897	0.000000270005
10	18537267	19716877	3254	15	0.0000397634	0.000000260996
10	19716878	22772282	4926	15	0.0002580991	0.000000273709
10	22772283	23175131	580	15	0.0000271680	0.000000117603
10	23175132	25578595	3695	15	0.0002240824	0.000000271728
10	25578596	26888683	3886	15	0.0000085332	0.000000259178
10	26888684	29323235	5455	15	0.0001318631	0.000000266359
10	29323236	29783691	1305	15	0.0002616278	0.000000273914
10	29783692	30458837	1662	15	0.0002947327	0.000000275841
10	30458838	31907518	2770	15	0.0005349908	0.000000289830
10	31907519	33707967	3686	15	0.0005579104	0.000000291165
10	33707968	35109354	2245	15	0.0004278343	0.000000283591
10	35109355	36572507	2322	15	0.0006326008	0.000000295513
10	36572508	37790028	2132	15	-0.0000682827	0.000000254705
10	37790029	42372578	2628	15	0.0001283513	0.000000176067
10	42372579	43894770	2973	15	0.0000420706	0.000000261131
10	43894771	44730074	1818	15	0.0003932780	0.000000280952
10	44730075	48760449	4400	15	0.0005207543	0.000000289001
10	48760450	50840914	2930	15	0.0003080669	0.000000276618
10	50840915	53616628	3525	15	0.0002986897	0.000000276072
10	53616629	55103571	3553	15	0.0001226204	0.000000265820
10	55103572	57031139	5025	15	0.0002841038	0.000000275223
10	57031140	57662145	1200	15	0.0000573797	0.000000147274
10	57662146	58959527	3032	15	0.0002213182	0.000000258499
10	58959528	60289986	3169	15	0.0003986590	0.000000281892
10	60289987	61891408	2552	15	0.0002557968	0.000000273574
10	61891409	62659678	1489	15	0.0001217643	0.000000239843
10	62659679	63341694	730	15	0.0000811798	0.000000127974
10	63341695	65794113	4287	15	0.0001821005	0.000000269284
10	65794114	67549614	3152	15	0.0003726683	0.000000280379
10	67549615	69900147	5184	15	0.0003418974	0.000000278588
10	69900148	70195990	668	15	0.0000473967	0.000000091089
10	70195991	72220849	4333	15	-0.0000731045	0.000000254425
10	72220850	73508511	3233	15	0.0002832261	0.000000275171
10	73508512	75422549	2134	15	0.0001585889	0.000000267915
10	75422550	78706813	3593	15	0.0002682426	0.000000274299
10	78706814	80876748	3722	15	0.0000294942	0.000000260398
10	80876749	82414678	3697	15	0.0002622735	0.000000273952
10	82414679	84383744	3816	15	0.0002912666	0.000000275640
10	84383745	85458702	2646	15	-0.0000297588	0.000000256948
10	85458703	87937576	5148	15	-0.0000701423	0.000000254597
10	87937577	89127063	1849	15	0.0001324381	0.000000266392
10	89127064	91013380	2918	15	0.0001046949	0.000000264777
10	91013381	92006580	1904	15	0.0002964418	0.000000275941
10	92006581	93335046	2262	15	-0.0000202154	0.000000257504
10	93335047	95396367	3579	15	0.0004859179	0.000000286973
10	95396368	96221242	1129	15	-0.0000142624	0.000000211540
10	96221243	97822356	3219	15	0.0000916290	0.000000264016
10	97822357	100241301	3791	15	0.0002304297	0.000000272097
10	100241302	100668399	686	15	0.0000755822	0.000000099631
10	100668400	102949238	3460	15	0.0015799184	0.000000350669
10	102949239	104380409	1572	15	0.0005382519	0.000000290020
10	104380410	106695047	3215	15	0.0002271286	0.000000271905
10	106695048	108726685	3649	15	0.0003937000	0.000000281604
10	108726686	110317704	3470	15	0.0001016547	0.000000264600
10	110317705	112561492	3724	15	0.0001946166	0.000000270012
10	112561493	115328431	4111	15	0.0002463873	0.000000273027
10	115328432	116421405	2041	15	0.0001475508	0.000000267272
10	116421406	119523933	4534	15	0.0000496186	0.000000261570
10	119523934	120591352	1795	15	0.0000218048	0.000000259951
10	120591353	122407322	3484	15	0.0005785210	0.000000292365
10	122407323	123231464	1630	15	0.0002620903	0.000000273941
10	123231465	123900544	1479	15	0.0000229419	0.000000260017
10	123900545	125869345	4163	15	0.0001157005	0.000000265418
10	125869346	128001097	4377	15	0.0000344621	0.000000260688
10	128001098	129154361	2157	15	-0.0000458987	0.000000256009
10	129154362	130844283	4559	15	-0.0000792453	0.000000254067
10	130844284	131741326	1884	15	-0.0000187070	0.000000257592
10	131741327	132580244	2278	15	0.0000519881	0.000000261708
10	132580245	134336328	5196	15	0.0000541936	0.000000261836
10	134336329	134494672	178	12	0.0002485654	0.000000055650
10	134494673	135523864	2001	15	0.0002729261	0.000000274572
11	70855	1213589	2498	15	0.0002547301	0.000000273512
11	1213590	3665480	6314	15	0.0002281201	0.000000271963
11	3665481	4746708	2618	15	0.0001415116	0.000000266920
11	4746709	6322868	5143	15	0.0000143691	0.000000259518
11	6322869	7436700	2307	15	0.0002551181	0.000000273535
11	7436701	8333273	2388	15	0.0001568875	0.000000267816
11	8333274	9087316	1362	15	0.0003619927	0.000000279758
11	9087317	10952026	3682	15	0.0002777997	0.000000274856
11	10952027	12564228	4176	15	-0.0000399282	0.000000256356
11	12564229	13373123	1731	15	0.0000791766	0.000000263291
11	13373124	15742551	3605	15	0.0004619394	0.000000285577
11	15742552	17578401	2704	15	0.0003651645	0.000000279942
11	17578402	19569534	3961	15	0.0002673974	0.000000274250
11	19569535	21017137	3112	15	0.0002838757	0.000000275209
11	21017138	22374141	2772	15	0.0001816579	0.000000269258
11	22374142	24088516	4020	15	0.0000638792	0.000000262400
11	24088517	26045752	5188	15	0.0000561307	0.000000261949
11	26045753	27020460	1976	15	-0.0000288987	0.000000256999
11	27020461	28481592	1782	15	0.0002381328	0.000000272546
11	28481593	30141356	2202	15	0.0001442394	0.000000267079
11	30141357	32276900	2779	15	0.0002266372	0.000000271877
11	32276901	33958738	2799	15	0.0000344737	0.000000260688
11	33958739	35502604	3470	15	0.0004284192	0.000000283625
11	35502605	37116814	2971	15	0.0001855044	0.000000269482
11	37116815	39382002	3411	15	0.0000198793	0.000000259839
11	39382003	42310002	5089	15	0.0001312519	0.000000266323
11	42310003	44693798	4721	15	0.0000684071	0.000000262664
11	44693799	47006136	3059	15	0.0000578218	0.000000262048
11	47006137	49866049	4861	15	0.0000584685	0.000000262085
11	49866050	54695472	2894	15	-0.0001285463	0.000000175866
11	54695473	55082656	1007	15	0.0000369607	0.000000088528
11	55082657	58457494	8665	15	0.0004041413	0.000000282212
11	58457495	58780548	461	15	0.0001809081	0.000000068657
11	58780549	62223770	4957	15	0.0004068545	0.000000282370
11	62223771	63804568	1703	15	0.0003648400	0.000000279923
11	63804569	65898630	2301	15	0.0003068788	0.000000276549
11	65898631	68005824	2600	15	0.0001725573	0.000000268728
11	68005825	69516129	2558	15	0.0004358980	0.000000284061
11	69516130	70926291	2708	15	-0.0000149360	0.000000257811
11	70926292	72286016	2367	15	0.0000838466	0.000000263563
11	72286017	74412350	2961	15	0.0001607320	0.000000268039
11	74412351	76797208	3367	15	0.0007852691	0.000000304402
11	76797209	78355057	2356	15	0.0001490437	0.000000267359
11	78355058	80722372	4130	15	0.0002766494	0.000000274789
11	80722373	81266711	1288	15	0.0001278353	0.000000252443
11	81266712	84381271	5982	15	0.0001029655	0.000000264676
11	84381272	86619300	3680	15	0.0002941688	0.000000275809
11	86619301	87430234	2129	15	0.0000884033	0.000000263828
11	87430235	89208935	3222	15	0.0003240083	0.000000277546
11	89208936	90966489	2988	15	-0.0000513680	0.000000255690
11	90966490	92077143	2049	15	0.0001003417	0.000000264523
11	92077144	93276156	1875	15	0.0001545694	0.000000267681
11	93276157	94242259	1590	15	0.0000630719	0.000000236432
11	94242260	95726040	2282	15	0.0000303624	0.000000260449
11	95726041	97057057	2239	15	0.0005798720	0.000000292443
11	97057058	98705064	3605	15	0.0001834710	0.000000268737
11	98705065	100417168	4143	15	-0.0000052016	0.000000258378
11	100417169	101331120	2161	15	0.0000736791	0.000000262971
11	101331121	103959635	6079	15	-0.0000073772	0.000000258252
11	103959636	104873283	1561	15	0.0003462067	0.000000181991
11	104873284	106520893	2516	15	0.0001133120	0.000000265279
11	106520894	107844199	2579	15	0.0001939750	0.000000269975
11	107844200	108437036	676	15	0.0003327792	0.000000109465
11	108437037	109866115	1772	15	0.0002719632	0.000000274516
11	109866116	111114396	2342	15	0.0001702207	0.000000268592
11	111114397	112459487	1553	15	0.0003275613	0.000000277753
11	112459488	114257727	3202	15	0.0000964989	0.000000264300
11	114257728	114830665	1078	15	0.0010095685	0.000000218685
11	114830666	116383347	2469	15	0.0001039770	0.000000264735
11	116383348	117747109	2803	15	0.0002053345	0.000000270636
11	117747110	119215475	2410	15	0.0001906804	0.000000269783
11	119215476	120766805	2926	15	0.0003728156	0.000000280388
11	120766806	121175942	782	15	0.0004022384	0.000000172061
11	121175943	122591909	2140	15	0.0003295094	0.000000277866
11	122591910	123500116	1847	15	0.0000293650	0.000000260391
11	123500117	124495527	2460	15	-0.0000546263	0.000000255501
11	124495528	126311319	3663	15	0.0001821516	0.000000269287
11	126311320	127316678	2167	15	0.0001457708	0.000000267168
11	127316679	128188536	1545	15	0.0005033882	0.000000286735
11	128188537	130342574	3734	15	0.0000987968	0.000000264433
11	130342575	131074611	1580	15	0.0000751467	0.000000263056
11	131074612	133000045	3919	15	0.0000095515	0.000000259237
11	133000046	134205992	2065	15	0.0000444421	0.000000261269
11	134205993	134946451	2353	15	0.0000827724	0.000000263500
12	61107	1080330	1793	15	0.0002038013	0.000000270547
12	1080331	2544785	2574	15	0.0000027404	0.000000258841
12	2544786	3677036	2355	15	-0.0000631990	0.000000255001
12	3677037	4417678	1546	15	-0.0000973643	0.000000253012
12	4417679	5321471	1720	15	-0.0000068689	0.000000258281
12	5321472	6419752	2330	15	0.0003344848	0.000000278156
12	6419753	8377535	3334	15	0.0002366929	0.000000272462
12	8377536	9031394	1453	15	0.0003072874	0.000000276572
12	9031395	10481533	3081	15	0.0001473678	0.000000267261
12	10481534	11754845	2711	15	0.0001543581	0.000000267668
12	11754846	12733527	2024	15	0.0003455851	0.000000278802
12	12733528	15241483	4651	15	0.0001548804	0.000000267699
12	15241484	16310459	1075	15	0.0000830042	0.000000252925
12	16310460	18087872	2856	15	0.0002866313	0.000000275370
12	18087873	20863942	5884	15	0.0002000501	0.000000270329
12	20863943	23820633	5441	15	-0.0000016438	0.000000258585
12	23820634	25371082	3041	15	0.0002261883	0.000000271851
12	25371083	27799772	4988	15	0.0003563848	0.000000279431
12	27799773	29651254	3666	15	0.0000170806	0.000000259676
12	29651255	30512405	2608	15	0.0001792853	0.000000269120
12	30512406	32165591	3999	15	0.0002184853	0.000000271402
12	32165592	33076988	2565	15	0.0000871742	0.000000263757
12	33076989	37856716	3361	15	0.0003980869	0.000000281232
12	37856717	39227168	2081	15	0.0001988113	0.000000227471
12	39227169	40816184	2538	15	0.0003884303	0.000000281297
12	40816185	41658585	1762	15	0.0000919033	0.000000223649
12	41658586	43984473	4810	15	0.0001804981	0.000000269190
12	43984474	46024228	2743	15	0.0002684281	0.000000274310
12	46024229	47714792	2445	15	0.0002047760	0.000000270604
12	47714793	49001865	3175	15	0.0001941603	0.000000269986
12	49001866	51776493	3386	15	0.0000287282	0.000000260354
12	51776494	53039003	2597	15	0.0001399960	0.000000266832
12	53039004	54778822	2601	15	0.0000066831	0.000000259070
12	54778823	55665836	1633	15	0.0001972399	0.000000269538
12	55665837	57548859	2179	15	0.0000467519	0.000000261403
12	57548860	59308665	2327	15	0.0008306635	0.000000307045
12	59308666	61123728	2702	15	0.0000245473	0.000000259484
12	61123729	64032460	5942	15	0.0002025373	0.000000270474
12	64032461	65559694	2190	15	0.0001081639	0.000000264979
12	65559695	67181143	2346	15	-0.0000118720	0.000000257990
12	67181144	67909728	1381	15	0.0002824578	0.000000224031
12	67909729	69826541	3395	15	0.0011965620	0.000000328349
12	69826542	70957986	2621	15	0.0000623499	0.000000262311
12	70957987	72645074	2684	15	0.0001094451	0.000000265053
12	72645075	73818453	2074	15	0.0000020919	0.000000258803
12	73818454	76511313	4328	15	-0.0000528699	0.000000255603
12	76511314	78570569	3856	15	0.0002217199	0.000000271590
12	78570570	80448149	2067	15	0.0002374137	0.000000272504
12	80448150	81467766	1749	15	0.0001954136	0.000000258846
12	81467767	83502665	3393	15	0.0000742767	0.000000263006
12	83502666	84303843	1669	15	0.0000538012	0.000000183014
12	84303844	85990425	2498	15	0.0000346708	0.000000260700
12	85990426	89682121	5190	15	0.0002720328	0.000000274520
12	89682122	92066154	3303	15	0.0000737359	0.000000262974
12	92066155	94514566	4338	15	0.0000761271	0.000000263113
12	94514567	96020784	3592	15	0.0002882109	0.000000275462
12	96020785	97108838	2272	15	0.0002016284	0.000000270421
12	97108839	99305986	3962	15	0.0001070069	0.000000264911
12	99305987	101447640	3242	15	0.0001570166	0.000000267823
12	101447641	101862689	708	15	0.0001627082	0.000000134764
12	101862690	102964985	1599	15	0.0001250312	0.000000265961
12	102964986	104848695	3778	15	0.0001326121	0.000000266402
12	104848696	106436212	3195	15	0.0001171516	0.000000265502
12	106436213	106958747	833	15	0.0001080543	0.000000195294
12	106958748	109025900	3695	15	0.0003513288	0.000000279137
12	109025901	110336718	2180	15	0.0001714832	0.000000268665
12	110336719	113263517	2212	15	0.0003364078	0.000000278268
12	113263518	113986708	1146	15	0.0001006312	0.000000264540
12	113986709	115036601	2567	15	0.0004484569	0.000000284792
12	115036602	115503215	973	15	0.0002348937	0.000000270478
12	115503216	117087470	3040	15	0.0001486275	0.000000267335
12	117087471	118135374	1851	15	-0.0000723421	0.000000254469
12	118135375	119754109	3344	15	0.0000719437	0.000000262870
12	119754110	122007650	3878	15	0.0001455049	0.000000267153
12	122007651	124977979	4323	15	0.0001363448	0.000000266620
12	124977980	126445504	3237	15	0.0000037967	0.000000258902
12	126445505	127875097	3293	15	0.0002820322	0.000000275102
12	127875098	129237296	3390	15	0.0001695876	0.000000268555
12	129237297	130377920	3109	15	-0.0000825486	0.000000253875
12	130377921	131786750	4135	15	0.0000470076	0.000000261418
12	131786751	132807033	2114	15	0.0000169349	0.000000259667
12	132807034	133841510	2179	15	0.0003425298	0.000000278624
13	19020013	20686719	3869	15	-0.0000172215	0.000000257678
13	20686720	22242173	3410	15	0.0000777648	0.000000263209
13	22242174	23594701	3466	15	-0.0000447664	0.000000256075
13	23594702	24531936	2833	15	-0.0000374956	0.000000256498
13	24531937	25784361	3670	15	0.0000263212	0.000000260214
13	25784362	27284361	2739	15	0.0000888691	0.000000263855
13	27284362	29257550	4329	15	-0.0000069317	0.000000258278
13	29257551	30483266	2643	15	-0.0000072920	0.000000258257
13	30483267	32301814	3675	15	0.0001611642	0.000000268065
13	32301815	33776902	2390	15	0.0001350432	0.000000266544
13	33776903	35026463	2018	15	0.0004720761	0.000000286167
13	35026464	36046366	1236	15	0.0002076367	0.000000257085
13	36046367	37498184	2869	15	0.0002233051	0.000000271683
13	37498185	38878162	2978	15	0.0001370827	0.000000266663
13	38878163	41069262	3897	15	0.0004039459	0.000000282200
13	41069263	43101026	3221	15	0.0000401043	0.000000261016
13	43101027	44901408	3089	15	0.0002396390	0.000000272634
13	44901409	46495213	2295	15	0.0001559537	0.000000267761
13	46495214	47431078	1615	15	0.0003737738	0.000000280443
13	47431079	49383961	3307	15	0.0001188911	0.000000265603
13	49383962	51591090	3481	15	0.0001564670	0.000000267791
13	51591091	53339621	1675	15	0.0001801714	0.000000269171
13	53339622	54682863	2232	15	0.0000992446	0.000000264459
13	54682864	55817130	2058	15	0.0000675241	0.000000253883
13	55817131	57554216	2356	15	0.0000645457	0.000000240172
13	57554217	58410625	1318	15	0.0000249385	0.000000143250
13	58410626	59302270	1518	15	0.0001445978	0.000000180367
13	59302271	60854777	2781	15	0.0004312384	0.000000283789
13	60854778	61591948	1702	15	0.0001268234	0.000000253002
13	61591949	63971558	5089	15	0.0002001923	0.000000270337
13	63971559	65200601	2825	15	0.0003460058	0.000000278827
13	65200602	67844452	3954	15	0.0002075027	0.000000270763
13	67844453	70724515	6181	15	0.0003140507	0.000000276966
13	70724516	71526790	1799	15	0.0002407481	0.000000272698
13	71526791	73934088	4211	15	0.0000715693	0.000000262848
13	73934089	75670142	3284	15	0.0003593210	0.000000279602
13	75670143	77410554	3382	15	0.0000505119	0.000000261622
13	77410555	78808812	2125	15	0.0002466094	0.000000273040
13	78808813	80585675	2560	15	0.0001066744	0.000000264892
13	80585676	82581813	3769	15	0.0002928423	0.000000275731
13	82581814	84133143	2824	15	0.0003390432	0.000000278421
13	84133144	85610915	2866	15	0.0001215735	0.000000265760
13	85610916	88559881	5993	15	-0.0001110691	0.000000252214
13	88559882	90521310	3415	15	0.0001704755	0.000000268607
13	90521311	93129690	5135	15	-0.0000065697	0.000000258299
13	93129691	93586454	696	15	0.0001362265	0.000000125435
13	93586455	96087557	5290	15	0.0000721129	0.000000262880
13	96087558	97519209	1868	15	0.0002781131	0.000000274874
13	97519210	98938918	1947	15	0.0000345690	0.000000260694
13	98938919	100574094	3389	15	0.0002857721	0.000000275320
13	100574095	102300522	3366	15	0.0001095373	0.000000265059
13	102300523	104066709	3520	15	0.0000741515	0.000000262998
13	104066710	104844113	1588	15	0.0000558199	0.000000261931
13	104844114	106247553	2840	15	0.0003259294	0.000000277658
13	106247554	106749999	1311	15	0.0003703780	0.000000280246
13	106750000	108189876	2578	15	0.0001590837	0.000000267943
13	108189877	109121209	1982	15	0.0001371113	0.000000266664
13	109121210	109815111	1621	15	0.0000182647	0.000000259745
13	109815112	111232072	3531	15	0.0001940997	0.000000269982
13	111232073	112247591	2422	15	0.0001145795	0.000000265352
13	112247592	113572487	2489	15	0.0000520909	0.000000261714
13	113572488	115109852	2974	15	0.0001584447	0.000000267906
14	19002084	21589401	3914	15	0.0002629832	0.000000273993
14	21589402	23018664	3732	15	0.0002349804	0.000000272362
14	23018665	24905122	3443	15	0.0000317400	0.000000260529
14	24905123	26135685	2880	15	0.0001611271	0.000000268062
14	26135686	28466532	3858	15	0.0002575317	0.000000273675
14	28466533	29972144	2224	15	0.0000729786	0.000000262930
14	29972145	32383264	3333	15	0.0001589231	0.000000267934
14	32383265	34846250	4981	15	0.0002666915	0.000000274209
14	34846251	35859592	2242	15	0.0003246618	0.000000277584
14	35859593	38667724	3863	15	0.0000152121	0.000000259567
14	38667725	40341989	3192	15	0.0001380503	0.000000266719
14	40341990	41615501	3180	15	0.0001605879	0.000000268031
14	41615502	43137388	2744	15	-0.0000235160	0.000000257312
14	43137389	44543226	2748	15	0.0001281905	0.000000266145
14	44543227	46081895	2269	15	0.0003394756	0.000000278447
14	46081896	46749129	1353	15	0.0001427476	0.000000140455
14	46749130	48573585	3748	15	0.0001184084	0.000000265575
14	48573586	49005470	926	15	0.0000080044	0.000000105271
14	49005471	50507759	2466	15	0.0000768377	0.000000263155
14	50507760	51493571	1627	15	0.0000641076	0.000000262414
14	51493572	53474382	4118	15	0.0000789125	0.000000263276
14	53474383	53997830	1062	15	0.0000841302	0.000000149897
14	53997831	55233680	1735	15	0.0002548633	0.000000273520
14	55233681	56216879	1831	15	0.0000957848	0.000000248731
14	56216880	57481261	2625	15	0.0000502227	0.000000261605
14	57481262	59448335	3407	15	0.0003819117	0.000000280917
14	59448336	61680423	3301	15	0.0000785238	0.000000263253
14	61680424	63790014	3733	15	0.0001241928	0.000000265912
14	63790015	65220297	1950	15	0.0001608938	0.000000268049
14	65220298	66399554	2014	15	0.0001410371	0.000000266893
14	66399555	67992316	2120	15	0.0004526034	0.000000283779
14	67992317	71131956	5533	15	0.0001605357	0.000000268028
14	71131957	72889614	2991	15	-0.0000349055	0.000000256649
14	72889615	76444766	5682	15	0.0001510581	0.000000267476
14	76444767	77229471	1613	15	0.0000177943	0.000000259717
14	77229472	78561944	3115	15	-0.0000560422	0.000000255418
14	78561945	80186578	2310	15	-0.0000009231	0.000000258627
14	80186579	81579713	2533	15	-0.0000477491	0.000000255901
14	81579714	83138096	2517	15	0.0002881740	0.000000275460
14	83138097	84241632	2130	15	0.0000524569	0.000000261735
14	84241633	85746318	2825	15	0.0000754155	0.000000263072
14	85746319	86647001	1597	15	0.0003027467	0.000000276308
14	86647002	87635340	1758	15	0.0000899138	0.000000263916
14	87635341	89497642	3211	15	0.0003069774	0.000000276554
14	89497643	91296859	3390	15	0.0001022227	0.000000264633
14	91296860	93132298	3668	15	0.0001583562	0.000000267901
14	93132299	94325284	2066	15	-0.0000022180	0.000000258552
14	94325285	95750866	3762	15	-0.0000011508	0.000000258614
14	95750867	96262414	1479	15	0.0001590347	0.000000267941
14	96262415	98341161	3835	15	-0.0000735092	0.000000254401
14	98341162	99138531	1959	15	0.0003137266	0.000000276320
14	99138532	101534306	3976	15	0.0000055118	0.000000259002
14	101534307	103012101	2424	15	0.0002745616	0.000000274667
14	103012102	105001722	3381	15	0.0001543851	0.000000267670
14	105001723	106340357	2152	15	0.0004071230	0.000000282385
14	106340358	107289453	3124	15	-0.0000094033	0.000000258134
15	20001200	21131603	221	14	-0.0000254388	0.000000040861
15	21131604	24195126	2391	15	0.0000379730	0.000000260892
15	24195127	25108589	3663	15	0.0003012138	0.000000276219
15	25108590	27298111	4357	15	0.0000122661	0.000000259395
15	27298112	29338501	2791	15	0.0001474742	0.000000267268
15	29338502	30165567	1441	15	0.0000976365	0.000000264366
15	30165568	31591820	1642	15	0.0000586496	0.000000262096
15	31591821	32441810	1402	15	0.0001050584	0.000000264798
15	32441811	34015424	2809	15	-0.0000682829	0.000000254705
15	34015425	35083250	2559	15	-0.0001348118	0.000000250832
15	35083251	37456501	4174	15	0.0001019645	0.000000264618
15	37456502	38530776	1955	15	0.0002385783	0.000000272572
15	38530777	40384131	3381	15	0.0001767371	0.000000268971
15	40384132	41177513	1160	15	0.0000177774	0.000000246658
15	41177514	42776398	2384	15	0.0003264413	0.000000277688
15	42776399	44198048	1111	15	0.0004718839	0.000000197622
15	44198049	46618786	2634	15	0.0002818360	0.000000275091
15	46618787	48136047	2679	15	0.0002502973	0.000000273254
15	48136048	50008042	2076	15	0.0000396545	0.000000260990
15	50008043	51677559	2993	15	0.0003318748	0.000000278004
15	51677560	53069095	1940	15	0.0000676804	0.000000262622
15	53069096	54508527	3064	15	-0.0000254286	0.000000257201
15	54508528	55136268	1455	15	0.0000500347	0.000000260342
15	55136269	56901772	3811	15	0.0001802570	0.000000269176
15	56901773	58441365	2485	15	-0.0000003997	0.000000258658
15	58441366	59694115	2210	15	0.0001272363	0.000000266089
15	59694116	61265835	2677	15	0.0002313856	0.000000272153
15	61265836	63215221	3478	15	0.0000791603	0.000000263290
15	63215222	65104667	2615	15	0.0001533246	0.000000267608
15	65104668	67094766	3115	15	0.0000864869	0.000000263717
15	67094767	69017998	3087	15	0.0002571306	0.000000273652
15	69017999	70133340	1257	15	0.0001243678	0.000000265922
15	70133341	71922648	3043	15	0.0000239764	0.000000260077
15	71922649	73628713	1639	15	0.0000080899	0.000000258526
15	73628714	76398623	3088	15	0.0001570249	0.000000267824
15	76398624	78516052	3324	15	0.0002223221	0.000000271625
15	78516053	80860977	4974	15	0.0000538036	0.000000261814
15	80860978	84260467	3939	15	0.0000158314	0.000000259603
15	84260468	86652904	4393	15	0.0000256610	0.000000260175
15	86652905	88369942	3459	15	-0.0000564193	0.000000255396
15	88369943	90475550	3448	15	0.0003711384	0.000000280290
15	90475551	92164391	3487	15	0.0001900067	0.000000269744
15	92164392	93780901	3710	15	-0.0000170886	0.000000257686
15	93780902	94924329	3066	15	0.0002087066	0.000000270833
15	94924330	96141595	2471	15	0.0002376362	0.000000272517
15	96141596	98030909	3375	15	0.0000062617	0.000000259046
15	98030910	99244058	3127	15	0.0000638983	0.000000262401
15	99244059	100636846	3209	15	-0.0000249901	0.000000257226
15	100636847	101552693	2223	15	0.0001599673	0.000000267995
15	101552694	102520965	1958	15	0.0001490594	0.000000267360
16	60054	1207205	2661	15	0.0001123575	0.000000265223
16	1207206	2764828	2985	15	0.0000043116	0.000000258932
16	2764829	4001195	1942	15	0.0001112330	0.000000265157
16	4001196	5118344	2073	15	0.0002570941	0.000000273650
16	5118345	5891579	2282	15	0.0000278752	0.000000260304
16	5891580	6893550	3030	15	0.0000513113	0.000000261669
16	6893551	7529120	2423	15	0.0003213789	0.000000277393
16	7529121	8338518	2738	15	0.0001868472	0.000000269560
16	8338519	9799418	4102	15	0.0002429462	0.000000272826
16	9799419	10426031	1710	15	0.0000630616	0.000000262353
16	10426032	11520160	2712	15	0.0003963479	0.000000281758
16	11520161	12613097	2280	15	0.0003395259	0.000000278449
16	12613098	13154436	1772	15	0.0001136284	0.000000265297
16	13154437	14464001	2715	15	0.0001555570	0.000000267738
16	14464002	16154059	1578	15	0.0000720317	0.000000262875
16	16154060	17644748	2093	15	0.0003137730	0.000000276950
16	17644749	18643606	1173	15	0.0004892218	0.000000287165
16	18643607	20150570	2544	15	0.0004054738	0.000000282289
16	20150571	22448903	2401	15	0.0000813030	0.000000263415
16	22448904	24136874	2442	15	0.0008232951	0.000000306616
16	24136875	25986861	3931	15	0.0001904257	0.000000269768
16	25986862	27445754	3293	15	0.0002050395	0.000000270619
16	27445755	29036612	1562	15	0.0005257453	0.000000289292
16	29036613	31382942	2125	15	0.0007002365	0.000000299451
16	31382943	46399472	1178	15	-0.0000161749	0.000000257739
16	46399473	49007925	1591	15	0.0001103116	0.000000265104
16	49007926	52035822	4661	15	0.0001614749	0.000000268083
16	52035823	53382571	2209	15	0.0001051703	0.000000264804
16	53382572	55903773	5181	15	0.0000327522	0.000000260588
16	55903774	57664329	3052	15	0.0000860094	0.000000263689
16	57664330	59045404	2991	15	0.0000585073	0.000000262088
16	59045405	60745693	3047	15	0.0000035523	0.000000258888
16	60745694	62229848	1954	15	0.0002940307	0.000000275801
16	62229849	63691588	2450	15	0.0000239196	0.000000260074
16	63691589	65938565	4132	15	0.0001042746	0.000000264752
16	65938566	68841362	3037	15	0.0003618483	0.000000279749
16	68841363	71054027	2451	15	0.0005933582	0.000000293228
16	71054028	72935149	2310	15	0.0001487777	0.000000267343
16	72935150	74971502	3514	15	0.0001408520	0.000000266882
16	74971503	75977953	1751	15	0.0002914214	0.000000275649
16	75977954	77523677	3934	15	0.0000222341	0.000000259976
16	77523678	78456291	3439	15	0.0000694938	0.000000262727
16	78456292	79134814	2244	15	0.0004640686	0.000000285701
16	79134815	80297373	3037	15	0.0002348817	0.000000272357
16	80297374	81772535	3794	15	0.0003624049	0.000000279782
16	81772536	82747727	2609	15	0.0001861829	0.000000269521
16	82747728	83477207	2522	15	-0.0000379857	0.000000256469
16	83477208	84445882	3133	15	0.0000967366	0.000000264313
16	84445883	85148684	2416	15	0.0000665435	0.000000262555
16	85148685	86156598	2467	15	0.0005566150	0.000000291089
16	86156599	86815410	2034	15	0.0002615238	0.000000273908
16	86815411	87647348	1682	15	0.0001149336	0.000000265373
16	87647349	89041164	4030	15	0.0001989931	0.000000270267
16	89041165	90292811	2684	15	0.0000215448	0.000000259936
17	56	1172398	2910	15	0.0001437048	0.000000267048
17	1172399	1928730	1857	15	0.0002146595	0.000000271179
17	1928731	3702311	3757	15	0.0000263221	0.000000260214
17	3702312	4696260	2181	15	0.0003341833	0.000000278138
17	4696261	5741333	2355	15	0.0004665427	0.000000285845
17	5741334	7317397	3413	15	0.0001105485	0.000000265118
17	7317398	8306424	1629	15	0.0001716975	0.000000268678
17	8306425	9965920	3313	15	0.0000655712	0.000000262499
17	9965921	11102814	2256	15	0.0000382568	0.000000260909
17	11102815	12534768	2594	15	0.0000048291	0.000000258962
17	12534769	13180371	1615	15	0.0001883684	0.000000269649
17	13180372	13894636	1942	15	0.0002630128	0.000000273995
17	13894637	15019096	3025	15	0.0002144852	0.000000271169
17	15019097	16412341	1958	15	0.0000765698	0.000000263139
17	16412342	18856319	3515	15	0.0001514973	0.000000267502
17	18856320	21290356	2395	15	0.0000223595	0.000000259983
17	21290357	27334243	3202	15	0.0004872224	0.000000287049
17	27334244	29786490	2488	15	0.0001191593	0.000000265619
17	29786491	31538424	2806	15	0.0001086899	0.000000265009
17	31538425	32912797	3218	15	0.0000635567	0.000000262382
17	32912798	34469035	2493	15	-0.0000384255	0.000000256444
17	34469036	36809343	2771	15	0.0002725167	0.000000274548
17	36809344	38877403	2407	15	0.0012837081	0.000000333423
17	38877404	39899809	2228	15	0.0001922613	0.000000269875
17	39899810	41772086	2190	15	0.0006529659	0.000000296699
17	41772087	43056904	1749	15	0.0001789310	0.000000269099
17	43056905	45876021	2509	15	0.0002051726	0.000000270627
17	45876022	47517399	2725	15	0.0000807797	0.000000263384
17	47517400	49898956	3600	15	0.0000651099	0.000000262472
17	49898957	50719054	1309	15	0.0000145330	0.000000167809
17	50719055	51826117	2094	15	0.0002215858	0.000000268453
17	51826118	53599431	3049	15	0.0001390476	0.000000266777
17	53599432	55357540	2890	15	0.0002734852	0.000000274604
17	55357541	57487511	2815	15	0.0002671389	0.000000274235
17	57487512	59312754	1279	15	0.0001705413	0.000000215773
17	59312755	61545588	2343	15	0.0004167671	0.000000282947
17	61545589	63148127	1533	15	0.0001404726	0.000000266860
17	63148128	64800429	3572	15	-0.0000354215	0.000000256619
17	64800430	67858769	5026	15	0.0005339842	0.000000289771
17	67858770	69387816	3072	15	0.0001904384	0.000000269769
17	69387817	72672202	6598	15	0.0000609814	0.000000262232
17	72672203	74375559	2501	15	0.0001977610	0.000000270195
17	74375560	76263412	4262	15	0.0002106728	0.000000270947
17	76263413	77298635	2624	15	0.0006288475	0.000000295295
17	77298636	78837587	3615	15	-0.0000447577	0.000000256075
17	78837588	80034407	2654	15	0.0002445035	0.000000272917
17	80034408	81194907	2621	15	0.0002776092	0.000000274844
18	10644	912485	2323	15	0.0000367624	0.000000260822
18	912486	1942910	2177	15	0.0001399944	0.000000266832
18	1942911	3891657	4700	15	0.0001345134	0.000000266513
18	3891658	5834179	4178	15	0.0002554778	0.000000273556
18	5834180	7090484	2402	15	0.0000715676	0.000000262848
18	7090485	8498930	2666	15	0.0001232919	0.000000265860
18	8498931	11075912	6313	15	0.0000557583	0.000000261928
18	11075913	11905439	1732	15	0.0001339794	0.000000266482
18	11905440	14440798	5376	15	-0.0000177089	0.000000257650
18	14440799	19485843	1406	15	0.0002287047	0.000000271997
18	19485844	20649471	1683	15	0.0001722292	0.000000268709
18	20649472	22996650	3386	15	0.0000405483	0.000000261042
18	22996651	24026190	1430	15	0.0000551364	0.000000261891
18	24026191	25927681	3001	15	-0.0000638253	0.000000254965
18	25927682	26875586	1346	15	-0.0000562196	0.000000172120
18	26875587	27866477	1852	15	0.0001074705	0.000000253111
18	27866478	30264065	4247	15	0.0000468096	0.000000261407
18	30264066	31780066	1793	15	0.0005184488	0.000000288239
18	31780067	33861963	2995	15	0.0002603761	0.000000273841
18	33861964	35075249	1836	15	0.0001567791	0.000000267809
18	35075250	36365489	2204	15	0.0003123726	0.000000276868
18	36365490	37684366	1773	15	0.0002949801	0.000000269606
18	37684367	39892647	3818	15	0.0001389669	0.000000266772
18	39892648	42922105	4845	15	0.0001931001	0.000000269924
18	42922106	44299245	2705	15	-0.0000556189	0.000000255443
18	44299246	45939731	2811	15	0.0002222466	0.000000271621
18	45939732	47730583	3610	15	0.0003957331	0.000000281722
18	47730584	51062184	5895	15	0.0004834686	0.000000286830
18	51062185	51554174	1478	15	0.0001793809	0.000000137823
18	51554175	55213837	5101	15	0.0001675409	0.000000268436
18	55213838	56530219	3040	15	0.0003140477	0.000000276966
18	56530220	57630482	2586	15	0.0003353249	0.000000278205
18	57630483	59020750	2148	15	0.0000832090	0.000000263526
18	59020751	60277714	2708	15	0.0002736628	0.000000274615
18	60277715	61820251	2665	15	0.0002304840	0.000000272101
18	61820252	63463401	3051	15	0.0000021776	0.000000258808
18	63463402	64252800	1599	15	0.0001574627	0.000000218549
18	64252801	66125816	4160	15	0.0000846672	0.000000263611
18	66125817	67175819	1702	15	0.0001533489	0.000000267610
18	67175820	68621178	2377	15	0.0001820910	0.000000269283
18	68621179	69621617	2440	15	0.0002155007	0.000000271228
18	69621618	71038473	3237	15	0.0001301267	0.000000266258
18	71038474	71971461	2302	15	0.0001447710	0.000000267110
18	71971462	73526986	2654	15	0.0001212633	0.000000265741
18	73526987	74813814	2928	15	0.0001423174	0.000000266967
18	74813815	75976316	3517	15	0.0001829574	0.000000269334
18	75976317	77149990	3005	15	0.0001277836	0.000000266121
18	77149991	78017157	2204	15	0.0005335694	0.000000289747
19	80840	610728	1167	15	0.0000331629	0.000000260612
19	610729	2098395	3385	15	-0.0000073290	0.000000258254
19	2098396	3019659	2220	15	0.0001675454	0.000000268436
19	3019660	4348966	3003	15	0.0002294389	0.000000272040
19	4348967	5811851	3098	15	0.0000127564	0.000000259424
19	5811852	6684884	1668	15	0.0001366930	0.000000266640
19	6684885	8347512	4251	15	0.0001945491	0.000000270008
19	8347513	9238392	1754	15	0.0000286783	0.000000260351
19	9238393	11284027	3747	15	0.0001547012	0.000000267688
19	11284028	13471126	3005	15	0.0000710457	0.000000262818
19	13471127	14486346	1675	15	0.0001336413	0.000000266462
19	14486347	15648609	2516	15	0.0000535812	0.000000261801
19	15648610	16374415	2651	15	-0.0000277860	0.000000257063
19	16374416	18409861	4153	15	0.0003083138	0.000000276632
19	18409862	19877470	2103	15	0.0001367029	0.000000266640
19	19877471	20905756	2360	15	-0.0000009262	0.000000258627
19	20905757	22732895	4885	15	0.0001494306	0.000000267381
19	22732896	23467745	1836	15	0.0001587777	0.000000213329
19	23467746	28557892	2915	15	-0.0000755838	0.000000254280
19	28557893	29790946	3133	15	0.0000154609	0.000000259581
19	29790947	30727953	1956	15	0.0003669032	0.000000280043
19	30727954	32746519	2713	15	0.0002328301	0.000000272237
19	32746520	34262951	3296	15	0.0001580040	0.000000267881
19	34262952	36469294	3950	15	0.0000286995	0.000000260352
19	36469295	37527032	1823	15	0.0001697061	0.000000265433
19	37527033	40170618	4171	15	0.0001766351	0.000000268965
19	40170619	40984600	1176	15	0.0000732647	0.000000262947
19	40984601	42131572	2048	15	0.0002347830	0.000000272351
19	42131573	43862454	2902	15	0.0004730075	0.000000286221
19	43862455	44744107	1612	15	0.0001904813	0.000000269772
19	44744108	46102696	2545	15	0.0001216277	0.000000265763
19	46102697	47150081	2124	15	0.0003075478	0.000000276588
19	47150082	49282226	3862	15	0.0004051048	0.000000282268
19	49282227	51532566	4247	15	0.0000201892	0.000000259857
19	51532567	52985289	3516	15	0.0001196209	0.000000265646
19	52985290	54602361	5482	15	0.0000168474	0.000000259662
19	54602362	55728079	3215	15	0.0002083940	0.000000270815
19	55728080	57521334	4156	15	0.0000185205	0.000000259759
19	57521335	59118838	3173	15	0.0001658333	0.000000268336
20	60479	697599	1342	15	0.0000378996	0.000000260888
20	697600	2469500	4250	15	0.0001106504	0.000000265124
20	2469501	3828412	2743	15	0.0000251366	0.000000260145
20	3828413	5477849	4169	15	0.0000194149	0.000000259812
20	5477850	7084072	3429	15	0.0001473559	0.000000267261
20	7084073	8117010	2009	15	-0.0000350598	0.000000256640
20	8117011	9730920	2989	15	0.0000496039	0.000000261569
20	9730921	11249535	3044	15	0.0001474034	0.000000267263
20	11249536	12447498	2433	15	0.0001182890	0.000000264942
20	12447499	13689863	2627	15	0.0000223815	0.000000259984
20	13689864	15958358	3964	15	0.0001689070	0.000000268515
20	15958359	17487231	3680	15	0.0004006417	0.000000282008
20	17487232	18972202	3239	15	0.0002788773	0.000000274918
20	18972203	20959709	3153	15	0.0000776687	0.000000263203
20	20959710	22491455	1903	15	0.0002512580	0.000000273310
20	22491456	23293789	1436	15	0.0001065885	0.000000264887
20	23293790	24717723	2868	15	-0.0000422681	0.000000256220
20	24717724	25344230	1507	15	-0.0000116634	0.000000193545
20	25344231	31614822	4041	15	0.0004795133	0.000000286600
20	31614823	32813440	1238	15	0.0005632737	0.000000291477
20	32813441	34960445	2227	15	0.0004019801	0.000000282086
20	34960446	36909529	2305	15	-0.0000799730	0.000000254025
20	36909530	38436760	2294	15	0.0002904162	0.000000275590
20	38436761	39610855	2022	15	0.0002358756	0.000000272415
20	39610856	40585688	1343	15	0.0001360465	0.000000234616
20	40585689	41615459	1916	15	-0.0000949315	0.000000253154
20	41615460	42680175	1849	15	0.0001111146	0.000000265151
20	42680176	44839055	3607	15	0.0001179103	0.000000265546
20	44839056	47199979	4283	15	0.0002227339	0.000000271649
20	47199980	49239657	3780	15	0.0003185153	0.000000277226
20	49239658	52472548	6319	15	-0.0000076598	0.000000258235
20	52472549	54055265	2898	15	0.0001970941	0.000000270157
20	54055266	56447958	5055	15	0.0000223593	0.000000259983
20	56447959	58406571	3313	15	0.0000300524	0.000000260431
20	58406572	59561723	2003	15	0.0002764630	0.000000274778
20	59561724	61301854	4417	15	0.0001475950	0.000000267275
20	61301855	62190179	2387	15	0.0001125179	0.000000265232
20	62190180	62965162	1660	15	0.0007979983	0.000000305143
21	9411243	15950981	3001	15	0.0000938467	0.000000264145
21	15950982	18053164	3169	15	0.0005147786	0.000000288653
21	18053165	19480374	2770	15	0.0000597118	0.000000262158
21	19480375	20962338	3499	15	0.0000704035	0.000000262780
21	20962339	22072763	2584	15	-0.0000546667	0.000000255498
21	22072764	23362874	2973	15	0.0001234369	0.000000265868
21	23362875	24696230	2547	15	-0.0000459750	0.000000256004
21	24696231	26469121	4197	15	0.0001221372	0.000000265792
21	26469122	27271018	1248	15	0.0002061991	0.000000211402
21	27271019	29125225	4161	15	0.0003213026	0.000000277388
21	29125226	31197024	3995	15	0.0000486784	0.000000261515
21	31197025	32668641	2696	15	0.0001445477	0.000000267097
21	32668642	34376998	3360	15	0.0002700923	0.000000274407
21	34376999	35225464	1287	15	0.0002211398	0.000000271557
21	35225465	36524372	2365	15	0.0000556511	0.000000261921
21	36524373	37870778	2675	15	-0.0000301900	0.000000256923
21	37870779	38711703	1618	15	0.0001798562	0.000000269153
21	38711704	40482901	3477	15	0.0005802470	0.000000292465
21	40482902	41389526	2470	15	0.0002656790	0.000000274150
21	41389527	43321527	4606	15	-0.0000284923	0.000000257022
21	43321528	44506267	3435	15	0.0000946991	0.000000264195
21	44506268	46177104	3275	15	0.0004900989	0.000000287216
21	46177105	47492225	3099	15	0.0001883657	0.000000269648
21	47492226	48119751	1690	15	0.0002071750	0.000000270744
22	16050408	17674294	1673	15	0.0000575465	0.000000262032
22	17674295	18296087	1482	15	0.0002705697	0.000000274435
22	18296088	19912357	2924	15	0.0002822171	0.000000275113
22	19912358	22357324	3271	15	0.0002881597	0.000000275459
22	22357325	23712646	3560	15	0.0001253455	0.000000265979
22	23712647	24984203	2302	15	0.0002126184	0.000000271060
22	24984204	26791627	3560	15	0.0002968093	0.000000275962
22	26791628	27834751	2656	15	0.0002903393	0.000000275586
22	27834752	29651798	2376	15	0.0000382790	0.000000260910
22	29651799	31439917	2632	15	0.0004574783	0.000000285317
22	31439918	32664985	1779	15	0.0002553884	0.000000273551
22	32664986	34494913	3916	15	0.0001365431	0.000000266631
22	34494914	35530984	2449	15	0.0001511876	0.000000267484
22	35530985	37570268	4064	15	0.0003836734	0.000000281020
22	37570269	39307893	2705	15	0.0004090756	0.000000282499
22	39307894	40545796	1897	15	0.0006959340	0.000000299201
22	40545797	42690817	2569	15	0.0000212201	0.000000259917
22	42690818	43714199	2350	15	0.0000814691	0.000000263425
22	43714200	44995307	3141	15	0.0001913555	0.000000269822
22	44995308	46470494	3647	15	0.0003196276	0.000000277291
22	46470495	47596317	2649	15	0.0001157972	0.000000265423
22	47596318	48903702	3245	15	-0.0000651855	0.000000254886
22	48903703	49824533	4122	15	0.0000483186	0.000000261494
22	49824534	51243297	3167	15	0.0003763546	0.000000280594
